-84
-83.7004
-83.3298
-82.914
-82.4827
-82.056
-81.6449
-81.2547
-80.8872
-80.5423
-80.2189
-79.9154
-79.6299
-79.3604
-79.1051
-78.8622
-78.6302
-78.4076
-78.1934
-77.9864
-77.7858
-77.5908
-77.4008
-77.2154
-77.0342
-76.8568
-76.6829
-76.5123
-76.3449
-76.1806
-76.0191
-75.8604
-75.7044
-75.5511
-75.4005
-75.2524
-75.1068
-74.9638
-74.8232
-74.6852
-74.5496
-74.4166
-74.2861
-74.1581
-74.0324
-73.9092
-73.7884
-73.6702
-73.5544
-73.4412
-73.3305
-73.2223
-73.1167
-73.0138
-72.9135
-72.8158
-72.7209
-72.6287
-72.5394
-72.4529
-72.3693
-72.2886
-72.2108
-72.1361
-72.0643
-71.9957
-71.9301
-71.8677
-71.8085
-71.7526
-71.6999
-71.6506
-71.6046
-71.562
-71.5228
-71.4871
-71.4548
-71.4261
-71.4008
-71.3791
-71.3609
-71.3462
-71.3349
-71.3272
-71.3229
-71.3221
-71.3247
-71.3307
-71.34
-71.3527
-71.3686
-71.3877
-71.41
-71.4354
-71.4638
-71.4951
-71.5293
-71.5663
-71.6059
-71.6482
-71.693
-71.7402
-71.7897
-71.8414
-71.8953
-71.9512
-72.009
-72.0687
-72.13
-72.193
-72.2575
-72.3234
-72.3907
-72.4591
-72.5287
-72.5994
-72.6709
-72.7433
-72.8163
-72.89
-72.9641
-73.0386
-73.1135
-73.1886
-73.2638
-73.3391
-73.4144
-73.4896
-73.5646
-73.6395
-73.7141
-73.7883
-73.8621
-73.9354
-74.0081
-74.0803
-74.1517
-74.2225
-74.2925
-74.3617
-74.4301
-74.4976
-74.5642
-74.6299
-74.6946
-74.7584
-74.8211
-74.8829
-74.9435
-75.0031
-75.0616
-75.119
-75.1753
-75.2304
-75.2844
-75.3372
-75.3888
-75.4394
-75.4887
-75.5369
-75.584
-75.6299
-75.6747
-75.7183
-75.7609
-75.8023
-75.8426
-75.8817
-75.9198
-75.9569
-75.9928
-76.0276
-76.0614
-76.0942
-76.1259
-76.1566
-76.1863
-76.215
-76.2427
-76.2695
-76.2953
-76.3202
-76.3442
-76.3673
-76.3895
-76.4108
-76.4313
-76.451
-76.4698
-76.4879
-76.5051
-76.5217
-76.5374
-76.5525
-76.5668
-76.5804
-76.5934
-76.6057
-76.6173
-76.6284
-76.6388
-76.6486
-76.6578
-76.6665
-76.6746
-76.6821
-76.6892
-76.6957
-76.7018
-76.7073
-76.7124
-76.7171
-76.7213
-76.7251
-76.7285
-76.7314
-76.734
-76.7362
-76.7381
-76.7396
-76.7407
-76.7416
-76.7421
-76.7423
-76.7422
-76.7418
-76.7412
-76.7403
-76.7391
-76.7377
-76.736
-76.7342
-76.7321
-76.7298
-76.7273
-76.7246
-76.7218
-76.7188
-76.7156
-76.7122
-76.7087
-76.7051
-76.7013
-76.6974
-76.6933
-76.6892
-76.6849
-76.6806
-76.6761
-76.6716
-76.667
-76.6623
-76.6575
-76.6527
-76.6478
-76.6428
-76.6378
-76.6328
-76.6277
-76.6226
-76.6174
-76.6123
-76.6071
-76.6018
-76.5966
-76.5914
-76.5861
-76.5808
-76.5756
-76.5703
-76.5651
-76.5599
-76.5546
-76.5494
-76.5442
-76.5391
-76.5339
-76.5288
-76.5237
-76.5187
-76.5137
-76.5087
-76.5037
-76.4988
-76.494
-76.4891
-76.4844
-76.4796
-76.475
-76.4703
-76.4657
-76.4612
-76.4567
-76.4523
-76.448
-76.4437
-76.4394
-76.4352
-76.4311
-76.427
-76.423
-76.4191
-76.4152
-76.4114
-76.4076
-76.4039
-76.4003
-76.3968
-76.3933
-76.3898
-76.3865
-76.3832
-76.3799
-76.3768
-76.3737
-76.3706
-76.3676
-76.3647
-76.3619
-76.3591
-76.3564
-76.3538
-76.3512
-76.3486
-76.3462
-76.3438
-76.3415
-76.3392
-76.337
-76.3348
-76.3328
-76.3307
-76.3288
-76.3269
-76.325
-76.3232
-76.3215
-76.3198
-76.3182
-76.3166
-76.3151
-76.3136
-76.3122
-76.3109
-76.3096
-76.3083
-76.3071
-76.306
-76.3049
-76.3038
-76.3028
-76.3019
-76.3009
-76.3001
-76.2992
-76.2985
-76.2977
-76.297
-76.2964
-76.2957
-76.2952
-76.2946
-76.2941
-76.2936
-76.2932
-76.2928
-76.2925
-76.2921
-76.2918
-76.2916
-76.2913
-76.2911
-76.2909
-76.2908
-76.2907
-76.2906
-76.2905
-76.2905
-76.2905
-76.2905
-76.2905
-76.2906
-76.2906
-76.2907
-76.2909
-76.291
-76.2912
-76.2913
-76.2915
-76.2917
-76.292
-76.2922
-76.2925
-76.2927
-76.293
-76.2933
-76.2936
-76.294
-76.2943
-76.2947
-76.295
-76.2954
-76.2958
-76.2962
-76.2966
-76.297
-76.2974
-76.2978
-76.2982
-76.2987
-76.2991
-76.2995
-76.3
-76.3004
-76.3009
-76.3014
-76.3018
-76.3023
-76.3028
-76.3032
-76.3037
-76.3042
-76.3047
-76.3051
-76.3056
-76.3061
-76.3066
-76.3071
-76.3075
-76.308
-76.3085
-76.309
-76.3094
-76.3099
-76.3104
-76.3108
-76.3113
-76.3118
-76.3122
-76.3127
-76.3131
-76.3136
-76.314
-76.3145
-76.3149
-76.3153
-76.3158
-76.3162
-76.3166
-76.317
-76.3174
-76.3179
-76.3183
-76.3187
-76.319
-76.3194
-76.3198
-76.3202
-76.3206
-76.3209
-76.3213
-76.3216
-76.322
-76.3223
-76.3227
-76.323
-76.3233
-76.3237
-76.324
-76.3243
-76.3246
-76.3249
-76.3252
-76.3255
-76.3258
-76.326
-76.3263
-76.3266
-76.3268
-76.3271
-76.3273
-76.3276
-76.3278
-76.328
-76.3283
-76.3285
-76.3287
-76.3289
-76.3291
-76.3293
-76.3295
-76.3297
-76.3299
-76.3301
-76.3303
-76.3304
-76.3306
-76.3308
-76.3309
-76.3311
-76.3312
-76.3313
-76.3315
-76.3316
-76.3317
-76.3319
-76.332
-76.3321
-76.3322
-76.3323
-76.3324
-76.3325
-76.3326
-76.3327
-76.3328
-76.3329
-76.333
-76.333
-76.3331
-76.3332
-76.3333
-76.3333
-76.3334
-76.3334
-76.3335
-76.3335
-76.3336
-76.3336
-76.3337
-76.3337
-76.3338
-76.3338
-76.3338
-76.3339
-76.3339
-76.3339
-76.3339
-76.334
-76.334
-76.334
-76.334
-76.334
-76.334
-76.334
-76.334
-76.3341
-76.3341
-76.3341
-76.3341
-76.3341
-76.3341
-76.3341
-76.334
-76.334
-76.334
-76.334
-76.334
-76.334
-76.334
-76.334
-76.334
-76.3339
-76.3339
-76.3339
-76.3339
-76.3339
-76.3339
-76.3338
-76.3338
-76.3338
-76.3338
-76.3337
-76.3337
-76.3337
-76.3337
-76.3336
-76.3336
-76.3336
-76.3336
-76.3335
-76.3335
-76.3335
-76.3335
-76.3334
-76.3334
-76.3334
-76.3334
-76.3333
-76.3333
-76.3333
-76.3332
-76.3332
-76.3332
-76.3332
-76.3331
-76.3331
-76.3331
-76.333
-76.333
-76.333
-76.333
-76.3329
-76.3329
-76.3329
-76.3329
-76.3328
-76.3328
-76.3328
-76.3328
-76.3327
-76.3327
-76.3327
-76.3327
-76.3326
-76.3326
-76.3326
-76.3326
-76.3325
-76.3325
-76.3325
-76.3325
-76.3324
-76.3324
-76.3324
-76.3324
-76.3324
-76.3323
-76.3323
-76.3323
-76.3323
-76.3323
-76.3323
-76.3322
-76.3322
-76.3322
-76.3322
-76.3322
-76.3322
-76.3321
-76.3321
-76.3321
-76.3321
-76.3321
-76.3321
-76.3321
-76.332
-76.332
-76.332
-76.332
-76.332
-76.332
-76.332
-76.332
-76.332
-76.3319
-76.3319
-76.3319
-76.3319
-76.3319
-76.3319
-76.3319
-76.3319
-76.3319
-76.3319
-76.3319
-76.3319
-76.3318
-76.3318
-76.3318
-76.3318
-76.3318
-76.3318
-76.3318
-76.3318
-76.3318
-76.3318
-76.3318
-76.3318
-76.3318
-76.3318
-76.3318
-76.3318
-76.3318
-76.3318
-76.3318
-76.3318
-76.3318
-76.3318
-76.3318
-76.3318
-76.3318
-76.3318
-76.3318
-76.3318
-76.3318
-76.3318
-76.3318
-76.3318
-76.3318
-76.3318
-76.3318
-76.3318
-76.3318
-76.3318
-76.3318
-76.3318
-76.3318
-76.3318
-76.3318
-76.3318
-76.3318
-76.3318
-76.3318
-76.3318
-76.3318
-76.3318
-76.3318
-76.3318
-76.3318
-76.3318
-76.3318
-76.3318
-76.3318
-76.3318
-76.3318
-76.3318
-76.3318
-76.3318
-76.3318
-76.3318
-76.3319
-76.3319
-76.3319
-76.3319
-76.3319
-76.3319
-76.3319
-76.3319
-76.3319
-76.3319
-76.3319
-76.3319
-76.3319
-76.3319
-76.3319
-76.3319
-76.3319
-76.3319
-76.3319
-76.3319
-76.3319
-76.3319
-76.3319
-76.3319
-76.3319
-76.3319
-76.3319
-76.3319
-76.3319
-76.3319
-76.3319
-76.3319
-76.3319
-76.3319
-76.332
-76.332
-76.332
-76.332
-76.332
-76.332
-76.332
-76.332
-76.332
-76.332
-76.332
-76.332
-76.332
-76.332
-76.332
-76.332
-76.332
-76.332
-76.332
-76.332
-76.332
-76.332
-76.332
-76.332
-76.332
-76.332
-76.332
-76.332
-76.332
-76.332
-76.332
-76.332
-76.332
-76.332
-76.332
-76.332
-76.332
-76.332
-76.332
-76.332
-76.332
-76.332
-76.332
-76.332
-76.332
-76.332
-76.332
-76.332
-76.332
-76.332
-76.332
-76.332
-76.332
-76.332
-76.332
-76.332
-76.332
-76.332
-76.332
-76.332
-76.332
-76.332
-76.332
-76.332
-76.332
-76.332
-76.332
-76.332
-76.332
-76.332
-76.332
-76.332
-76.332
-76.332
-76.332
-76.332
-76.332
-76.332
-76.332
-76.332
-76.332
-76.332
-76.332
-76.332
-76.332
-76.332
-76.332
-76.332
-76.332
-76.332
-76.332
-76.332
-76.332
-76.332
-76.332
-76.332
-76.332
-76.332
-76.332
-76.332
-76.332
-76.332
-76.332
-76.332
-76.332
-76.332
-76.332
-76.332
-76.332
-76.332
-76.332
-76.332
-76.332
-76.332
-76.332
-76.332
-76.332
-76.332
-76.332
-76.332
-76.332
-76.332
-76.332
-76.332
-76.332
-76.332
-76.332
-76.332
-76.332
-76.332
-76.332
-76.332
-76.332
-76.332
-76.332
-76.332
-76.332
-76.332
-76.332
-76.332
-76.332
-76.332
-76.332
-76.332
-76.332
-76.332
-76.332
-76.332
-76.332
-76.332
-76.332
-76.332
-76.332
-76.332
-76.332
-76.332
-76.332
-76.332
-76.332
-76.332
-76.332
-76.332
-76.332
-76.332
-76.332
-76.332
-76.332
-76.332
-76.332
-76.332
-76.332
-76.332
-76.332
-76.332
-76.332
-76.332
-76.332
-76.332
-76.332
-76.332
-76.332
-76.332
-76.332
-76.332
-76.332
-76.332
-76.332
-76.332
-76.332
-76.332
-76.332
-76.332
-76.332
-76.332
-76.332
-76.332
-76.332
-76.332
-76.332
-76.332
-76.332
-76.332
-76.332
-76.332
-76.332
-76.332
-76.332
-76.332
-76.3319
-76.3319
-76.3319
-76.3319
-76.3319
-76.3319
-76.3319
-76.3319
-76.3319
-76.3319
-76.3319
-76.3319
-76.3319
-76.3319
-76.3319
-76.3319
-76.3319
-76.3319
-76.3319
-76.3319
-76.3319
-76.3319
-76.3319
-76.3319
-76.3319
-76.3319
-76.3319
-76.3319
-76.3319
-76.3319
-76.3319
-76.3319
-76.3319
-76.3319
-76.3319
-76.3319
-76.3319
-76.3319
-76.3319
-76.3319
-76.3319
-76.3319
-76.3319
-76.3319
-76.3319
-76.3319
-76.3319
-76.3319
-76.3319
-76.3319
-76.3319
-76.3319
-76.3319
-76.3319
-76.3319
-76.3319
-76.3319
-76.3319
-76.3319
-76.3319
-76.3319
-76.3319
-76.3319
-76.3319
-76.3319
-76.3319
-76.3319
-76.3319
-76.3319
-76.3319
-76.3319
-76.3319
-76.3319
-76.3319
-76.3319
-76.3319
-76.3319
-76.3319
-76.3319
-76.3319
-76.3319
-76.3319
-76.3319
-76.3319
-76.3319
-76.3319
-76.3319
-76.3319
-76.3319
-76.3319
-76.3319
-76.3319
-76.3319
-76.3319
-76.3319
-76.3319
-76.3319
-76.3319
-76.3319
-76.3319
-76.3319
-76.3319
-76.3319
-76.3319
-76.3319
-76.3319
-76.3319
-76.3319
-76.3319
-76.3319
-76.3319
-76.3319
-76.3319
-76.3319
-76.3319
-76.3319
-76.3319
-76.3319
-76.3319
-76.3319
-76.3319
-76.3319
-76.3318
-76.3318
-76.3318
-76.3318
-76.3318
-76.3318
-76.3318

