0.000000	 -76.331845
0.050000	 -76.331845
0.100000	 -76.331845
0.150000	 -76.331845
0.200000	 -76.331844
0.250000	 -76.331844
0.300000	 -76.331844
0.350000	 -76.331844
0.400000	 -76.331844
0.450000	 -76.331844
0.500000	 -76.331844
0.550000	 -76.331844
0.600000	 -76.331844
0.650000	 -76.331844
0.700000	 -76.331844
0.750000	 -76.331843
0.800000	 -76.331843
0.850000	 -76.331843
0.900000	 -76.331843
0.950000	 -76.331843
1.000000	 -76.331843
1.050000	 -76.331843
1.100000	 -76.331843
1.150000	 -76.331843
1.200000	 -76.331843
1.250000	 -76.331843
1.300000	 -76.331843
1.350000	 -76.331842
1.400000	 -76.331842
1.450000	 -76.331842
1.500000	 -76.331842
1.550000	 -76.331842
1.600000	 -76.331842
1.650000	 -76.331842
1.700000	 -76.331842
1.750000	 -76.331842
1.800000	 -76.331842
1.850000	 -76.331842
1.900000	 -76.331841
1.950000	 -76.331841
2.000000	 -76.331841
2.050000	 -76.331841
2.100000	 -76.331841
2.150000	 -76.331841
2.200000	 -76.331841
2.250000	 -76.331841
2.300000	 -76.331841
2.350000	 -76.331841
2.400000	 -76.331841
2.450000	 -76.331840
2.500000	 -76.331840
2.550000	 -76.331840
2.600000	 -76.331840
2.650000	 -76.331840
2.700000	 -76.331840
2.750000	 -76.331840
2.800000	 -76.331840
2.850000	 -76.331840
2.900000	 -76.331840
2.950000	 -76.331840
3.000000	 -76.331840
3.050000	 -76.331839
3.100000	 -76.331839
3.150000	 -76.331839
3.200000	 -76.331839
3.250000	 -76.331839
3.300000	 -76.331839
3.350000	 -76.331839
3.400000	 -76.331839
3.450000	 -76.331839
3.500000	 -76.331839
3.550000	 -76.331839
3.600000	 -76.331838
3.650000	 -76.331838
3.700000	 -76.331838
3.750000	 -76.331838
3.800000	 -76.331838
3.850000	 -76.331838
3.900000	 -76.331838
3.950000	 -76.331838
4.000000	 -76.331838
4.050000	 -76.331838
4.100000	 -76.331838
4.150000	 -76.331837
4.200000	 -76.331837
4.250000	 -76.331837
4.300000	 -76.331837
4.350000	 -76.331837
4.400000	 -76.331837
4.450000	 -76.331837
4.500000	 -76.331837
4.550000	 -76.331837
4.600000	 -76.331837
4.650000	 -76.331837
4.700000	 -76.331837
4.750000	 -76.331836
4.800000	 -76.331836
4.850000	 -76.331836
4.900000	 -76.331836
4.950000	 -76.331836
5.000000	 -76.331836
5.050000	 -76.331828
5.100000	 -76.331790
5.150000	 -76.331685
5.200000	 -76.331475
5.250000	 -76.331125
5.300000	 -76.330607
5.350000	 -76.329899
5.400000	 -76.328985
5.450000	 -76.327858
5.500000	 -76.326512
5.550000	 -76.324949
5.600000	 -76.323171
5.650000	 -76.321185
5.700000	 -76.318997
5.750000	 -76.316618
5.800000	 -76.314056
5.850000	 -76.311322
5.900000	 -76.308426
5.950000	 -76.305381
6.000000	 -76.302197
6.050000	 -76.298884
6.100000	 -76.295453
6.150000	 -76.291916
6.200000	 -76.288280
6.250000	 -76.284557
6.300000	 -76.280756
6.350000	 -76.276884
6.400000	 -76.272951
6.450000	 -76.268964
6.500000	 -76.264930
6.550000	 -76.260858
6.600000	 -76.256753
6.650000	 -76.252622
6.700000	 -76.248470
6.750000	 -76.244304
6.800000	 -76.240128
6.850000	 -76.235947
6.900000	 -76.231766
6.950000	 -76.227589
7.000000	 -76.223419
7.050000	 -76.219262
7.100000	 -76.215120
7.150000	 -76.210996
7.200000	 -76.206893
7.250000	 -76.202814
7.300000	 -76.198762
7.350000	 -76.194739
7.400000	 -76.190748
7.450000	 -76.186789
7.500000	 -76.182866
7.550000	 -76.178980
7.600000	 -76.175132
7.650000	 -76.171324
7.700000	 -76.167557
7.750000	 -76.163833
7.800000	 -76.160153
7.850000	 -76.156517
7.900000	 -76.152926
7.950000	 -76.149382
8.000000	 -76.145885
8.050000	 -76.142435
8.100000	 -76.139033
8.150000	 -76.135681
8.200000	 -76.132377
8.250000	 -76.129122
8.300000	 -76.125918
8.350000	 -76.122763
8.400000	 -76.119658
8.450000	 -76.116603
8.500000	 -76.113599
8.550000	 -76.110645
8.600000	 -76.107741
8.650000	 -76.104888
8.700000	 -76.102084
8.750000	 -76.099331
8.800000	 -76.096627
8.850000	 -76.093973
8.900000	 -76.091369
8.950000	 -76.088814
9.000000	 -76.086307
9.050000	 -76.083849
9.100000	 -76.081439
9.150000	 -76.079078
9.200000	 -76.076763
9.250000	 -76.074496
9.300000	 -76.072276
9.350000	 -76.070102
9.400000	 -76.067974
9.450000	 -76.065892
9.500000	 -76.063854
9.550000	 -76.061861
9.600000	 -76.059912
9.650000	 -76.058007
9.700000	 -76.056145
9.750000	 -76.054325
9.800000	 -76.052548
9.850000	 -76.050812
9.900000	 -76.049117
9.950000	 -76.047463
10.000000	 -76.045849
10.050000	 -76.044274
10.100000	 -76.042738
10.150000	 -76.041241
10.200000	 -76.039781
10.250000	 -76.038359
10.300000	 -76.036974
10.350000	 -76.035625
10.400000	 -76.034311
10.450000	 -76.033033
10.500000	 -76.031789
10.550000	 -76.030580
10.600000	 -76.029404
10.650000	 -76.028261
10.700000	 -76.027151
10.750000	 -76.026073
10.800000	 -76.025026
10.850000	 -76.024010
10.900000	 -76.023025
10.950000	 -76.022069
11.000000	 -76.021143
11.050000	 -76.020245
11.100000	 -76.019376
11.150000	 -76.018535
11.200000	 -76.017722
11.250000	 -76.016935
11.300000	 -76.016174
11.350000	 -76.015440
11.400000	 -76.014731
11.450000	 -76.014047
11.500000	 -76.013387
11.550000	 -76.012752
11.600000	 -76.012140
11.650000	 -76.011551
11.700000	 -76.010985
11.750000	 -76.010441
11.800000	 -76.009918
11.850000	 -76.009418
11.900000	 -76.008938
11.950000	 -76.008479
12.000000	 -76.008039
12.050000	 -76.007620
12.100000	 -76.007220
12.150000	 -76.006838
12.200000	 -76.006476
12.250000	 -76.006131
12.300000	 -76.005804
12.350000	 -76.005495
12.400000	 -76.005202
12.450000	 -76.004926
12.500000	 -76.004667
12.550000	 -76.004423
12.600000	 -76.004195
12.650000	 -76.003982
12.700000	 -76.003784
12.750000	 -76.003601
12.800000	 -76.003432
12.850000	 -76.003277
12.900000	 -76.003135
12.950000	 -76.003007
13.000000	 -76.002892
13.050000	 -76.002790
13.100000	 -76.002700
13.150000	 -76.002622
13.200000	 -76.002556
13.250000	 -76.002501
13.300000	 -76.002458
13.350000	 -76.002426
13.400000	 -76.002405
13.450000	 -76.002394
13.500000	 -76.002393
13.550000	 -76.002403
13.600000	 -76.002422
13.650000	 -76.002451
13.700000	 -76.002489
13.750000	 -76.002536
13.800000	 -76.002592
13.850000	 -76.002656
13.900000	 -76.002729
13.950000	 -76.002811
14.000000	 -76.002900
14.050000	 -76.002997
14.100000	 -76.003101
14.150000	 -76.003213
14.200000	 -76.003333
14.250000	 -76.003459
14.300000	 -76.003592
14.350000	 -76.003731
14.400000	 -76.003878
14.450000	 -76.004030
14.500000	 -76.004189
14.550000	 -76.004353
14.600000	 -76.004523
14.650000	 -76.004700
14.700000	 -76.004881
14.750000	 -76.005068
14.800000	 -76.005260
14.850000	 -76.005457
14.900000	 -76.005659
14.950000	 -76.005866
15.000000	 -76.006077
15.050000	 -76.006293
15.100000	 -76.006514
15.150000	 -76.006738
15.200000	 -76.006967
15.250000	 -76.007200
15.300000	 -76.007436
15.350000	 -76.007677
15.400000	 -76.007921
15.450000	 -76.008168
15.500000	 -76.008419
15.550000	 -76.008674
15.600000	 -76.008932
15.650000	 -76.009192
15.700000	 -76.009456
15.750000	 -76.009723
15.800000	 -76.009993
15.850000	 -76.010265
15.900000	 -76.010541
15.950000	 -76.010818
16.000000	 -76.011099
16.050000	 -76.011382
16.100000	 -76.011667
16.150000	 -76.011954
16.200000	 -76.012244
16.250000	 -76.012536
16.300000	 -76.012829
16.350000	 -76.013125
16.400000	 -76.013423
16.450000	 -76.013723
16.500000	 -76.014024
16.550000	 -76.014327
16.600000	 -76.014632
16.650000	 -76.014939
16.700000	 -76.015247
16.750000	 -76.015556
16.800000	 -76.015867
16.850000	 -76.016180
16.900000	 -76.016493
16.950000	 -76.016809
17.000000	 -76.017125
17.050000	 -76.017442
17.100000	 -76.017761
17.150000	 -76.018081
17.200000	 -76.018402
17.250000	 -76.018724
17.300000	 -76.019047
17.350000	 -76.019371
17.400000	 -76.019695
17.450000	 -76.020021
17.500000	 -76.020348
17.550000	 -76.020675
17.600000	 -76.021003
17.650000	 -76.021332
17.700000	 -76.021662
17.750000	 -76.021992
17.800000	 -76.022323
17.850000	 -76.022654
17.900000	 -76.022986
17.950000	 -76.023319
18.000000	 -76.023652
18.050000	 -76.023986
18.100000	 -76.024320
18.150000	 -76.024655
18.200000	 -76.024990
18.250000	 -76.025326
18.300000	 -76.025662
18.350000	 -76.025998
18.400000	 -76.026335
18.450000	 -76.026672
18.500000	 -76.027010
18.550000	 -76.027347
18.600000	 -76.027686
18.650000	 -76.028024
18.700000	 -76.028362
18.750000	 -76.028701
18.800000	 -76.029040
18.850000	 -76.029380
18.900000	 -76.029719
18.950000	 -76.030059
19.000000	 -76.030399
19.050000	 -76.030739
19.100000	 -76.031079
19.150000	 -76.031420
19.200000	 -76.031760
19.250000	 -76.032101
19.300000	 -76.032442
19.350000	 -76.032783
19.400000	 -76.033124
19.450000	 -76.033465
19.500000	 -76.033806
19.550000	 -76.034147
19.600000	 -76.034489
19.650000	 -76.034830
19.700000	 -76.035171
19.750000	 -76.035513
19.800000	 -76.035855
19.850000	 -76.036196
19.900000	 -76.036538
19.950000	 -76.036880
20.000000	 -76.037221
20.050000	 -76.037563
20.100000	 -76.037905
20.150000	 -76.038247
20.200000	 -76.038589
20.250000	 -76.038930
20.300000	 -76.039272
20.350000	 -76.039614
20.400000	 -76.039956
20.450000	 -76.040298
20.500000	 -76.040640
20.550000	 -76.040982
20.600000	 -76.041324
20.650000	 -76.041665
20.700000	 -76.042007
20.750000	 -76.042349
20.800000	 -76.042691
20.850000	 -76.043033
20.900000	 -76.043375
20.950000	 -76.043717
21.000000	 -76.044059
21.050000	 -76.044400
21.100000	 -76.044742
21.150000	 -76.045084
21.200000	 -76.045426
21.250000	 -76.045768
21.300000	 -76.046110
21.350000	 -76.046451
21.400000	 -76.046793
21.450000	 -76.047135
21.500000	 -76.047477
21.550000	 -76.047819
21.600000	 -76.048161
21.650000	 -76.048502
21.700000	 -76.048844
21.750000	 -76.049186
21.800000	 -76.049528
21.850000	 -76.049870
21.900000	 -76.050212
21.950000	 -76.050554
22.000000	 -76.050896
22.050000	 -76.051238
22.100000	 -76.051580
22.150000	 -76.051922
22.200000	 -76.052264
22.250000	 -76.052606
22.300000	 -76.052948
22.350000	 -76.053290
22.400000	 -76.053632
22.450000	 -76.053974
22.500000	 -76.054316
22.550000	 -76.054658
22.600000	 -76.055001
22.650000	 -76.055343
22.700000	 -76.055685
22.750000	 -76.056028
22.800000	 -76.056370
22.850000	 -76.056713
22.900000	 -76.057055
22.950000	 -76.057398
23.000000	 -76.057741
23.050000	 -76.058083
23.100000	 -76.058426
23.150000	 -76.058769
23.200000	 -76.059112
23.250000	 -76.059455
23.300000	 -76.059798
23.350000	 -76.060141
23.400000	 -76.060484
23.450000	 -76.060828
23.500000	 -76.061171
23.550000	 -76.061515
23.600000	 -76.061858
23.650000	 -76.062202
23.700000	 -76.062546
23.750000	 -76.062889
23.800000	 -76.063233
23.850000	 -76.063577
23.900000	 -76.063922
23.950000	 -76.064266
24.000000	 -76.064610
24.050000	 -76.064955
24.100000	 -76.065299
24.150000	 -76.065644
24.200000	 -76.065989
24.250000	 -76.066334
24.300000	 -76.066679
24.350000	 -76.067024
24.400000	 -76.067369
24.450000	 -76.067714
24.500000	 -76.068060
24.550000	 -76.068406
24.600000	 -76.068751
24.650000	 -76.069097
24.700000	 -76.069443
24.750000	 -76.069790
24.800000	 -76.070136
24.850000	 -76.070482
24.900000	 -76.070829
24.950000	 -76.071176
25.000000	 -76.071523
25.050000	 -76.071870
25.100000	 -76.072218
25.150000	 -76.072567
25.200000	 -76.072917
25.250000	 -76.073267
25.300000	 -76.073618
25.350000	 -76.073970
25.400000	 -76.074323
25.450000	 -76.074675
25.500000	 -76.075028
25.550000	 -76.075382
25.600000	 -76.075735
25.650000	 -76.076089
25.700000	 -76.076442
25.750000	 -76.076796
25.800000	 -76.077150
25.850000	 -76.077504
25.900000	 -76.077858
25.950000	 -76.078212
26.000000	 -76.078566
26.050000	 -76.078920
26.100000	 -76.079274
26.150000	 -76.079629
26.200000	 -76.079983
26.250000	 -76.080337
26.300000	 -76.080692
26.350000	 -76.081046
26.400000	 -76.081400
26.450000	 -76.081755
26.500000	 -76.082110
26.550000	 -76.082464
26.600000	 -76.082819
26.650000	 -76.083174
26.700000	 -76.083529
26.750000	 -76.083884
26.800000	 -76.084239
26.850000	 -76.084594
26.900000	 -76.084949
26.950000	 -76.085305
27.000000	 -76.085660
27.050000	 -76.086016
27.100000	 -76.086372
27.150000	 -76.086728
27.200000	 -76.087084
27.250000	 -76.087440
27.300000	 -76.087796
27.350000	 -76.088152
27.400000	 -76.088509
27.450000	 -76.088866
27.500000	 -76.089222
27.550000	 -76.089579
27.600000	 -76.089936
27.650000	 -76.090293
27.700000	 -76.090651
27.750000	 -76.091008
27.800000	 -76.091366
27.850000	 -76.091724
27.900000	 -76.092081
27.950000	 -76.092440
28.000000	 -76.092798
28.050000	 -76.093156
28.100000	 -76.093515
28.150000	 -76.093873
28.200000	 -76.094232
28.250000	 -76.094591
28.300000	 -76.094950
28.350000	 -76.095310
28.400000	 -76.095669
28.450000	 -76.096029
28.500000	 -76.096389
28.550000	 -76.096749
28.600000	 -76.097109
28.650000	 -76.097469
28.700000	 -76.097829
28.750000	 -76.098190
28.800000	 -76.098551
28.850000	 -76.098912
28.900000	 -76.099273
28.950000	 -76.099634
29.000000	 -76.099995
29.050000	 -76.100357
29.100000	 -76.100719
29.150000	 -76.101081
29.200000	 -76.101443
29.250000	 -76.101805
29.300000	 -76.102167
29.350000	 -76.102530
29.400000	 -76.102893
29.450000	 -76.103256
29.500000	 -76.103619
29.550000	 -76.103982
29.600000	 -76.104345
29.650000	 -76.104709
29.700000	 -76.105072
29.750000	 -76.105436
29.800000	 -76.105800
29.850000	 -76.106164
29.900000	 -76.106529
29.950000	 -76.106893
30.000000	 -76.107258
30.050000	 -76.107623
30.100000	 -76.107988
30.150000	 -76.108353
30.200000	 -76.108718
30.250000	 -76.109084
30.300000	 -76.109449
30.350000	 -76.109815
30.400000	 -76.110181
30.450000	 -76.110547
30.500000	 -76.110913
30.550000	 -76.111279
30.600000	 -76.111646
30.650000	 -76.112012
30.700000	 -76.112379
30.750000	 -76.112746
30.800000	 -76.113113
30.850000	 -76.113480
30.900000	 -76.113848
30.950000	 -76.114215
31.000000	 -76.114583
31.050000	 -76.114951
31.100000	 -76.115318
31.150000	 -76.115687
31.200000	 -76.116055
31.250000	 -76.116423
31.300000	 -76.116791
31.350000	 -76.117160
31.400000	 -76.117529
31.450000	 -76.117898
31.500000	 -76.118266
31.550000	 -76.118636
31.600000	 -76.119005
31.650000	 -76.119374
31.700000	 -76.119744
31.750000	 -76.120113
31.800000	 -76.120483
31.850000	 -76.120853
31.900000	 -76.121223
31.950000	 -76.121593
32.000000	 -76.121963
32.050000	 -76.122333
32.100000	 -76.122703
32.150000	 -76.123074
32.200000	 -76.123445
32.250000	 -76.123815
32.300000	 -76.124186
32.350000	 -76.124557
32.400000	 -76.124928
32.450000	 -76.125299
32.500000	 -76.125670
32.550000	 -76.126042
32.600000	 -76.126413
32.650000	 -76.126785
32.700000	 -76.127156
32.750000	 -76.127528
32.800000	 -76.127900
32.850000	 -76.128272
32.900000	 -76.128644
32.950000	 -76.129016
33.000000	 -76.129388
33.050000	 -76.129760
33.100000	 -76.130132
33.150000	 -76.130505
33.200000	 -76.130877
33.250000	 -76.131250
33.300000	 -76.131622
33.350000	 -76.131995
33.400000	 -76.132368
33.450000	 -76.132740
33.500000	 -76.133113
33.550000	 -76.133486
33.600000	 -76.133859
33.650000	 -76.134232
33.700000	 -76.134605
33.750000	 -76.134979
33.800000	 -76.135352
33.850000	 -76.135725
33.900000	 -76.136098
33.950000	 -76.136472
34.000000	 -76.136845
34.050000	 -76.137219
34.100000	 -76.137592
34.150000	 -76.137966
34.200000	 -76.138340
34.250000	 -76.138713
34.300000	 -76.139087
34.350000	 -76.139461
34.400000	 -76.139834
34.450000	 -76.140208
34.500000	 -76.140582
34.550000	 -76.140956
34.600000	 -76.141330
34.650000	 -76.141704
34.700000	 -76.142078
34.750000	 -76.142452
34.800000	 -76.142826
34.850000	 -76.143200
34.900000	 -76.143574
34.950000	 -76.143948
35.000000	 -76.144322
35.050000	 -76.144696
35.100000	 -76.145070
35.150000	 -76.145444
35.200000	 -76.145818
35.250000	 -76.146192
35.300000	 -76.146567
35.350000	 -76.146941
35.400000	 -76.147315
35.450000	 -76.147689
35.500000	 -76.148063
35.550000	 -76.148437
35.600000	 -76.148811
35.650000	 -76.149185
35.700000	 -76.149559
35.750000	 -76.149933
35.800000	 -76.150307
35.850000	 -76.150681
35.900000	 -76.151055
35.950000	 -76.151429
36.000000	 -76.151803
36.050000	 -76.152177
36.100000	 -76.152551
36.150000	 -76.152925
36.200000	 -76.153299
36.250000	 -76.153673
36.300000	 -76.154047
36.350000	 -76.154420
36.400000	 -76.154794
36.450000	 -76.155168
36.500000	 -76.155541
36.550000	 -76.155915
36.600000	 -76.156288
36.650000	 -76.156662
36.700000	 -76.157035
36.750000	 -76.157409
36.800000	 -76.157782
36.850000	 -76.158155
36.900000	 -76.158529
36.950000	 -76.158902
37.000000	 -76.159275
37.050000	 -76.159648
37.100000	 -76.160021
37.150000	 -76.160394
37.200000	 -76.160767
37.250000	 -76.161140
37.300000	 -76.161512
37.350000	 -76.161885
37.400000	 -76.162257
37.450000	 -76.162630
37.500000	 -76.163002
37.550000	 -76.163375
37.600000	 -76.163747
37.650000	 -76.164119
37.700000	 -76.164491
37.750000	 -76.164863
37.800000	 -76.165235
37.850000	 -76.165607
37.900000	 -76.165979
37.950000	 -76.166350
38.000000	 -76.166722
38.050000	 -76.167093
38.100000	 -76.167465
38.150000	 -76.167836
38.200000	 -76.168207
38.250000	 -76.168578
38.300000	 -76.168949
38.350000	 -76.169320
38.400000	 -76.169690
38.450000	 -76.170061
38.500000	 -76.170431
38.550000	 -76.170802
38.600000	 -76.171172
38.650000	 -76.171542
38.700000	 -76.171912
38.750000	 -76.172282
38.800000	 -76.172652
38.850000	 -76.173021
38.900000	 -76.173391
38.950000	 -76.173760
39.000000	 -76.174129
39.050000	 -76.174499
39.100000	 -76.174868
39.150000	 -76.175236
39.200000	 -76.175605
39.250000	 -76.175974
39.300000	 -76.176342
39.350000	 -76.176710
39.400000	 -76.177078
39.450000	 -76.177446
39.500000	 -76.177814
39.550000	 -76.178182
39.600000	 -76.178549
39.650000	 -76.178917
39.700000	 -76.179284
39.750000	 -76.179651
39.800000	 -76.180018
39.850000	 -76.180385
39.900000	 -76.180751
39.950000	 -76.181118
40.000000	 -76.181484
40.050000	 -76.181850
40.100000	 -76.182216
40.150000	 -76.182582
40.200000	 -76.182947
40.250000	 -76.183313
40.300000	 -76.183678
40.350000	 -76.184043
40.400000	 -76.184408
40.450000	 -76.184773
40.500000	 -76.185137
40.550000	 -76.185501
40.600000	 -76.185866
40.650000	 -76.186230
40.700000	 -76.186593
40.750000	 -76.186957
40.800000	 -76.187320
40.850000	 -76.187683
40.900000	 -76.188046
40.950000	 -76.188409
41.000000	 -76.188772
41.050000	 -76.189134
41.100000	 -76.189496
41.150000	 -76.189858
41.200000	 -76.190220
41.250000	 -76.190582
41.300000	 -76.190943
41.350000	 -76.191304
41.400000	 -76.191665
41.450000	 -76.192026
41.500000	 -76.192387
41.550000	 -76.192747
41.600000	 -76.193107
41.650000	 -76.193467
41.700000	 -76.193827
41.750000	 -76.194186
41.800000	 -76.194545
41.850000	 -76.194904
41.900000	 -76.195263
41.950000	 -76.195622
42.000000	 -76.195980
42.050000	 -76.196338
42.100000	 -76.196696
42.150000	 -76.197054
42.200000	 -76.197411
42.250000	 -76.197768
42.300000	 -76.198125
42.350000	 -76.198482
42.400000	 -76.198838
42.450000	 -76.199195
42.500000	 -76.199550
42.550000	 -76.199906
42.600000	 -76.200262
42.650000	 -76.200617
42.700000	 -76.200972
42.750000	 -76.201327
42.800000	 -76.201681
42.850000	 -76.202035
42.900000	 -76.202389
42.950000	 -76.202743
43.000000	 -76.203097
43.050000	 -76.203450
43.100000	 -76.203803
43.150000	 -76.204155
43.200000	 -76.204508
43.250000	 -76.204860
43.300000	 -76.205212
43.350000	 -76.205563
43.400000	 -76.205915
43.450000	 -76.206266
43.500000	 -76.206617
43.550000	 -76.206967
43.600000	 -76.207318
43.650000	 -76.207668
43.700000	 -76.208017
43.750000	 -76.208367
43.800000	 -76.208716
43.850000	 -76.209065
43.900000	 -76.209413
43.950000	 -76.209762
44.000000	 -76.210110
44.050000	 -76.210457
44.100000	 -76.210805
44.150000	 -76.211152
44.200000	 -76.211499
44.250000	 -76.211846
44.300000	 -76.212192
44.350000	 -76.212538
44.400000	 -76.212884
44.450000	 -76.213229
44.500000	 -76.213574
44.550000	 -76.213919
44.600000	 -76.214264
44.650000	 -76.214608
44.700000	 -76.214952
44.750000	 -76.215295
44.800000	 -76.215639
44.850000	 -76.215982
44.900000	 -76.216324
44.950000	 -76.216667
45.000000	 -76.217009
45.050000	 -76.217351
45.100000	 -76.217692
45.150000	 -76.218033
45.200000	 -76.218374
45.250000	 -76.218715
45.300000	 -76.219055
45.350000	 -76.219395
45.400000	 -76.219735
45.450000	 -76.220074
45.500000	 -76.220413
45.550000	 -76.220751
45.600000	 -76.221090
45.650000	 -76.221428
45.700000	 -76.221765
45.750000	 -76.222103
45.800000	 -76.222440
45.850000	 -76.222776
45.900000	 -76.223113
45.950000	 -76.223449
46.000000	 -76.223784
46.050000	 -76.224120
46.100000	 -76.224455
46.150000	 -76.224789
46.200000	 -76.225124
46.250000	 -76.225458
46.300000	 -76.225791
46.350000	 -76.226125
46.400000	 -76.226458
46.450000	 -76.226790
46.500000	 -76.227123
46.550000	 -76.227455
46.600000	 -76.227786
46.650000	 -76.228118
46.700000	 -76.228449
46.750000	 -76.228779
46.800000	 -76.229109
46.850000	 -76.229439
46.900000	 -76.229769
46.950000	 -76.230098
47.000000	 -76.230427
47.050000	 -76.230755
47.100000	 -76.231083
47.150000	 -76.231411
47.200000	 -76.231739
47.250000	 -76.232066
47.300000	 -76.232392
47.350000	 -76.232719
47.400000	 -76.233045
47.450000	 -76.233370
47.500000	 -76.233695
47.550000	 -76.234020
47.600000	 -76.234345
47.650000	 -76.234669
47.700000	 -76.234993
47.750000	 -76.235316
47.800000	 -76.235639
47.850000	 -76.235962
47.900000	 -76.236284
47.950000	 -76.236606
48.000000	 -76.236928
48.050000	 -76.237249
48.100000	 -76.237570
48.150000	 -76.237890
48.200000	 -76.238210
48.250000	 -76.238530
48.300000	 -76.238849
48.350000	 -76.239168
48.400000	 -76.239487
48.450000	 -76.239805
48.500000	 -76.240123
48.550000	 -76.240440
48.600000	 -76.240758
48.650000	 -76.241074
48.700000	 -76.241390
48.750000	 -76.241706
48.800000	 -76.242022
48.850000	 -76.242337
48.900000	 -76.242652
48.950000	 -76.242966
49.000000	 -76.243280
49.050000	 -76.243594
49.100000	 -76.243907
49.150000	 -76.244220
49.200000	 -76.244532
49.250000	 -76.244844
49.300000	 -76.245156
49.350000	 -76.245467
49.400000	 -76.245778
49.450000	 -76.246088
49.500000	 -76.246398
49.550000	 -76.246708
49.600000	 -76.247017
49.650000	 -76.247326
49.700000	 -76.247634
49.750000	 -76.247942
49.800000	 -76.248250
49.850000	 -76.248557
49.900000	 -76.248864
49.950000	 -76.249170
50.000000	 -76.249476
50.050000	 -76.249782
50.100000	 -76.250087
50.150000	 -76.250392
50.200000	 -76.250697
50.250000	 -76.251001
50.300000	 -76.251304
50.350000	 -76.251607
50.400000	 -76.251910
50.450000	 -76.252212
50.500000	 -76.252514
50.550000	 -76.252816
50.600000	 -76.253117
50.650000	 -76.253418
50.700000	 -76.253718
50.750000	 -76.254018
50.800000	 -76.254317
50.850000	 -76.254616
50.900000	 -76.254915
50.950000	 -76.255213
51.000000	 -76.255511
51.050000	 -76.255808
51.100000	 -76.256105
51.150000	 -76.256402
51.200000	 -76.256698
51.250000	 -76.256994
51.300000	 -76.257289
51.350000	 -76.257584
51.400000	 -76.257878
51.450000	 -76.258172
51.500000	 -76.258466
51.550000	 -76.258759
51.600000	 -76.259052
51.650000	 -76.259344
51.700000	 -76.259636
51.750000	 -76.259928
51.800000	 -76.260219
51.850000	 -76.260509
51.900000	 -76.260799
51.950000	 -76.261089
52.000000	 -76.261378
52.050000	 -76.261667
52.100000	 -76.261956
52.150000	 -76.262244
52.200000	 -76.262532
52.250000	 -76.262819
52.300000	 -76.263105
52.350000	 -76.263392
52.400000	 -76.263678
52.450000	 -76.263963
52.500000	 -76.264248
52.550000	 -76.264533
52.600000	 -76.264817
52.650000	 -76.265100
52.700000	 -76.265384
52.750000	 -76.265667
52.800000	 -76.265949
52.850000	 -76.266231
52.900000	 -76.266512
52.950000	 -76.266793
53.000000	 -76.267074
53.050000	 -76.267354
53.100000	 -76.267634
53.150000	 -76.267913
53.200000	 -76.268192
53.250000	 -76.268471
53.300000	 -76.268749
53.350000	 -76.269026
53.400000	 -76.269303
53.450000	 -76.269580
53.500000	 -76.269856
53.550000	 -76.270132
53.600000	 -76.270407
53.650000	 -76.270682
53.700000	 -76.270957
53.750000	 -76.271231
53.800000	 -76.271504
53.850000	 -76.271777
53.900000	 -76.272050
53.950000	 -76.272322
54.000000	 -76.272594
54.050000	 -76.272865
54.100000	 -76.273136
54.150000	 -76.273407
54.200000	 -76.273677
54.250000	 -76.273946
54.300000	 -76.274215
54.350000	 -76.274484
54.400000	 -76.274752
54.450000	 -76.275020
54.500000	 -76.275287
54.550000	 -76.275554
54.600000	 -76.275820
54.650000	 -76.276086
54.700000	 -76.276352
54.750000	 -76.276617
54.800000	 -76.276881
54.850000	 -76.277145
54.900000	 -76.277409
54.950000	 -76.277672
55.000000	 -76.277935
55.050000	 -76.278197
55.100000	 -76.278459
55.150000	 -76.278720
55.200000	 -76.278981
55.250000	 -76.279242
55.300000	 -76.279502
55.350000	 -76.279761
55.400000	 -76.280020
55.450000	 -76.280279
55.500000	 -76.280537
55.550000	 -76.280795
55.600000	 -76.281052
55.650000	 -76.281309
55.700000	 -76.281565
55.750000	 -76.281821
55.800000	 -76.282077
55.850000	 -76.282332
55.900000	 -76.282586
55.950000	 -76.282840
56.000000	 -76.283094
56.050000	 -76.283347
56.100000	 -76.283600
56.150000	 -76.283852
56.200000	 -76.284104
56.250000	 -76.284355
56.300000	 -76.284606
56.350000	 -76.284856
56.400000	 -76.285106
56.450000	 -76.285356
56.500000	 -76.285605
56.550000	 -76.285853
56.600000	 -76.286101
56.650000	 -76.286349
56.700000	 -76.286596
56.750000	 -76.286843
56.800000	 -76.287089
56.850000	 -76.287335
56.900000	 -76.287580
56.950000	 -76.287825
57.000000	 -76.288069
57.050000	 -76.288313
57.100000	 -76.288557
57.150000	 -76.288800
57.200000	 -76.289042
57.250000	 -76.289284
57.300000	 -76.289526
57.350000	 -76.289767
57.400000	 -76.290008
57.450000	 -76.290248
57.500000	 -76.290488
57.550000	 -76.290727
57.600000	 -76.290966
57.650000	 -76.291204
57.700000	 -76.291442
57.750000	 -76.291680
57.800000	 -76.291916
57.850000	 -76.292153
57.900000	 -76.292389
57.950000	 -76.292625
58.000000	 -76.292860
58.050000	 -76.293094
58.100000	 -76.293328
58.150000	 -76.293562
58.200000	 -76.293795
58.250000	 -76.294028
58.300000	 -76.294260
58.350000	 -76.294492
58.400000	 -76.294724
58.450000	 -76.294955
58.500000	 -76.295185
58.550000	 -76.295415
58.600000	 -76.295644
58.650000	 -76.295873
58.700000	 -76.296102
58.750000	 -76.296330
58.800000	 -76.296558
58.850000	 -76.296785
58.900000	 -76.297012
58.950000	 -76.297238
59.000000	 -76.297464
59.050000	 -76.297689
59.100000	 -76.297914
59.150000	 -76.298138
59.200000	 -76.298362
59.250000	 -76.298586
59.300000	 -76.298809
59.350000	 -76.299031
59.400000	 -76.299253
59.450000	 -76.299475
59.500000	 -76.299696
59.550000	 -76.299916
59.600000	 -76.300137
59.650000	 -76.300356
59.700000	 -76.300576
59.750000	 -76.300794
59.800000	 -76.301013
59.850000	 -76.301230
59.900000	 -76.301448
59.950000	 -76.301665
60.000000	 -76.301881
60.050000	 -76.302097
60.100000	 -76.302313
60.150000	 -76.302528
60.200000	 -76.302742
60.250000	 -76.302956
60.300000	 -76.303170
60.350000	 -76.303383
60.400000	 -76.303596
60.450000	 -76.303808
60.500000	 -76.304020
60.550000	 -76.304231
60.600000	 -76.304442
60.650000	 -76.304653
60.700000	 -76.304862
60.750000	 -76.305072
60.800000	 -76.305281
60.850000	 -76.305489
60.900000	 -76.305698
60.950000	 -76.305905
61.000000	 -76.306112
61.050000	 -76.306319
61.100000	 -76.306525
61.150000	 -76.306731
61.200000	 -76.306936
61.250000	 -76.307141
61.300000	 -76.307345
61.350000	 -76.307549
61.400000	 -76.307753
61.450000	 -76.307956
61.500000	 -76.308158
61.550000	 -76.308360
61.600000	 -76.308562
61.650000	 -76.308763
61.700000	 -76.308963
61.750000	 -76.309163
61.800000	 -76.309363
61.850000	 -76.309562
61.900000	 -76.309761
61.950000	 -76.309960
62.000000	 -76.310157
62.050000	 -76.310355
62.100000	 -76.310552
62.150000	 -76.310748
62.200000	 -76.310944
62.250000	 -76.311140
62.300000	 -76.311335
62.350000	 -76.311529
62.400000	 -76.311724
62.450000	 -76.311917
62.500000	 -76.312111
62.550000	 -76.312303
62.600000	 -76.312496
62.650000	 -76.312688
62.700000	 -76.312879
62.750000	 -76.313070
62.800000	 -76.313260
62.850000	 -76.313450
62.900000	 -76.313640
62.950000	 -76.313829
63.000000	 -76.314018
63.050000	 -76.314206
63.100000	 -76.314394
63.150000	 -76.314581
63.200000	 -76.314768
63.250000	 -76.314954
63.300000	 -76.315140
63.350000	 -76.315325
63.400000	 -76.315510
63.450000	 -76.315695
63.500000	 -76.315879
63.550000	 -76.316063
63.600000	 -76.316246
63.650000	 -76.316428
63.700000	 -76.316611
63.750000	 -76.316793
63.800000	 -76.316974
63.850000	 -76.317155
63.900000	 -76.317335
63.950000	 -76.317515
64.000000	 -76.317695
64.050000	 -76.317874
64.100000	 -76.318052
64.150000	 -76.318230
64.200000	 -76.318408
64.250000	 -76.318585
64.300000	 -76.318762
64.350000	 -76.318939
64.400000	 -76.319114
64.450000	 -76.319290
64.500000	 -76.319465
64.550000	 -76.319639
64.600000	 -76.319813
64.650000	 -76.319987
64.700000	 -76.320160
64.750000	 -76.320333
64.800000	 -76.320505
64.850000	 -76.320677
64.900000	 -76.320849
64.950000	 -76.321019
65.000000	 -76.321190
65.050000	 -76.321360
65.100000	 -76.321530
65.150000	 -76.321699
65.200000	 -76.321867
65.250000	 -76.322036
65.300000	 -76.322203
65.350000	 -76.322371
65.400000	 -76.322538
65.450000	 -76.322704
65.500000	 -76.322870
65.550000	 -76.323036
65.600000	 -76.323201
65.650000	 -76.323366
65.700000	 -76.323530
65.750000	 -76.323694
65.800000	 -76.323857
65.850000	 -76.324020
65.900000	 -76.324182
65.950000	 -76.324344
66.000000	 -76.324506
66.050000	 -76.324667
66.100000	 -76.324828
66.150000	 -76.324988
66.200000	 -76.325148
66.250000	 -76.325307
66.300000	 -76.325466
66.350000	 -76.325624
66.400000	 -76.325782
66.450000	 -76.325940
66.500000	 -76.326097
66.550000	 -76.326254
66.600000	 -76.326410
66.650000	 -76.326566
66.700000	 -76.326721
66.750000	 -76.326876
66.800000	 -76.327031
66.850000	 -76.327185
66.900000	 -76.327339
66.950000	 -76.327492
67.000000	 -76.327645
67.050000	 -76.327797
67.100000	 -76.327949
67.150000	 -76.328100
67.200000	 -76.328251
67.250000	 -76.328402
67.300000	 -76.328552
67.350000	 -76.328702
67.400000	 -76.328851
67.450000	 -76.329000
67.500000	 -76.329149
67.550000	 -76.329297
67.600000	 -76.329444
67.650000	 -76.329591
67.700000	 -76.329738
67.750000	 -76.329884
67.800000	 -76.330030
67.850000	 -76.330176
67.900000	 -76.330321
67.950000	 -76.330465
68.000000	 -76.330609
68.050000	 -76.330753
68.100000	 -76.330896
68.150000	 -76.331039
68.200000	 -76.331182
68.250000	 -76.331324
68.300000	 -76.331465
68.350000	 -76.331606
68.400000	 -76.331747
68.450000	 -76.331888
68.500000	 -76.332027
68.550000	 -76.332167
68.600000	 -76.332306
68.650000	 -76.332445
68.700000	 -76.332583
68.750000	 -76.332721
68.800000	 -76.332858
68.850000	 -76.332995
68.900000	 -76.333131
68.950000	 -76.333267
69.000000	 -76.333403
69.050000	 -76.333538
69.100000	 -76.333673
69.150000	 -76.333808
69.200000	 -76.333942
69.250000	 -76.334075
69.300000	 -76.334208
69.350000	 -76.334341
69.400000	 -76.334473
69.450000	 -76.334605
69.500000	 -76.334737
69.550000	 -76.334868
69.600000	 -76.334998
69.650000	 -76.335129
69.700000	 -76.335258
69.750000	 -76.335388
69.800000	 -76.335517
69.850000	 -76.335646
69.900000	 -76.335774
69.950000	 -76.335901
70.000000	 -76.336029
70.050000	 -76.336156
70.100000	 -76.336282
70.150000	 -76.336408
70.200000	 -76.336534
70.250000	 -76.336659
70.300000	 -76.336784
70.350000	 -76.336909
70.400000	 -76.337033
70.450000	 -76.337157
70.500000	 -76.337280
70.550000	 -76.337403
70.600000	 -76.337525
70.650000	 -76.337647
70.700000	 -76.337769
70.750000	 -76.337890
70.800000	 -76.338011
70.850000	 -76.338131
70.900000	 -76.338251
70.950000	 -76.338371
71.000000	 -76.338490
71.050000	 -76.338609
71.100000	 -76.338728
71.150000	 -76.338846
71.200000	 -76.338963
71.250000	 -76.339080
71.300000	 -76.339197
71.350000	 -76.339314
71.400000	 -76.339430
71.450000	 -76.339545
71.500000	 -76.339661
71.550000	 -76.339775
71.600000	 -76.339890
71.650000	 -76.340004
71.700000	 -76.340118
71.750000	 -76.340231
71.800000	 -76.340344
71.850000	 -76.340456
71.900000	 -76.340568
71.950000	 -76.340680
72.000000	 -76.340791
72.050000	 -76.340902
72.100000	 -76.341013
72.150000	 -76.341123
72.200000	 -76.341232
72.250000	 -76.341342
72.300000	 -76.341451
72.350000	 -76.341559
72.400000	 -76.341667
72.450000	 -76.341775
72.500000	 -76.341883
72.550000	 -76.341990
72.600000	 -76.342096
72.650000	 -76.342202
72.700000	 -76.342308
72.750000	 -76.342414
72.800000	 -76.342519
72.850000	 -76.342624
72.900000	 -76.342728
72.950000	 -76.342832
73.000000	 -76.342935
73.050000	 -76.343038
73.100000	 -76.343141
73.150000	 -76.343244
73.200000	 -76.343346
73.250000	 -76.343447
73.300000	 -76.343549
73.350000	 -76.343650
73.400000	 -76.343750
73.450000	 -76.343850
73.500000	 -76.343950
73.550000	 -76.344049
73.600000	 -76.344148
73.650000	 -76.344247
73.700000	 -76.344345
73.750000	 -76.344443
73.800000	 -76.344541
73.850000	 -76.344638
73.900000	 -76.344734
73.950000	 -76.344831
74.000000	 -76.344927
74.050000	 -76.345022
74.100000	 -76.345118
74.150000	 -76.345213
74.200000	 -76.345307
74.250000	 -76.345401
74.300000	 -76.345495
74.350000	 -76.345589
74.400000	 -76.345682
74.450000	 -76.345774
74.500000	 -76.345867
74.550000	 -76.345959
74.600000	 -76.346050
74.650000	 -76.346141
74.700000	 -76.346232
74.750000	 -76.346323
74.800000	 -76.346413
74.850000	 -76.346503
74.900000	 -76.346592
74.950000	 -76.346681
75.000000	 -76.346770
75.050000	 -76.346858
75.100000	 -76.346946
75.150000	 -76.347034
75.200000	 -76.347121
75.250000	 -76.347208
75.300000	 -76.347294
75.350000	 -76.347381
75.400000	 -76.347466
75.450000	 -76.347552
75.500000	 -76.347637
75.550000	 -76.347722
75.600000	 -76.347806
75.650000	 -76.347890
75.700000	 -76.347974
75.750000	 -76.348057
75.800000	 -76.348140
75.850000	 -76.348223
75.900000	 -76.348305
75.950000	 -76.348387
76.000000	 -76.348469
76.050000	 -76.348550
76.100000	 -76.348631
76.150000	 -76.348711
76.200000	 -76.348792
76.250000	 -76.348871
76.300000	 -76.348951
76.350000	 -76.349030
76.400000	 -76.349109
76.450000	 -76.349187
76.500000	 -76.349265
76.550000	 -76.349343
76.600000	 -76.349421
76.650000	 -76.349498
76.700000	 -76.349575
76.750000	 -76.349651
76.800000	 -76.349727
76.850000	 -76.349803
76.900000	 -76.349878
76.950000	 -76.349953
77.000000	 -76.350028
77.050000	 -76.350102
77.100000	 -76.350176
77.150000	 -76.350250
77.200000	 -76.350323
77.250000	 -76.350396
77.300000	 -76.350469
77.350000	 -76.350541
77.400000	 -76.350613
77.450000	 -76.350685
77.500000	 -76.350756
77.550000	 -76.350827
77.600000	 -76.350898
77.650000	 -76.350968
77.700000	 -76.351038
77.750000	 -76.351108
77.800000	 -76.351177
77.850000	 -76.351247
77.900000	 -76.351315
77.950000	 -76.351384
78.000000	 -76.351452
78.050000	 -76.351519
78.100000	 -76.351587
78.150000	 -76.351654
78.200000	 -76.351721
78.250000	 -76.351787
78.300000	 -76.351853
78.350000	 -76.351919
78.400000	 -76.351984
78.450000	 -76.352049
78.500000	 -76.352114
78.550000	 -76.352179
78.600000	 -76.352243
78.650000	 -76.352307
78.700000	 -76.352370
78.750000	 -76.352433
78.800000	 -76.352496
78.850000	 -76.352559
78.900000	 -76.352621
78.950000	 -76.352683
79.000000	 -76.352745
79.050000	 -76.352806
79.100000	 -76.352867
79.150000	 -76.352928
79.200000	 -76.352988
79.250000	 -76.353048
79.300000	 -76.353108
79.350000	 -76.353167
79.400000	 -76.353226
79.450000	 -76.353285
79.500000	 -76.353344
79.550000	 -76.353402
79.600000	 -76.353460
79.650000	 -76.353517
79.700000	 -76.353574
79.750000	 -76.353631
79.800000	 -76.353688
79.850000	 -76.353744
79.900000	 -76.353800
79.950000	 -76.353856
80.000000	 -76.353912
80.050000	 -76.353967
80.100000	 -76.354021
80.150000	 -76.354076
80.200000	 -76.354130
80.250000	 -76.354184
80.300000	 -76.354238
80.350000	 -76.354291
80.400000	 -76.354344
80.450000	 -76.354397
80.500000	 -76.354449
80.550000	 -76.354501
80.600000	 -76.354553
80.650000	 -76.354605
80.700000	 -76.354656
80.750000	 -76.354707
80.800000	 -76.354757
80.850000	 -76.354808
80.900000	 -76.354858
80.950000	 -76.354907
81.000000	 -76.354957
81.050000	 -76.355006
81.100000	 -76.355055
81.150000	 -76.355103
81.200000	 -76.355152
81.250000	 -76.355200
81.300000	 -76.355247
81.350000	 -76.355295
81.400000	 -76.355342
81.450000	 -76.355389
81.500000	 -76.355435
81.550000	 -76.355482
81.600000	 -76.355528
81.650000	 -76.355573
81.700000	 -76.355619
81.750000	 -76.355664
81.800000	 -76.355709
81.850000	 -76.355753
81.900000	 -76.355798
81.950000	 -76.355842
82.000000	 -76.355885
82.050000	 -76.355929
82.100000	 -76.355972
82.150000	 -76.356015
82.200000	 -76.356057
82.250000	 -76.356100
82.300000	 -76.356142
82.350000	 -76.356184
82.400000	 -76.356225
82.450000	 -76.356266
82.500000	 -76.356307
82.550000	 -76.356348
82.600000	 -76.356388
82.650000	 -76.356428
82.700000	 -76.356468
82.750000	 -76.356508
82.800000	 -76.356547
82.850000	 -76.356586
82.900000	 -76.356625
82.950000	 -76.356663
83.000000	 -76.356702
83.050000	 -76.356739
83.100000	 -76.356777
83.150000	 -76.356815
83.200000	 -76.356852
83.250000	 -76.356889
83.300000	 -76.356925
83.350000	 -76.356962
83.400000	 -76.356998
83.450000	 -76.357033
83.500000	 -76.357069
83.550000	 -76.357104
83.600000	 -76.357139
83.650000	 -76.357174
83.700000	 -76.357209
83.750000	 -76.357243
83.800000	 -76.357277
83.850000	 -76.357311
83.900000	 -76.357344
83.950000	 -76.357377
84.000000	 -76.357410
84.050000	 -76.357443
84.100000	 -76.357475
84.150000	 -76.357507
84.200000	 -76.357539
84.250000	 -76.357571
84.300000	 -76.357602
84.350000	 -76.357634
84.400000	 -76.357664
84.450000	 -76.357695
84.500000	 -76.357726
84.550000	 -76.357756
84.600000	 -76.357786
84.650000	 -76.357815
84.700000	 -76.357845
84.750000	 -76.357874
84.800000	 -76.357903
84.850000	 -76.357931
84.900000	 -76.357960
84.950000	 -76.357988
85.000000	 -76.358016
85.050000	 -76.358043
85.100000	 -76.358071
85.150000	 -76.358098
85.200000	 -76.358125
85.250000	 -76.358152
85.300000	 -76.358178
85.350000	 -76.358204
85.400000	 -76.358230
85.450000	 -76.358256
85.500000	 -76.358281
85.550000	 -76.358307
85.600000	 -76.358332
85.650000	 -76.358356
85.700000	 -76.358381
85.750000	 -76.358405
85.800000	 -76.358429
85.850000	 -76.358453
85.900000	 -76.358477
85.950000	 -76.358500
86.000000	 -76.358523
86.050000	 -76.358546
86.100000	 -76.358569
86.150000	 -76.358591
86.200000	 -76.358613
86.250000	 -76.358635
86.300000	 -76.358657
86.350000	 -76.358678
86.400000	 -76.358700
86.450000	 -76.358721
86.500000	 -76.358741
86.550000	 -76.358762
86.600000	 -76.358782
86.650000	 -76.358802
86.700000	 -76.358822
86.750000	 -76.358842
86.800000	 -76.358861
86.850000	 -76.358880
86.900000	 -76.358899
86.950000	 -76.358918
87.000000	 -76.358937
87.050000	 -76.358955
87.100000	 -76.358973
87.150000	 -76.358991
87.200000	 -76.359009
87.250000	 -76.359026
87.300000	 -76.359043
87.350000	 -76.359060
87.400000	 -76.359077
87.450000	 -76.359093
87.500000	 -76.359110
87.550000	 -76.359126
87.600000	 -76.359142
87.650000	 -76.359157
87.700000	 -76.359173
87.750000	 -76.359188
87.800000	 -76.359203
87.850000	 -76.359218
87.900000	 -76.359232
87.950000	 -76.359247
88.000000	 -76.359261
88.050000	 -76.359275
88.100000	 -76.359289
88.150000	 -76.359302
88.200000	 -76.359316
88.250000	 -76.359329
88.300000	 -76.359342
88.350000	 -76.359354
88.400000	 -76.359367
88.450000	 -76.359379
88.500000	 -76.359391
88.550000	 -76.359403
88.600000	 -76.359415
88.650000	 -76.359426
88.700000	 -76.359437
88.750000	 -76.359448
88.800000	 -76.359459
88.850000	 -76.359470
88.900000	 -76.359480
88.950000	 -76.359490
89.000000	 -76.359500
89.050000	 -76.359510
89.100000	 -76.359520
89.150000	 -76.359529
89.200000	 -76.359539
89.250000	 -76.359548
89.300000	 -76.359556
89.350000	 -76.359565
89.400000	 -76.359574
89.450000	 -76.359582
89.500000	 -76.359590
89.550000	 -76.359598
89.600000	 -76.359605
89.650000	 -76.359613
89.700000	 -76.359620
89.750000	 -76.359627
89.800000	 -76.359634
89.850000	 -76.359641
89.900000	 -76.359647
89.950000	 -76.359654
90.000000	 -76.359660
90.050000	 -76.359666
90.100000	 -76.359671
90.150000	 -76.359677
90.200000	 -76.359682
90.250000	 -76.359687
90.300000	 -76.359692
90.350000	 -76.359697
90.400000	 -76.359702
90.450000	 -76.359706
90.500000	 -76.359711
90.550000	 -76.359715
90.600000	 -76.359718
90.650000	 -76.359722
90.700000	 -76.359726
90.750000	 -76.359729
90.800000	 -76.359732
90.850000	 -76.359735
90.900000	 -76.359738
90.950000	 -76.359740
91.000000	 -76.359743
91.050000	 -76.359745
91.100000	 -76.359747
91.150000	 -76.359749
91.200000	 -76.359751
91.250000	 -76.359752
91.300000	 -76.359754
91.350000	 -76.359755
91.400000	 -76.359756
91.450000	 -76.359757
91.500000	 -76.359757
91.550000	 -76.359758
91.600000	 -76.359758
91.650000	 -76.359758
91.700000	 -76.359758
91.750000	 -76.359758
91.800000	 -76.359758
91.850000	 -76.359757
91.900000	 -76.359756
91.950000	 -76.359755
92.000000	 -76.359754
92.050000	 -76.359753
92.100000	 -76.359752
92.150000	 -76.359750
92.200000	 -76.359748
92.250000	 -76.359746
92.300000	 -76.359744
92.350000	 -76.359742
92.400000	 -76.359740
92.450000	 -76.359737
92.500000	 -76.359734
92.550000	 -76.359732
92.600000	 -76.359728
92.650000	 -76.359725
92.700000	 -76.359722
92.750000	 -76.359718
92.800000	 -76.359715
92.850000	 -76.359711
92.900000	 -76.359707
92.950000	 -76.359703
93.000000	 -76.359698
93.050000	 -76.359694
93.100000	 -76.359689
93.150000	 -76.359684
93.200000	 -76.359679
93.250000	 -76.359674
93.300000	 -76.359669
93.350000	 -76.359663
93.400000	 -76.359658
93.450000	 -76.359652
93.500000	 -76.359646
93.550000	 -76.359640
93.600000	 -76.359634
93.650000	 -76.359627
93.700000	 -76.359621
93.750000	 -76.359614
93.800000	 -76.359607
93.850000	 -76.359600
93.900000	 -76.359593
93.950000	 -76.359586
94.000000	 -76.359579
94.050000	 -76.359571
94.100000	 -76.359563
94.150000	 -76.359555
94.200000	 -76.359547
94.250000	 -76.359539
94.300000	 -76.359531
94.350000	 -76.359523
94.400000	 -76.359514
94.450000	 -76.359505
94.500000	 -76.359496
94.550000	 -76.359487
94.600000	 -76.359478
94.650000	 -76.359469
94.700000	 -76.359459
94.750000	 -76.359450
94.800000	 -76.359440
94.850000	 -76.359430
94.900000	 -76.359420
94.950000	 -76.359410
95.000000	 -76.359400
95.050000	 -76.359389
95.100000	 -76.359379
95.150000	 -76.359368
95.200000	 -76.359357
95.250000	 -76.359346
95.300000	 -76.359335
95.350000	 -76.359324
95.400000	 -76.359312
95.450000	 -76.359301
95.500000	 -76.359289
95.550000	 -76.359277
95.600000	 -76.359265
95.650000	 -76.359253
95.700000	 -76.359241
95.750000	 -76.359229
95.800000	 -76.359216
95.850000	 -76.359204
95.900000	 -76.359191
95.950000	 -76.359178
96.000000	 -76.359165
96.050000	 -76.359152
96.100000	 -76.359139
96.150000	 -76.359125
96.200000	 -76.359112
96.250000	 -76.359098
96.300000	 -76.359085
96.350000	 -76.359071
96.400000	 -76.359057
96.450000	 -76.359042
96.500000	 -76.359028
96.550000	 -76.359014
96.600000	 -76.358999
96.650000	 -76.358985
96.700000	 -76.358970
96.750000	 -76.358955
96.800000	 -76.358940
96.850000	 -76.358925
96.900000	 -76.358910
96.950000	 -76.358894
97.000000	 -76.358879
97.050000	 -76.358863
97.100000	 -76.358848
97.150000	 -76.358832
97.200000	 -76.358816
97.250000	 -76.358800
97.300000	 -76.358784
97.350000	 -76.358767
97.400000	 -76.358751
97.450000	 -76.358734
97.500000	 -76.358718
97.550000	 -76.358701
97.600000	 -76.358684
97.650000	 -76.358667
97.700000	 -76.358650
97.750000	 -76.358633
97.800000	 -76.358615
97.850000	 -76.358598
97.900000	 -76.358580
97.950000	 -76.358562
98.000000	 -76.358545
98.050000	 -76.358527
98.100000	 -76.358509
98.150000	 -76.358491
98.200000	 -76.358472
98.250000	 -76.358454
98.300000	 -76.358436
98.350000	 -76.358417
98.400000	 -76.358398
98.450000	 -76.358380
98.500000	 -76.358361
98.550000	 -76.358342
98.600000	 -76.358323
98.650000	 -76.358303
98.700000	 -76.358284
98.750000	 -76.358265
98.800000	 -76.358245
98.850000	 -76.358226
98.900000	 -76.358206
98.950000	 -76.358186
99.000000	 -76.358166
99.050000	 -76.358146
99.100000	 -76.358126
99.150000	 -76.358106
99.200000	 -76.358085
99.250000	 -76.358065
99.300000	 -76.358044
99.350000	 -76.358024
99.400000	 -76.358003
99.450000	 -76.357982
99.500000	 -76.357961
99.550000	 -76.357940
99.600000	 -76.357919
99.650000	 -76.357898
99.700000	 -76.357877
99.750000	 -76.357855
99.800000	 -76.357834
99.850000	 -76.357812
99.900000	 -76.357790
99.950000	 -76.357768
100.000000	 -76.357747
