0.000000	 -76.331845
0.050000	 -76.331845
0.100000	 -76.331845
0.150000	 -76.331845
0.200000	 -76.331844
0.250000	 -76.331844
0.300000	 -76.331844
0.350000	 -76.331844
0.400000	 -76.331844
0.450000	 -76.331844
0.500000	 -76.331844
0.550000	 -76.331844
0.600000	 -76.331844
0.650000	 -76.331844
0.700000	 -76.331844
0.750000	 -76.331843
0.800000	 -76.331843
0.850000	 -76.331843
0.900000	 -76.331843
0.950000	 -76.331843
1.000000	 -76.331843
1.050000	 -76.331843
1.100000	 -76.331843
1.150000	 -76.331843
1.200000	 -76.331843
1.250000	 -76.331843
1.300000	 -76.331843
1.350000	 -76.331842
1.400000	 -76.331842
1.450000	 -76.331842
1.500000	 -76.331842
1.550000	 -76.331842
1.600000	 -76.331842
1.650000	 -76.331842
1.700000	 -76.331842
1.750000	 -76.331842
1.800000	 -76.331842
1.850000	 -76.331842
1.900000	 -76.331841
1.950000	 -76.331841
2.000000	 -76.331841
2.050000	 -76.331841
2.100000	 -76.331841
2.150000	 -76.331841
2.200000	 -76.331841
2.250000	 -76.331841
2.300000	 -76.331841
2.350000	 -76.331841
2.400000	 -76.331841
2.450000	 -76.331840
2.500000	 -76.331840
2.550000	 -76.331840
2.600000	 -76.331840
2.650000	 -76.331840
2.700000	 -76.331840
2.750000	 -76.331840
2.800000	 -76.331840
2.850000	 -76.331840
2.900000	 -76.331840
2.950000	 -76.331840
3.000000	 -76.331840
3.050000	 -76.331839
3.100000	 -76.331839
3.150000	 -76.331839
3.200000	 -76.331839
3.250000	 -76.331839
3.300000	 -76.331839
3.350000	 -76.331839
3.400000	 -76.331839
3.450000	 -76.331839
3.500000	 -76.331839
3.550000	 -76.331839
3.600000	 -76.331838
3.650000	 -76.331838
3.700000	 -76.331838
3.750000	 -76.331838
3.800000	 -76.331838
3.850000	 -76.331838
3.900000	 -76.331838
3.950000	 -76.331838
4.000000	 -76.331838
4.050000	 -76.331838
4.100000	 -76.331838
4.150000	 -76.331837
4.200000	 -76.331837
4.250000	 -76.331837
4.300000	 -76.331837
4.350000	 -76.331837
4.400000	 -76.331837
4.450000	 -76.331837
4.500000	 -76.331837
4.550000	 -76.331837
4.600000	 -76.331837
4.650000	 -76.331837
4.700000	 -76.331837
4.750000	 -76.331836
4.800000	 -76.331836
4.850000	 -76.331836
4.900000	 -76.331836
4.950000	 -76.331836
5.000000	 -76.331836
5.050000	 -76.331832
5.100000	 -76.331812
5.150000	 -76.331758
5.200000	 -76.331651
5.250000	 -76.331473
5.300000	 -76.331210
5.350000	 -76.330851
5.400000	 -76.330388
5.450000	 -76.329818
5.500000	 -76.329138
5.550000	 -76.328349
5.600000	 -76.327451
5.650000	 -76.326448
5.700000	 -76.325344
5.750000	 -76.324144
5.800000	 -76.322850
5.850000	 -76.321471
5.900000	 -76.320009
5.950000	 -76.318472
6.000000	 -76.316864
6.050000	 -76.315192
6.100000	 -76.313459
6.150000	 -76.311672
6.200000	 -76.309836
6.250000	 -76.307955
6.300000	 -76.306033
6.350000	 -76.304076
6.400000	 -76.302088
6.450000	 -76.300072
6.500000	 -76.298033
6.550000	 -76.295974
6.600000	 -76.293898
6.650000	 -76.291808
6.700000	 -76.289708
6.750000	 -76.287601
6.800000	 -76.285489
6.850000	 -76.283374
6.900000	 -76.281259
6.950000	 -76.279146
7.000000	 -76.277038
7.050000	 -76.274935
7.100000	 -76.272840
7.150000	 -76.270755
7.200000	 -76.268681
7.250000	 -76.266619
7.300000	 -76.264571
7.350000	 -76.262538
7.400000	 -76.260521
7.450000	 -76.258522
7.500000	 -76.256540
7.550000	 -76.254578
7.600000	 -76.252636
7.650000	 -76.250714
7.700000	 -76.248813
7.750000	 -76.246935
7.800000	 -76.245079
7.850000	 -76.243246
7.900000	 -76.241436
7.950000	 -76.239651
8.000000	 -76.237890
8.050000	 -76.236153
8.100000	 -76.234441
8.150000	 -76.232754
8.200000	 -76.231093
8.250000	 -76.229457
8.300000	 -76.227846
8.350000	 -76.226261
8.400000	 -76.224702
8.450000	 -76.223169
8.500000	 -76.221662
8.550000	 -76.220181
8.600000	 -76.218725
8.650000	 -76.217296
8.700000	 -76.215892
8.750000	 -76.214514
8.800000	 -76.213161
8.850000	 -76.211834
8.900000	 -76.210532
8.950000	 -76.209255
9.000000	 -76.208004
9.050000	 -76.206777
9.100000	 -76.205575
9.150000	 -76.204398
9.200000	 -76.203245
9.250000	 -76.202116
9.300000	 -76.201010
9.350000	 -76.199929
9.400000	 -76.198871
9.450000	 -76.197836
9.500000	 -76.196824
9.550000	 -76.195835
9.600000	 -76.194869
9.650000	 -76.193924
9.700000	 -76.193002
9.750000	 -76.192101
9.800000	 -76.191222
9.850000	 -76.190363
9.900000	 -76.189526
9.950000	 -76.188709
10.000000	 -76.187913
10.050000	 -76.187136
10.100000	 -76.186380
10.150000	 -76.185642
10.200000	 -76.184924
10.250000	 -76.184225
10.300000	 -76.183545
10.350000	 -76.182883
10.400000	 -76.182238
10.450000	 -76.181612
10.500000	 -76.181003
10.550000	 -76.180412
10.600000	 -76.179837
10.650000	 -76.179279
10.700000	 -76.178738
10.750000	 -76.178212
10.800000	 -76.177702
10.850000	 -76.177208
10.900000	 -76.176730
10.950000	 -76.176266
11.000000	 -76.175817
11.050000	 -76.175383
11.100000	 -76.174962
11.150000	 -76.174556
11.200000	 -76.174164
11.250000	 -76.173785
11.300000	 -76.173419
11.350000	 -76.173067
11.400000	 -76.172727
11.450000	 -76.172399
11.500000	 -76.172084
11.550000	 -76.171781
11.600000	 -76.171489
11.650000	 -76.171209
11.700000	 -76.170941
11.750000	 -76.170683
11.800000	 -76.170437
11.850000	 -76.170201
11.900000	 -76.169975
11.950000	 -76.169760
12.000000	 -76.169555
12.050000	 -76.169360
12.100000	 -76.169174
12.150000	 -76.168998
12.200000	 -76.168830
12.250000	 -76.168672
12.300000	 -76.168523
12.350000	 -76.168382
12.400000	 -76.168250
12.450000	 -76.168126
12.500000	 -76.168010
12.550000	 -76.167902
12.600000	 -76.167802
12.650000	 -76.167709
12.700000	 -76.167624
12.750000	 -76.167546
12.800000	 -76.167475
12.850000	 -76.167410
12.900000	 -76.167353
12.950000	 -76.167302
13.000000	 -76.167258
13.050000	 -76.167219
13.100000	 -76.167187
13.150000	 -76.167161
13.200000	 -76.167141
13.250000	 -76.167127
13.300000	 -76.167118
13.350000	 -76.167114
13.400000	 -76.167116
13.450000	 -76.167123
13.500000	 -76.167135
13.550000	 -76.167152
13.600000	 -76.167174
13.650000	 -76.167200
13.700000	 -76.167231
13.750000	 -76.167267
13.800000	 -76.167306
13.850000	 -76.167350
13.900000	 -76.167399
13.950000	 -76.167451
14.000000	 -76.167507
14.050000	 -76.167567
14.100000	 -76.167630
14.150000	 -76.167697
14.200000	 -76.167768
14.250000	 -76.167842
14.300000	 -76.167920
14.350000	 -76.168000
14.400000	 -76.168084
14.450000	 -76.168171
14.500000	 -76.168261
14.550000	 -76.168354
14.600000	 -76.168449
14.650000	 -76.168548
14.700000	 -76.168649
14.750000	 -76.168752
14.800000	 -76.168859
14.850000	 -76.168967
14.900000	 -76.169078
14.950000	 -76.169192
15.000000	 -76.169307
15.050000	 -76.169425
15.100000	 -76.169545
15.150000	 -76.169666
15.200000	 -76.169790
15.250000	 -76.169916
15.300000	 -76.170044
15.350000	 -76.170173
15.400000	 -76.170305
15.450000	 -76.170438
15.500000	 -76.170572
15.550000	 -76.170708
15.600000	 -76.170846
15.650000	 -76.170985
15.700000	 -76.171126
15.750000	 -76.171268
15.800000	 -76.171412
15.850000	 -76.171557
15.900000	 -76.171703
15.950000	 -76.171850
16.000000	 -76.171999
16.050000	 -76.172148
16.100000	 -76.172299
16.150000	 -76.172451
16.200000	 -76.172604
16.250000	 -76.172758
16.300000	 -76.172913
16.350000	 -76.173069
16.400000	 -76.173226
16.450000	 -76.173383
16.500000	 -76.173542
16.550000	 -76.173701
16.600000	 -76.173861
16.650000	 -76.174022
16.700000	 -76.174184
16.750000	 -76.174346
16.800000	 -76.174509
16.850000	 -76.174672
16.900000	 -76.174836
16.950000	 -76.175001
17.000000	 -76.175167
17.050000	 -76.175332
17.100000	 -76.175499
17.150000	 -76.175666
17.200000	 -76.175833
17.250000	 -76.176001
17.300000	 -76.176169
17.350000	 -76.176338
17.400000	 -76.176507
17.450000	 -76.176677
17.500000	 -76.176847
17.550000	 -76.177017
17.600000	 -76.177188
17.650000	 -76.177359
17.700000	 -76.177530
17.750000	 -76.177701
17.800000	 -76.177873
17.850000	 -76.178045
17.900000	 -76.178218
17.950000	 -76.178390
18.000000	 -76.178563
18.050000	 -76.178736
18.100000	 -76.178909
18.150000	 -76.179083
18.200000	 -76.179256
18.250000	 -76.179430
18.300000	 -76.179604
18.350000	 -76.179778
18.400000	 -76.179952
18.450000	 -76.180126
18.500000	 -76.180301
18.550000	 -76.180475
18.600000	 -76.180650
18.650000	 -76.180825
18.700000	 -76.181000
18.750000	 -76.181174
18.800000	 -76.181349
18.850000	 -76.181524
18.900000	 -76.181700
18.950000	 -76.181875
19.000000	 -76.182050
19.050000	 -76.182225
19.100000	 -76.182401
19.150000	 -76.182576
19.200000	 -76.182751
19.250000	 -76.182927
19.300000	 -76.183102
19.350000	 -76.183278
19.400000	 -76.183453
19.450000	 -76.183629
19.500000	 -76.183804
19.550000	 -76.183980
19.600000	 -76.184155
19.650000	 -76.184330
19.700000	 -76.184506
19.750000	 -76.184681
19.800000	 -76.184857
19.850000	 -76.185032
19.900000	 -76.185208
19.950000	 -76.185383
20.000000	 -76.185558
20.050000	 -76.185734
20.100000	 -76.185909
20.150000	 -76.186084
20.200000	 -76.186260
20.250000	 -76.186435
20.300000	 -76.186610
20.350000	 -76.186785
20.400000	 -76.186960
20.450000	 -76.187136
20.500000	 -76.187311
20.550000	 -76.187486
20.600000	 -76.187661
20.650000	 -76.187836
20.700000	 -76.188011
20.750000	 -76.188186
20.800000	 -76.188360
20.850000	 -76.188535
20.900000	 -76.188710
20.950000	 -76.188885
21.000000	 -76.189060
21.050000	 -76.189234
21.100000	 -76.189409
21.150000	 -76.189583
21.200000	 -76.189758
21.250000	 -76.189933
21.300000	 -76.190107
21.350000	 -76.190282
21.400000	 -76.190456
21.450000	 -76.190630
21.500000	 -76.190805
21.550000	 -76.190979
21.600000	 -76.191154
21.650000	 -76.191328
21.700000	 -76.191502
21.750000	 -76.191676
21.800000	 -76.191851
21.850000	 -76.192025
21.900000	 -76.192199
21.950000	 -76.192373
22.000000	 -76.192547
22.050000	 -76.192721
22.100000	 -76.192895
22.150000	 -76.193069
22.200000	 -76.193243
22.250000	 -76.193417
22.300000	 -76.193591
22.350000	 -76.193765
22.400000	 -76.193939
22.450000	 -76.194113
22.500000	 -76.194287
22.550000	 -76.194461
22.600000	 -76.194635
22.650000	 -76.194809
22.700000	 -76.194983
22.750000	 -76.195157
22.800000	 -76.195331
22.850000	 -76.195505
22.900000	 -76.195679
22.950000	 -76.195852
23.000000	 -76.196026
23.050000	 -76.196200
23.100000	 -76.196374
23.150000	 -76.196548
23.200000	 -76.196722
23.250000	 -76.196896
23.300000	 -76.197070
23.350000	 -76.197244
23.400000	 -76.197418
23.450000	 -76.197592
23.500000	 -76.197766
23.550000	 -76.197940
23.600000	 -76.198114
23.650000	 -76.198288
23.700000	 -76.198462
23.750000	 -76.198636
23.800000	 -76.198810
23.850000	 -76.198984
23.900000	 -76.199158
23.950000	 -76.199332
24.000000	 -76.199507
24.050000	 -76.199681
24.100000	 -76.199855
24.150000	 -76.200029
24.200000	 -76.200204
24.250000	 -76.200378
24.300000	 -76.200552
24.350000	 -76.200727
24.400000	 -76.200901
24.450000	 -76.201076
24.500000	 -76.201250
24.550000	 -76.201425
24.600000	 -76.201599
24.650000	 -76.201774
24.700000	 -76.201949
24.750000	 -76.202123
24.800000	 -76.202298
24.850000	 -76.202473
24.900000	 -76.202648
24.950000	 -76.202823
25.000000	 -76.202998
25.050000	 -76.203173
25.100000	 -76.203348
25.150000	 -76.203524
25.200000	 -76.203700
25.250000	 -76.203877
25.300000	 -76.204054
25.350000	 -76.204231
25.400000	 -76.204409
25.450000	 -76.204586
25.500000	 -76.204764
25.550000	 -76.204942
25.600000	 -76.205120
25.650000	 -76.205298
25.700000	 -76.205476
25.750000	 -76.205654
25.800000	 -76.205832
25.850000	 -76.206010
25.900000	 -76.206188
25.950000	 -76.206366
26.000000	 -76.206544
26.050000	 -76.206722
26.100000	 -76.206900
26.150000	 -76.207079
26.200000	 -76.207257
26.250000	 -76.207435
26.300000	 -76.207613
26.350000	 -76.207791
26.400000	 -76.207969
26.450000	 -76.208147
26.500000	 -76.208325
26.550000	 -76.208503
26.600000	 -76.208681
26.650000	 -76.208859
26.700000	 -76.209038
26.750000	 -76.209216
26.800000	 -76.209394
26.850000	 -76.209572
26.900000	 -76.209751
26.950000	 -76.209929
27.000000	 -76.210107
27.050000	 -76.210286
27.100000	 -76.210464
27.150000	 -76.210643
27.200000	 -76.210821
27.250000	 -76.211000
27.300000	 -76.211178
27.350000	 -76.211357
27.400000	 -76.211536
27.450000	 -76.211714
27.500000	 -76.211893
27.550000	 -76.212072
27.600000	 -76.212251
27.650000	 -76.212430
27.700000	 -76.212609
27.750000	 -76.212788
27.800000	 -76.212967
27.850000	 -76.213146
27.900000	 -76.213325
27.950000	 -76.213504
28.000000	 -76.213684
28.050000	 -76.213863
28.100000	 -76.214042
28.150000	 -76.214222
28.200000	 -76.214401
28.250000	 -76.214581
28.300000	 -76.214761
28.350000	 -76.214940
28.400000	 -76.215120
28.450000	 -76.215300
28.500000	 -76.215480
28.550000	 -76.215660
28.600000	 -76.215840
28.650000	 -76.216020
28.700000	 -76.216200
28.750000	 -76.216380
28.800000	 -76.216561
28.850000	 -76.216741
28.900000	 -76.216921
28.950000	 -76.217102
29.000000	 -76.217282
29.050000	 -76.217463
29.100000	 -76.217644
29.150000	 -76.217825
29.200000	 -76.218005
29.250000	 -76.218186
29.300000	 -76.218367
29.350000	 -76.218548
29.400000	 -76.218729
29.450000	 -76.218910
29.500000	 -76.219091
29.550000	 -76.219273
29.600000	 -76.219454
29.650000	 -76.219635
29.700000	 -76.219817
29.750000	 -76.219998
29.800000	 -76.220180
29.850000	 -76.220362
29.900000	 -76.220543
29.950000	 -76.220725
30.000000	 -76.220907
30.050000	 -76.221089
30.100000	 -76.221271
30.150000	 -76.221453
30.200000	 -76.221635
30.250000	 -76.221817
30.300000	 -76.221999
30.350000	 -76.222181
30.400000	 -76.222364
30.450000	 -76.222546
30.500000	 -76.222729
30.550000	 -76.222911
30.600000	 -76.223094
30.650000	 -76.223276
30.700000	 -76.223459
30.750000	 -76.223642
30.800000	 -76.223824
30.850000	 -76.224007
30.900000	 -76.224190
30.950000	 -76.224373
31.000000	 -76.224556
31.050000	 -76.224739
31.100000	 -76.224922
31.150000	 -76.225106
31.200000	 -76.225289
31.250000	 -76.225472
31.300000	 -76.225655
31.350000	 -76.225839
31.400000	 -76.226022
31.450000	 -76.226206
31.500000	 -76.226389
31.550000	 -76.226573
31.600000	 -76.226756
31.650000	 -76.226940
31.700000	 -76.227124
31.750000	 -76.227308
31.800000	 -76.227491
31.850000	 -76.227675
31.900000	 -76.227859
31.950000	 -76.228043
32.000000	 -76.228227
32.050000	 -76.228411
32.100000	 -76.228595
32.150000	 -76.228779
32.200000	 -76.228964
32.250000	 -76.229148
32.300000	 -76.229332
32.350000	 -76.229516
32.400000	 -76.229701
32.450000	 -76.229885
32.500000	 -76.230069
32.550000	 -76.230254
32.600000	 -76.230438
32.650000	 -76.230623
32.700000	 -76.230807
32.750000	 -76.230992
32.800000	 -76.231177
32.850000	 -76.231361
32.900000	 -76.231546
32.950000	 -76.231731
33.000000	 -76.231915
33.050000	 -76.232100
33.100000	 -76.232285
33.150000	 -76.232470
33.200000	 -76.232655
33.250000	 -76.232840
33.300000	 -76.233024
33.350000	 -76.233209
33.400000	 -76.233394
33.450000	 -76.233579
33.500000	 -76.233764
33.550000	 -76.233949
33.600000	 -76.234134
33.650000	 -76.234319
33.700000	 -76.234505
33.750000	 -76.234690
33.800000	 -76.234875
33.850000	 -76.235060
33.900000	 -76.235245
33.950000	 -76.235430
34.000000	 -76.235615
34.050000	 -76.235801
34.100000	 -76.235986
34.150000	 -76.236171
34.200000	 -76.236356
34.250000	 -76.236541
34.300000	 -76.236727
34.350000	 -76.236912
34.400000	 -76.237097
34.450000	 -76.237283
34.500000	 -76.237468
34.550000	 -76.237653
34.600000	 -76.237838
34.650000	 -76.238024
34.700000	 -76.238209
34.750000	 -76.238394
34.800000	 -76.238580
34.850000	 -76.238765
34.900000	 -76.238950
34.950000	 -76.239135
35.000000	 -76.239321
35.050000	 -76.239506
35.100000	 -76.239691
35.150000	 -76.239877
35.200000	 -76.240062
35.250000	 -76.240247
35.300000	 -76.240432
35.350000	 -76.240618
35.400000	 -76.240803
35.450000	 -76.240988
35.500000	 -76.241173
35.550000	 -76.241359
35.600000	 -76.241544
35.650000	 -76.241729
35.700000	 -76.241914
35.750000	 -76.242099
35.800000	 -76.242285
35.850000	 -76.242470
35.900000	 -76.242655
35.950000	 -76.242840
36.000000	 -76.243025
36.050000	 -76.243210
36.100000	 -76.243395
36.150000	 -76.243580
36.200000	 -76.243765
36.250000	 -76.243950
36.300000	 -76.244135
36.350000	 -76.244320
36.400000	 -76.244505
36.450000	 -76.244690
36.500000	 -76.244874
36.550000	 -76.245059
36.600000	 -76.245244
36.650000	 -76.245429
36.700000	 -76.245614
36.750000	 -76.245798
36.800000	 -76.245983
36.850000	 -76.246167
36.900000	 -76.246352
36.950000	 -76.246537
37.000000	 -76.246721
37.050000	 -76.246906
37.100000	 -76.247090
37.150000	 -76.247274
37.200000	 -76.247459
37.250000	 -76.247643
37.300000	 -76.247827
37.350000	 -76.248012
37.400000	 -76.248196
37.450000	 -76.248380
37.500000	 -76.248564
37.550000	 -76.248748
37.600000	 -76.248932
37.650000	 -76.249116
37.700000	 -76.249300
37.750000	 -76.249484
37.800000	 -76.249668
37.850000	 -76.249851
37.900000	 -76.250035
37.950000	 -76.250219
38.000000	 -76.250402
38.050000	 -76.250586
38.100000	 -76.250769
38.150000	 -76.250953
38.200000	 -76.251136
38.250000	 -76.251320
38.300000	 -76.251503
38.350000	 -76.251686
38.400000	 -76.251869
38.450000	 -76.252052
38.500000	 -76.252235
38.550000	 -76.252418
38.600000	 -76.252601
38.650000	 -76.252784
38.700000	 -76.252967
38.750000	 -76.253150
38.800000	 -76.253332
38.850000	 -76.253515
38.900000	 -76.253697
38.950000	 -76.253880
39.000000	 -76.254062
39.050000	 -76.254244
39.100000	 -76.254427
39.150000	 -76.254609
39.200000	 -76.254791
39.250000	 -76.254973
39.300000	 -76.255155
39.350000	 -76.255337
39.400000	 -76.255518
39.450000	 -76.255700
39.500000	 -76.255882
39.550000	 -76.256063
39.600000	 -76.256245
39.650000	 -76.256426
39.700000	 -76.256607
39.750000	 -76.256788
39.800000	 -76.256970
39.850000	 -76.257151
39.900000	 -76.257332
39.950000	 -76.257512
40.000000	 -76.257693
40.050000	 -76.257874
40.100000	 -76.258055
40.150000	 -76.258235
40.200000	 -76.258416
40.250000	 -76.258596
40.300000	 -76.258776
40.350000	 -76.258956
40.400000	 -76.259136
40.450000	 -76.259316
40.500000	 -76.259496
40.550000	 -76.259676
40.600000	 -76.259856
40.650000	 -76.260035
40.700000	 -76.260215
40.750000	 -76.260394
40.800000	 -76.260574
40.850000	 -76.260753
40.900000	 -76.260932
40.950000	 -76.261111
41.000000	 -76.261290
41.050000	 -76.261469
41.100000	 -76.261647
41.150000	 -76.261826
41.200000	 -76.262004
41.250000	 -76.262183
41.300000	 -76.262361
41.350000	 -76.262539
41.400000	 -76.262717
41.450000	 -76.262895
41.500000	 -76.263073
41.550000	 -76.263251
41.600000	 -76.263428
41.650000	 -76.263606
41.700000	 -76.263783
41.750000	 -76.263961
41.800000	 -76.264138
41.850000	 -76.264315
41.900000	 -76.264492
41.950000	 -76.264669
42.000000	 -76.264845
42.050000	 -76.265022
42.100000	 -76.265199
42.150000	 -76.265375
42.200000	 -76.265551
42.250000	 -76.265727
42.300000	 -76.265903
42.350000	 -76.266079
42.400000	 -76.266255
42.450000	 -76.266431
42.500000	 -76.266606
42.550000	 -76.266781
42.600000	 -76.266957
42.650000	 -76.267132
42.700000	 -76.267307
42.750000	 -76.267482
42.800000	 -76.267657
42.850000	 -76.267831
42.900000	 -76.268006
42.950000	 -76.268180
43.000000	 -76.268354
43.050000	 -76.268529
43.100000	 -76.268703
43.150000	 -76.268876
43.200000	 -76.269050
43.250000	 -76.269224
43.300000	 -76.269397
43.350000	 -76.269570
43.400000	 -76.269744
43.450000	 -76.269917
43.500000	 -76.270090
43.550000	 -76.270262
43.600000	 -76.270435
43.650000	 -76.270608
43.700000	 -76.270780
43.750000	 -76.270952
43.800000	 -76.271124
43.850000	 -76.271296
43.900000	 -76.271468
43.950000	 -76.271640
44.000000	 -76.271811
44.050000	 -76.271983
44.100000	 -76.272154
44.150000	 -76.272325
44.200000	 -76.272496
44.250000	 -76.272667
44.300000	 -76.272837
44.350000	 -76.273008
44.400000	 -76.273178
44.450000	 -76.273348
44.500000	 -76.273519
44.550000	 -76.273688
44.600000	 -76.273858
44.650000	 -76.274028
44.700000	 -76.274197
44.750000	 -76.274367
44.800000	 -76.274536
44.850000	 -76.274705
44.900000	 -76.274874
44.950000	 -76.275042
45.000000	 -76.275211
45.050000	 -76.275379
45.100000	 -76.275548
45.150000	 -76.275716
45.200000	 -76.275884
45.250000	 -76.276051
45.300000	 -76.276219
45.350000	 -76.276386
45.400000	 -76.276554
45.450000	 -76.276721
45.500000	 -76.276888
45.550000	 -76.277055
45.600000	 -76.277221
45.650000	 -76.277388
45.700000	 -76.277554
45.750000	 -76.277720
45.800000	 -76.277886
45.850000	 -76.278052
45.900000	 -76.278218
45.950000	 -76.278383
46.000000	 -76.278549
46.050000	 -76.278714
46.100000	 -76.278879
46.150000	 -76.279044
46.200000	 -76.279208
46.250000	 -76.279373
46.300000	 -76.279537
46.350000	 -76.279701
46.400000	 -76.279865
46.450000	 -76.280029
46.500000	 -76.280193
46.550000	 -76.280356
46.600000	 -76.280520
46.650000	 -76.280683
46.700000	 -76.280846
46.750000	 -76.281009
46.800000	 -76.281171
46.850000	 -76.281334
46.900000	 -76.281496
46.950000	 -76.281658
47.000000	 -76.281820
47.050000	 -76.281982
47.100000	 -76.282143
47.150000	 -76.282305
47.200000	 -76.282466
47.250000	 -76.282627
47.300000	 -76.282788
47.350000	 -76.282949
47.400000	 -76.283109
47.450000	 -76.283269
47.500000	 -76.283430
47.550000	 -76.283589
47.600000	 -76.283749
47.650000	 -76.283909
47.700000	 -76.284068
47.750000	 -76.284228
47.800000	 -76.284387
47.850000	 -76.284546
47.900000	 -76.284704
47.950000	 -76.284863
48.000000	 -76.285021
48.050000	 -76.285179
48.100000	 -76.285337
48.150000	 -76.285495
48.200000	 -76.285652
48.250000	 -76.285810
48.300000	 -76.285967
48.350000	 -76.286124
48.400000	 -76.286281
48.450000	 -76.286438
48.500000	 -76.286594
48.550000	 -76.286750
48.600000	 -76.286906
48.650000	 -76.287062
48.700000	 -76.287218
48.750000	 -76.287374
48.800000	 -76.287529
48.850000	 -76.287684
48.900000	 -76.287839
48.950000	 -76.287994
49.000000	 -76.288148
49.050000	 -76.288303
49.100000	 -76.288457
49.150000	 -76.288611
49.200000	 -76.288764
49.250000	 -76.288918
49.300000	 -76.289071
49.350000	 -76.289225
49.400000	 -76.289378
49.450000	 -76.289530
49.500000	 -76.289683
49.550000	 -76.289835
49.600000	 -76.289988
49.650000	 -76.290140
49.700000	 -76.290291
49.750000	 -76.290443
49.800000	 -76.290595
49.850000	 -76.290746
49.900000	 -76.290897
49.950000	 -76.291048
50.000000	 -76.291198
50.050000	 -76.291349
50.100000	 -76.291499
50.150000	 -76.291649
50.200000	 -76.291799
50.250000	 -76.291948
50.300000	 -76.292098
50.350000	 -76.292247
50.400000	 -76.292396
50.450000	 -76.292545
50.500000	 -76.292693
50.550000	 -76.292842
50.600000	 -76.292990
50.650000	 -76.293138
50.700000	 -76.293286
50.750000	 -76.293433
50.800000	 -76.293581
50.850000	 -76.293728
50.900000	 -76.293875
50.950000	 -76.294022
51.000000	 -76.294168
51.050000	 -76.294314
51.100000	 -76.294461
51.150000	 -76.294607
51.200000	 -76.294752
51.250000	 -76.294898
51.300000	 -76.295043
51.350000	 -76.295188
51.400000	 -76.295333
51.450000	 -76.295478
51.500000	 -76.295622
51.550000	 -76.295767
51.600000	 -76.295911
51.650000	 -76.296054
51.700000	 -76.296198
51.750000	 -76.296341
51.800000	 -76.296485
51.850000	 -76.296628
51.900000	 -76.296770
51.950000	 -76.296913
52.000000	 -76.297055
52.050000	 -76.297198
52.100000	 -76.297340
52.150000	 -76.297481
52.200000	 -76.297623
52.250000	 -76.297764
52.300000	 -76.297905
52.350000	 -76.298046
52.400000	 -76.298187
52.450000	 -76.298327
52.500000	 -76.298467
52.550000	 -76.298607
52.600000	 -76.298747
52.650000	 -76.298887
52.700000	 -76.299026
52.750000	 -76.299165
52.800000	 -76.299304
52.850000	 -76.299443
52.900000	 -76.299582
52.950000	 -76.299720
53.000000	 -76.299858
53.050000	 -76.299996
53.100000	 -76.300133
53.150000	 -76.300271
53.200000	 -76.300408
53.250000	 -76.300545
53.300000	 -76.300682
53.350000	 -76.300818
53.400000	 -76.300955
53.450000	 -76.301091
53.500000	 -76.301227
53.550000	 -76.301362
53.600000	 -76.301498
53.650000	 -76.301633
53.700000	 -76.301768
53.750000	 -76.301903
53.800000	 -76.302038
53.850000	 -76.302172
53.900000	 -76.302306
53.950000	 -76.302440
54.000000	 -76.302574
54.050000	 -76.302707
54.100000	 -76.302840
54.150000	 -76.302974
54.200000	 -76.303106
54.250000	 -76.303239
54.300000	 -76.303371
54.350000	 -76.303503
54.400000	 -76.303635
54.450000	 -76.303767
54.500000	 -76.303899
54.550000	 -76.304030
54.600000	 -76.304161
54.650000	 -76.304292
54.700000	 -76.304422
54.750000	 -76.304553
54.800000	 -76.304683
54.850000	 -76.304813
54.900000	 -76.304943
54.950000	 -76.305072
55.000000	 -76.305201
55.050000	 -76.305330
55.100000	 -76.305459
55.150000	 -76.305588
55.200000	 -76.305716
55.250000	 -76.305844
55.300000	 -76.305972
55.350000	 -76.306100
55.400000	 -76.306227
55.450000	 -76.306355
55.500000	 -76.306482
55.550000	 -76.306608
55.600000	 -76.306735
55.650000	 -76.306861
55.700000	 -76.306987
55.750000	 -76.307113
55.800000	 -76.307239
55.850000	 -76.307364
55.900000	 -76.307490
55.950000	 -76.307615
56.000000	 -76.307739
56.050000	 -76.307864
56.100000	 -76.307988
56.150000	 -76.308112
56.200000	 -76.308236
56.250000	 -76.308360
56.300000	 -76.308483
56.350000	 -76.308606
56.400000	 -76.308729
56.450000	 -76.308852
56.500000	 -76.308975
56.550000	 -76.309097
56.600000	 -76.309219
56.650000	 -76.309341
56.700000	 -76.309462
56.750000	 -76.309584
56.800000	 -76.309705
56.850000	 -76.309826
56.900000	 -76.309946
56.950000	 -76.310067
57.000000	 -76.310187
57.050000	 -76.310307
57.100000	 -76.310427
57.150000	 -76.310546
57.200000	 -76.310666
57.250000	 -76.310785
57.300000	 -76.310904
57.350000	 -76.311022
57.400000	 -76.311141
57.450000	 -76.311259
57.500000	 -76.311377
57.550000	 -76.311495
57.600000	 -76.311612
57.650000	 -76.311729
57.700000	 -76.311846
57.750000	 -76.311963
57.800000	 -76.312080
57.850000	 -76.312196
57.900000	 -76.312312
57.950000	 -76.312428
58.000000	 -76.312544
58.050000	 -76.312659
58.100000	 -76.312774
58.150000	 -76.312889
58.200000	 -76.313004
58.250000	 -76.313119
58.300000	 -76.313233
58.350000	 -76.313347
58.400000	 -76.313461
58.450000	 -76.313574
58.500000	 -76.313688
58.550000	 -76.313801
58.600000	 -76.313914
58.650000	 -76.314026
58.700000	 -76.314139
58.750000	 -76.314251
58.800000	 -76.314363
58.850000	 -76.314475
58.900000	 -76.314586
58.950000	 -76.314698
59.000000	 -76.314809
59.050000	 -76.314920
59.100000	 -76.315030
59.150000	 -76.315141
59.200000	 -76.315251
59.250000	 -76.315361
59.300000	 -76.315471
59.350000	 -76.315580
59.400000	 -76.315689
59.450000	 -76.315798
59.500000	 -76.315907
59.550000	 -76.316016
59.600000	 -76.316124
59.650000	 -76.316232
59.700000	 -76.316340
59.750000	 -76.316448
59.800000	 -76.316555
59.850000	 -76.316662
59.900000	 -76.316769
59.950000	 -76.316876
60.000000	 -76.316982
60.050000	 -76.317089
60.100000	 -76.317195
60.150000	 -76.317300
60.200000	 -76.317406
60.250000	 -76.317511
60.300000	 -76.317617
60.350000	 -76.317721
60.400000	 -76.317826
60.450000	 -76.317931
60.500000	 -76.318035
60.550000	 -76.318139
60.600000	 -76.318243
60.650000	 -76.318346
60.700000	 -76.318449
60.750000	 -76.318552
60.800000	 -76.318655
60.850000	 -76.318758
60.900000	 -76.318860
60.950000	 -76.318962
61.000000	 -76.319064
61.050000	 -76.319166
61.100000	 -76.319268
61.150000	 -76.319369
61.200000	 -76.319470
61.250000	 -76.319571
61.300000	 -76.319671
61.350000	 -76.319771
61.400000	 -76.319872
61.450000	 -76.319971
61.500000	 -76.320071
61.550000	 -76.320170
61.600000	 -76.320270
61.650000	 -76.320369
61.700000	 -76.320467
61.750000	 -76.320566
61.800000	 -76.320664
61.850000	 -76.320762
61.900000	 -76.320860
61.950000	 -76.320958
62.000000	 -76.321055
62.050000	 -76.321152
62.100000	 -76.321249
62.150000	 -76.321346
62.200000	 -76.321442
62.250000	 -76.321539
62.300000	 -76.321635
62.350000	 -76.321730
62.400000	 -76.321826
62.450000	 -76.321921
62.500000	 -76.322016
62.550000	 -76.322111
62.600000	 -76.322206
62.650000	 -76.322300
62.700000	 -76.322395
62.750000	 -76.322489
62.800000	 -76.322582
62.850000	 -76.322676
62.900000	 -76.322769
62.950000	 -76.322862
63.000000	 -76.322955
63.050000	 -76.323048
63.100000	 -76.323140
63.150000	 -76.323232
63.200000	 -76.323324
63.250000	 -76.323416
63.300000	 -76.323507
63.350000	 -76.323599
63.400000	 -76.323690
63.450000	 -76.323781
63.500000	 -76.323871
63.550000	 -76.323962
63.600000	 -76.324052
63.650000	 -76.324142
63.700000	 -76.324231
63.750000	 -76.324321
63.800000	 -76.324410
63.850000	 -76.324499
63.900000	 -76.324588
63.950000	 -76.324677
64.000000	 -76.324765
64.050000	 -76.324853
64.100000	 -76.324941
64.150000	 -76.325029
64.200000	 -76.325116
64.250000	 -76.325204
64.300000	 -76.325291
64.350000	 -76.325377
64.400000	 -76.325464
64.450000	 -76.325550
64.500000	 -76.325637
64.550000	 -76.325722
64.600000	 -76.325808
64.650000	 -76.325894
64.700000	 -76.325979
64.750000	 -76.326064
64.800000	 -76.326149
64.850000	 -76.326233
64.900000	 -76.326318
64.950000	 -76.326402
65.000000	 -76.326486
65.050000	 -76.326570
65.100000	 -76.326653
65.150000	 -76.326736
65.200000	 -76.326819
65.250000	 -76.326902
65.300000	 -76.326985
65.350000	 -76.327067
65.400000	 -76.327149
65.450000	 -76.327231
65.500000	 -76.327313
65.550000	 -76.327395
65.600000	 -76.327476
65.650000	 -76.327557
65.700000	 -76.327638
65.750000	 -76.327719
65.800000	 -76.327799
65.850000	 -76.327879
65.900000	 -76.327959
65.950000	 -76.328039
66.000000	 -76.328119
66.050000	 -76.328198
66.100000	 -76.328277
66.150000	 -76.328356
66.200000	 -76.328435
66.250000	 -76.328513
66.300000	 -76.328591
66.350000	 -76.328669
66.400000	 -76.328747
66.450000	 -76.328825
66.500000	 -76.328902
66.550000	 -76.328979
66.600000	 -76.329056
66.650000	 -76.329133
66.700000	 -76.329210
66.750000	 -76.329286
66.800000	 -76.329362
66.850000	 -76.329438
66.900000	 -76.329514
66.950000	 -76.329589
67.000000	 -76.329664
67.050000	 -76.329739
67.100000	 -76.329814
67.150000	 -76.329889
67.200000	 -76.329963
67.250000	 -76.330037
67.300000	 -76.330111
67.350000	 -76.330185
67.400000	 -76.330259
67.450000	 -76.330332
67.500000	 -76.330405
67.550000	 -76.330478
67.600000	 -76.330551
67.650000	 -76.330623
67.700000	 -76.330696
67.750000	 -76.330768
67.800000	 -76.330839
67.850000	 -76.330911
67.900000	 -76.330983
67.950000	 -76.331054
68.000000	 -76.331125
68.050000	 -76.331196
68.100000	 -76.331266
68.150000	 -76.331337
68.200000	 -76.331407
68.250000	 -76.331477
68.300000	 -76.331546
68.350000	 -76.331616
68.400000	 -76.331685
68.450000	 -76.331754
68.500000	 -76.331823
68.550000	 -76.331892
68.600000	 -76.331961
68.650000	 -76.332029
68.700000	 -76.332097
68.750000	 -76.332165
68.800000	 -76.332232
68.850000	 -76.332300
68.900000	 -76.332367
68.950000	 -76.332434
69.000000	 -76.332501
69.050000	 -76.332568
69.100000	 -76.332634
69.150000	 -76.332700
69.200000	 -76.332766
69.250000	 -76.332832
69.300000	 -76.332898
69.350000	 -76.332963
69.400000	 -76.333028
69.450000	 -76.333093
69.500000	 -76.333158
69.550000	 -76.333223
69.600000	 -76.333287
69.650000	 -76.333351
69.700000	 -76.333415
69.750000	 -76.333479
69.800000	 -76.333543
69.850000	 -76.333606
69.900000	 -76.333669
69.950000	 -76.333732
70.000000	 -76.333795
70.050000	 -76.333857
70.100000	 -76.333920
70.150000	 -76.333982
70.200000	 -76.334044
70.250000	 -76.334106
70.300000	 -76.334167
70.350000	 -76.334229
70.400000	 -76.334290
70.450000	 -76.334351
70.500000	 -76.334411
70.550000	 -76.334472
70.600000	 -76.334532
70.650000	 -76.334592
70.700000	 -76.334652
70.750000	 -76.334712
70.800000	 -76.334772
70.850000	 -76.334831
70.900000	 -76.334890
70.950000	 -76.334949
71.000000	 -76.335008
71.050000	 -76.335067
71.100000	 -76.335125
71.150000	 -76.335183
71.200000	 -76.335241
71.250000	 -76.335299
71.300000	 -76.335356
71.350000	 -76.335414
71.400000	 -76.335471
71.450000	 -76.335528
71.500000	 -76.335585
71.550000	 -76.335641
71.600000	 -76.335698
71.650000	 -76.335754
71.700000	 -76.335810
71.750000	 -76.335866
71.800000	 -76.335922
71.850000	 -76.335977
71.900000	 -76.336032
71.950000	 -76.336087
72.000000	 -76.336142
72.050000	 -76.336197
72.100000	 -76.336251
72.150000	 -76.336306
72.200000	 -76.336360
72.250000	 -76.336414
72.300000	 -76.336467
72.350000	 -76.336521
72.400000	 -76.336574
72.450000	 -76.336627
72.500000	 -76.336680
72.550000	 -76.336733
72.600000	 -76.336786
72.650000	 -76.336838
72.700000	 -76.336890
72.750000	 -76.336942
72.800000	 -76.336994
72.850000	 -76.337046
72.900000	 -76.337097
72.950000	 -76.337148
73.000000	 -76.337199
73.050000	 -76.337250
73.100000	 -76.337301
73.150000	 -76.337351
73.200000	 -76.337402
73.250000	 -76.337452
73.300000	 -76.337502
73.350000	 -76.337551
73.400000	 -76.337601
73.450000	 -76.337650
73.500000	 -76.337700
73.550000	 -76.337749
73.600000	 -76.337797
73.650000	 -76.337846
73.700000	 -76.337894
73.750000	 -76.337943
73.800000	 -76.337991
73.850000	 -76.338039
73.900000	 -76.338086
73.950000	 -76.338134
74.000000	 -76.338181
74.050000	 -76.338228
74.100000	 -76.338275
74.150000	 -76.338322
74.200000	 -76.338369
74.250000	 -76.338415
74.300000	 -76.338462
74.350000	 -76.338508
74.400000	 -76.338554
74.450000	 -76.338599
74.500000	 -76.338645
74.550000	 -76.338690
74.600000	 -76.338735
74.650000	 -76.338780
74.700000	 -76.338825
74.750000	 -76.338870
74.800000	 -76.338914
74.850000	 -76.338959
74.900000	 -76.339003
74.950000	 -76.339047
75.000000	 -76.339090
75.050000	 -76.339134
75.100000	 -76.339177
75.150000	 -76.339221
75.200000	 -76.339264
75.250000	 -76.339306
75.300000	 -76.339349
75.350000	 -76.339392
75.400000	 -76.339434
75.450000	 -76.339476
75.500000	 -76.339518
75.550000	 -76.339560
75.600000	 -76.339602
75.650000	 -76.339643
75.700000	 -76.339684
75.750000	 -76.339725
75.800000	 -76.339766
75.850000	 -76.339807
75.900000	 -76.339848
75.950000	 -76.339888
76.000000	 -76.339928
76.050000	 -76.339969
76.100000	 -76.340008
76.150000	 -76.340048
76.200000	 -76.340088
76.250000	 -76.340127
76.300000	 -76.340166
76.350000	 -76.340205
76.400000	 -76.340244
76.450000	 -76.340283
76.500000	 -76.340322
76.550000	 -76.340360
76.600000	 -76.340398
76.650000	 -76.340436
76.700000	 -76.340474
76.750000	 -76.340512
76.800000	 -76.340549
76.850000	 -76.340587
76.900000	 -76.340624
76.950000	 -76.340661
77.000000	 -76.340698
77.050000	 -76.340734
77.100000	 -76.340771
77.150000	 -76.340807
77.200000	 -76.340844
77.250000	 -76.340880
77.300000	 -76.340915
77.350000	 -76.340951
77.400000	 -76.340987
77.450000	 -76.341022
77.500000	 -76.341057
77.550000	 -76.341092
77.600000	 -76.341127
77.650000	 -76.341162
77.700000	 -76.341196
77.750000	 -76.341231
77.800000	 -76.341265
77.850000	 -76.341299
77.900000	 -76.341333
77.950000	 -76.341367
78.000000	 -76.341400
78.050000	 -76.341434
78.100000	 -76.341467
78.150000	 -76.341500
78.200000	 -76.341533
78.250000	 -76.341566
78.300000	 -76.341599
78.350000	 -76.341631
78.400000	 -76.341663
78.450000	 -76.341695
78.500000	 -76.341727
78.550000	 -76.341759
78.600000	 -76.341791
78.650000	 -76.341822
78.700000	 -76.341854
78.750000	 -76.341885
78.800000	 -76.341916
78.850000	 -76.341947
78.900000	 -76.341978
78.950000	 -76.342008
79.000000	 -76.342039
79.050000	 -76.342069
79.100000	 -76.342099
79.150000	 -76.342129
79.200000	 -76.342159
79.250000	 -76.342188
79.300000	 -76.342218
79.350000	 -76.342247
79.400000	 -76.342276
79.450000	 -76.342306
79.500000	 -76.342334
79.550000	 -76.342363
79.600000	 -76.342392
79.650000	 -76.342420
79.700000	 -76.342448
79.750000	 -76.342476
79.800000	 -76.342504
79.850000	 -76.342532
79.900000	 -76.342560
79.950000	 -76.342587
80.000000	 -76.342615
80.050000	 -76.342642
80.100000	 -76.342669
80.150000	 -76.342696
80.200000	 -76.342723
80.250000	 -76.342749
80.300000	 -76.342776
80.350000	 -76.342802
80.400000	 -76.342828
80.450000	 -76.342854
80.500000	 -76.342880
80.550000	 -76.342906
80.600000	 -76.342932
80.650000	 -76.342957
80.700000	 -76.342982
80.750000	 -76.343008
80.800000	 -76.343033
80.850000	 -76.343057
80.900000	 -76.343082
80.950000	 -76.343107
81.000000	 -76.343131
81.050000	 -76.343155
81.100000	 -76.343180
81.150000	 -76.343203
81.200000	 -76.343227
81.250000	 -76.343251
81.300000	 -76.343275
81.350000	 -76.343298
81.400000	 -76.343321
81.450000	 -76.343344
81.500000	 -76.343367
81.550000	 -76.343390
81.600000	 -76.343413
81.650000	 -76.343436
81.700000	 -76.343458
81.750000	 -76.343480
81.800000	 -76.343502
81.850000	 -76.343525
81.900000	 -76.343546
81.950000	 -76.343568
82.000000	 -76.343590
82.050000	 -76.343611
82.100000	 -76.343633
82.150000	 -76.343654
82.200000	 -76.343675
82.250000	 -76.343696
82.300000	 -76.343716
82.350000	 -76.343737
82.400000	 -76.343758
82.450000	 -76.343778
82.500000	 -76.343798
82.550000	 -76.343818
82.600000	 -76.343838
82.650000	 -76.343858
82.700000	 -76.343878
82.750000	 -76.343897
82.800000	 -76.343917
82.850000	 -76.343936
82.900000	 -76.343955
82.950000	 -76.343974
83.000000	 -76.343993
83.050000	 -76.344012
83.100000	 -76.344030
83.150000	 -76.344049
83.200000	 -76.344067
83.250000	 -76.344085
83.300000	 -76.344104
83.350000	 -76.344122
83.400000	 -76.344139
83.450000	 -76.344157
83.500000	 -76.344175
83.550000	 -76.344192
83.600000	 -76.344209
83.650000	 -76.344227
83.700000	 -76.344244
83.750000	 -76.344261
83.800000	 -76.344277
83.850000	 -76.344294
83.900000	 -76.344311
83.950000	 -76.344327
84.000000	 -76.344343
84.050000	 -76.344359
84.100000	 -76.344376
84.150000	 -76.344391
84.200000	 -76.344407
84.250000	 -76.344423
84.300000	 -76.344438
84.350000	 -76.344454
84.400000	 -76.344469
84.450000	 -76.344484
84.500000	 -76.344499
84.550000	 -76.344514
84.600000	 -76.344529
84.650000	 -76.344544
84.700000	 -76.344558
84.750000	 -76.344573
84.800000	 -76.344587
84.850000	 -76.344601
84.900000	 -76.344615
84.950000	 -76.344629
85.000000	 -76.344643
85.050000	 -76.344656
85.100000	 -76.344670
85.150000	 -76.344683
85.200000	 -76.344697
85.250000	 -76.344710
85.300000	 -76.344723
85.350000	 -76.344736
85.400000	 -76.344749
85.450000	 -76.344762
85.500000	 -76.344774
85.550000	 -76.344787
85.600000	 -76.344799
85.650000	 -76.344811
85.700000	 -76.344823
85.750000	 -76.344835
85.800000	 -76.344847
85.850000	 -76.344859
85.900000	 -76.344871
85.950000	 -76.344882
86.000000	 -76.344894
86.050000	 -76.344905
86.100000	 -76.344916
86.150000	 -76.344927
86.200000	 -76.344938
86.250000	 -76.344949
86.300000	 -76.344960
86.350000	 -76.344971
86.400000	 -76.344981
86.450000	 -76.344991
86.500000	 -76.345002
86.550000	 -76.345012
86.600000	 -76.345022
86.650000	 -76.345032
86.700000	 -76.345042
86.750000	 -76.345052
86.800000	 -76.345061
86.850000	 -76.345071
86.900000	 -76.345080
86.950000	 -76.345089
87.000000	 -76.345098
87.050000	 -76.345108
87.100000	 -76.345116
87.150000	 -76.345125
87.200000	 -76.345134
87.250000	 -76.345143
87.300000	 -76.345151
87.350000	 -76.345160
87.400000	 -76.345168
87.450000	 -76.345176
87.500000	 -76.345184
87.550000	 -76.345192
87.600000	 -76.345200
87.650000	 -76.345208
87.700000	 -76.345215
87.750000	 -76.345223
87.800000	 -76.345230
87.850000	 -76.345238
87.900000	 -76.345245
87.950000	 -76.345252
88.000000	 -76.345259
88.050000	 -76.345266
88.100000	 -76.345273
88.150000	 -76.345280
88.200000	 -76.345286
88.250000	 -76.345293
88.300000	 -76.345299
88.350000	 -76.345305
88.400000	 -76.345312
88.450000	 -76.345318
88.500000	 -76.345324
88.550000	 -76.345329
88.600000	 -76.345335
88.650000	 -76.345341
88.700000	 -76.345347
88.750000	 -76.345352
88.800000	 -76.345357
88.850000	 -76.345363
88.900000	 -76.345368
88.950000	 -76.345373
89.000000	 -76.345378
89.050000	 -76.345383
89.100000	 -76.345388
89.150000	 -76.345392
89.200000	 -76.345397
89.250000	 -76.345401
89.300000	 -76.345406
89.350000	 -76.345410
89.400000	 -76.345414
89.450000	 -76.345418
89.500000	 -76.345422
89.550000	 -76.345426
89.600000	 -76.345430
89.650000	 -76.345434
89.700000	 -76.345437
89.750000	 -76.345441
89.800000	 -76.345444
89.850000	 -76.345448
89.900000	 -76.345451
89.950000	 -76.345454
90.000000	 -76.345457
90.050000	 -76.345460
90.100000	 -76.345463
90.150000	 -76.345466
90.200000	 -76.345468
90.250000	 -76.345471
90.300000	 -76.345473
90.350000	 -76.345476
90.400000	 -76.345478
90.450000	 -76.345480
90.500000	 -76.345482
90.550000	 -76.345484
90.600000	 -76.345486
90.650000	 -76.345488
90.700000	 -76.345490
90.750000	 -76.345492
90.800000	 -76.345493
90.850000	 -76.345495
90.900000	 -76.345496
90.950000	 -76.345497
91.000000	 -76.345499
91.050000	 -76.345500
91.100000	 -76.345501
91.150000	 -76.345502
91.200000	 -76.345503
91.250000	 -76.345503
91.300000	 -76.345504
91.350000	 -76.345505
91.400000	 -76.345505
91.450000	 -76.345506
91.500000	 -76.345506
91.550000	 -76.345506
91.600000	 -76.345506
91.650000	 -76.345506
91.700000	 -76.345506
91.750000	 -76.345506
91.800000	 -76.345506
91.850000	 -76.345506
91.900000	 -76.345506
91.950000	 -76.345505
92.000000	 -76.345505
92.050000	 -76.345504
92.100000	 -76.345503
92.150000	 -76.345503
92.200000	 -76.345502
92.250000	 -76.345501
92.300000	 -76.345500
92.350000	 -76.345499
92.400000	 -76.345498
92.450000	 -76.345496
92.500000	 -76.345495
92.550000	 -76.345494
92.600000	 -76.345492
92.650000	 -76.345491
92.700000	 -76.345489
92.750000	 -76.345487
92.800000	 -76.345485
92.850000	 -76.345484
92.900000	 -76.345482
92.950000	 -76.345480
93.000000	 -76.345477
93.050000	 -76.345475
93.100000	 -76.345473
93.150000	 -76.345471
93.200000	 -76.345468
93.250000	 -76.345466
93.300000	 -76.345463
93.350000	 -76.345460
93.400000	 -76.345458
93.450000	 -76.345455
93.500000	 -76.345452
93.550000	 -76.345449
93.600000	 -76.345446
93.650000	 -76.345443
93.700000	 -76.345440
93.750000	 -76.345436
93.800000	 -76.345433
93.850000	 -76.345430
93.900000	 -76.345426
93.950000	 -76.345423
94.000000	 -76.345419
94.050000	 -76.345415
94.100000	 -76.345411
94.150000	 -76.345407
94.200000	 -76.345404
94.250000	 -76.345400
94.300000	 -76.345395
94.350000	 -76.345391
94.400000	 -76.345387
94.450000	 -76.345383
94.500000	 -76.345378
94.550000	 -76.345374
94.600000	 -76.345369
94.650000	 -76.345365
94.700000	 -76.345360
94.750000	 -76.345356
94.800000	 -76.345351
94.850000	 -76.345346
94.900000	 -76.345341
94.950000	 -76.345336
95.000000	 -76.345331
95.050000	 -76.345326
95.100000	 -76.345321
95.150000	 -76.345315
95.200000	 -76.345310
95.250000	 -76.345304
95.300000	 -76.345299
95.350000	 -76.345293
95.400000	 -76.345288
95.450000	 -76.345282
95.500000	 -76.345276
95.550000	 -76.345271
95.600000	 -76.345265
95.650000	 -76.345259
95.700000	 -76.345253
95.750000	 -76.345247
95.800000	 -76.345241
95.850000	 -76.345234
95.900000	 -76.345228
95.950000	 -76.345222
96.000000	 -76.345215
96.050000	 -76.345209
96.100000	 -76.345202
96.150000	 -76.345196
96.200000	 -76.345189
96.250000	 -76.345182
96.300000	 -76.345176
96.350000	 -76.345169
96.400000	 -76.345162
96.450000	 -76.345155
96.500000	 -76.345148
96.550000	 -76.345141
96.600000	 -76.345134
96.650000	 -76.345127
96.700000	 -76.345119
96.750000	 -76.345112
96.800000	 -76.345105
96.850000	 -76.345097
96.900000	 -76.345090
96.950000	 -76.345082
97.000000	 -76.345074
97.050000	 -76.345067
97.100000	 -76.345059
97.150000	 -76.345051
97.200000	 -76.345043
97.250000	 -76.345035
97.300000	 -76.345027
97.350000	 -76.345019
97.400000	 -76.345011
97.450000	 -76.345003
97.500000	 -76.344995
97.550000	 -76.344987
97.600000	 -76.344978
97.650000	 -76.344970
97.700000	 -76.344961
97.750000	 -76.344953
97.800000	 -76.344944
97.850000	 -76.344936
97.900000	 -76.344927
97.950000	 -76.344918
98.000000	 -76.344910
98.050000	 -76.344901
98.100000	 -76.344892
98.150000	 -76.344883
98.200000	 -76.344874
98.250000	 -76.344865
98.300000	 -76.344856
98.350000	 -76.344847
98.400000	 -76.344837
98.450000	 -76.344828
98.500000	 -76.344819
98.550000	 -76.344810
98.600000	 -76.344800
98.650000	 -76.344791
98.700000	 -76.344781
98.750000	 -76.344772
98.800000	 -76.344762
98.850000	 -76.344752
98.900000	 -76.344742
98.950000	 -76.344733
99.000000	 -76.344723
99.050000	 -76.344713
99.100000	 -76.344703
99.150000	 -76.344693
99.200000	 -76.344683
99.250000	 -76.344673
99.300000	 -76.344663
99.350000	 -76.344653
99.400000	 -76.344642
99.450000	 -76.344632
99.500000	 -76.344622
99.550000	 -76.344611
99.600000	 -76.344601
99.650000	 -76.344591
99.700000	 -76.344580
99.750000	 -76.344569
99.800000	 -76.344559
99.850000	 -76.344548
99.900000	 -76.344537
99.950000	 -76.344527
100.000000	 -76.344516
