0.000000	 -76.331845
0.050000	 -76.331845
0.100000	 -76.331845
0.150000	 -76.331845
0.200000	 -76.331844
0.250000	 -76.331844
0.300000	 -76.331844
0.350000	 -76.331844
0.400000	 -76.331844
0.450000	 -76.331844
0.500000	 -76.331844
0.550000	 -76.331844
0.600000	 -76.331844
0.650000	 -76.331844
0.700000	 -76.331844
0.750000	 -76.331843
0.800000	 -76.331843
0.850000	 -76.331843
0.900000	 -76.331843
0.950000	 -76.331843
1.000000	 -76.331843
1.050000	 -76.331843
1.100000	 -76.331843
1.150000	 -76.331843
1.200000	 -76.331843
1.250000	 -76.331843
1.300000	 -76.331843
1.350000	 -76.331842
1.400000	 -76.331842
1.450000	 -76.331842
1.500000	 -76.331842
1.550000	 -76.331842
1.600000	 -76.331842
1.650000	 -76.331842
1.700000	 -76.331842
1.750000	 -76.331842
1.800000	 -76.331842
1.850000	 -76.331842
1.900000	 -76.331841
1.950000	 -76.331841
2.000000	 -76.331841
2.050000	 -76.331841
2.100000	 -76.331841
2.150000	 -76.331841
2.200000	 -76.331841
2.250000	 -76.331841
2.300000	 -76.331841
2.350000	 -76.331841
2.400000	 -76.331841
2.450000	 -76.331840
2.500000	 -76.331840
2.550000	 -76.331840
2.600000	 -76.331840
2.650000	 -76.331840
2.700000	 -76.331840
2.750000	 -76.331840
2.800000	 -76.331840
2.850000	 -76.331840
2.900000	 -76.331840
2.950000	 -76.331840
3.000000	 -76.331840
3.050000	 -76.331839
3.100000	 -76.331839
3.150000	 -76.331839
3.200000	 -76.331839
3.250000	 -76.331839
3.300000	 -76.331839
3.350000	 -76.331839
3.400000	 -76.331839
3.450000	 -76.331839
3.500000	 -76.331839
3.550000	 -76.331839
3.600000	 -76.331838
3.650000	 -76.331838
3.700000	 -76.331838
3.750000	 -76.331838
3.800000	 -76.331838
3.850000	 -76.331838
3.900000	 -76.331838
3.950000	 -76.331838
4.000000	 -76.331838
4.050000	 -76.331838
4.100000	 -76.331838
4.150000	 -76.331837
4.200000	 -76.331837
4.250000	 -76.331837
4.300000	 -76.331837
4.350000	 -76.331837
4.400000	 -76.331837
4.450000	 -76.331837
4.500000	 -76.331837
4.550000	 -76.331837
4.600000	 -76.331837
4.650000	 -76.331837
4.700000	 -76.331837
4.750000	 -76.331836
4.800000	 -76.331836
4.850000	 -76.331836
4.900000	 -76.331836
4.950000	 -76.331836
5.000000	 -76.331836
5.050000	 -76.331816
5.100000	 -76.331713
5.150000	 -76.331428
5.200000	 -76.330852
5.250000	 -76.329878
5.300000	 -76.328421
5.350000	 -76.326414
5.400000	 -76.323811
5.450000	 -76.320584
5.500000	 -76.316721
5.550000	 -76.312223
5.600000	 -76.307098
5.650000	 -76.301366
5.700000	 -76.295048
5.750000	 -76.288173
5.800000	 -76.280771
5.850000	 -76.272874
5.900000	 -76.264513
5.950000	 -76.255723
6.000000	 -76.246536
6.050000	 -76.236985
6.100000	 -76.227099
6.150000	 -76.216911
6.200000	 -76.206447
6.250000	 -76.195737
6.300000	 -76.184807
6.350000	 -76.173681
6.400000	 -76.162382
6.450000	 -76.150933
6.500000	 -76.139356
6.550000	 -76.127668
6.600000	 -76.115889
6.650000	 -76.104035
6.700000	 -76.092124
6.750000	 -76.080169
6.800000	 -76.068185
6.850000	 -76.056184
6.900000	 -76.044179
6.950000	 -76.032182
7.000000	 -76.020202
7.050000	 -76.008249
7.100000	 -75.996334
7.150000	 -75.984463
7.200000	 -75.972645
7.250000	 -75.960887
7.300000	 -75.949197
7.350000	 -75.937580
7.400000	 -75.926042
7.450000	 -75.914588
7.500000	 -75.903224
7.550000	 -75.891954
7.600000	 -75.880783
7.650000	 -75.869713
7.700000	 -75.858750
7.750000	 -75.847896
7.800000	 -75.837153
7.850000	 -75.826526
7.900000	 -75.816017
7.950000	 -75.805627
8.000000	 -75.795358
8.050000	 -75.785214
8.100000	 -75.775195
8.150000	 -75.765302
8.200000	 -75.755538
8.250000	 -75.745902
8.300000	 -75.736397
8.350000	 -75.727024
8.400000	 -75.717781
8.450000	 -75.708671
8.500000	 -75.699694
8.550000	 -75.690850
8.600000	 -75.682140
8.650000	 -75.673563
8.700000	 -75.665119
8.750000	 -75.656809
8.800000	 -75.648632
8.850000	 -75.640588
8.900000	 -75.632676
8.950000	 -75.624897
9.000000	 -75.617250
9.050000	 -75.609735
9.100000	 -75.602350
9.150000	 -75.595095
9.200000	 -75.587969
9.250000	 -75.580972
9.300000	 -75.574103
9.350000	 -75.567361
9.400000	 -75.560745
9.450000	 -75.554254
9.500000	 -75.547887
9.550000	 -75.541644
9.600000	 -75.535522
9.650000	 -75.529522
9.700000	 -75.523641
9.750000	 -75.517879
9.800000	 -75.512235
9.850000	 -75.506707
9.900000	 -75.501295
9.950000	 -75.495997
10.000000	 -75.490811
10.050000	 -75.485737
10.100000	 -75.480774
10.150000	 -75.475919
10.200000	 -75.471172
10.250000	 -75.466532
10.300000	 -75.461996
10.350000	 -75.457565
10.400000	 -75.453236
10.450000	 -75.449008
10.500000	 -75.444880
10.550000	 -75.440850
10.600000	 -75.436918
10.650000	 -75.433081
10.700000	 -75.429339
10.750000	 -75.425690
10.800000	 -75.422132
10.850000	 -75.418665
10.900000	 -75.415288
10.950000	 -75.411998
11.000000	 -75.408794
11.050000	 -75.405675
11.100000	 -75.402641
11.150000	 -75.399689
11.200000	 -75.396818
11.250000	 -75.394026
11.300000	 -75.391314
11.350000	 -75.388679
11.400000	 -75.386119
11.450000	 -75.383635
11.500000	 -75.381224
11.550000	 -75.378886
11.600000	 -75.376618
11.650000	 -75.374420
11.700000	 -75.372291
11.750000	 -75.370230
11.800000	 -75.368234
11.850000	 -75.366304
11.900000	 -75.364437
11.950000	 -75.362633
12.000000	 -75.360891
12.050000	 -75.359209
12.100000	 -75.357586
12.150000	 -75.356022
12.200000	 -75.354515
12.250000	 -75.353063
12.300000	 -75.351667
12.350000	 -75.350325
12.400000	 -75.349035
12.450000	 -75.347798
12.500000	 -75.346611
12.550000	 -75.345474
12.600000	 -75.344386
12.650000	 -75.343345
12.700000	 -75.342352
12.750000	 -75.341405
12.800000	 -75.340502
12.850000	 -75.339644
12.900000	 -75.338829
12.950000	 -75.338056
13.000000	 -75.337325
13.050000	 -75.336634
13.100000	 -75.335983
13.150000	 -75.335370
13.200000	 -75.334796
13.250000	 -75.334259
13.300000	 -75.333758
13.350000	 -75.333293
13.400000	 -75.332863
13.450000	 -75.332467
13.500000	 -75.332104
13.550000	 -75.331774
13.600000	 -75.331476
13.650000	 -75.331209
13.700000	 -75.330972
13.750000	 -75.330765
13.800000	 -75.330588
13.850000	 -75.330438
13.900000	 -75.330317
13.950000	 -75.330223
14.000000	 -75.330155
14.050000	 -75.330113
14.100000	 -75.330096
14.150000	 -75.330104
14.200000	 -75.330137
14.250000	 -75.330193
14.300000	 -75.330271
14.350000	 -75.330373
14.400000	 -75.330496
14.450000	 -75.330641
14.500000	 -75.330806
14.550000	 -75.330992
14.600000	 -75.331198
14.650000	 -75.331423
14.700000	 -75.331667
14.750000	 -75.331929
14.800000	 -75.332210
14.850000	 -75.332508
14.900000	 -75.332823
14.950000	 -75.333154
15.000000	 -75.333502
15.050000	 -75.333866
15.100000	 -75.334245
15.150000	 -75.334640
15.200000	 -75.335049
15.250000	 -75.335472
15.300000	 -75.335909
15.350000	 -75.336360
15.400000	 -75.336824
15.450000	 -75.337300
15.500000	 -75.337790
15.550000	 -75.338291
15.600000	 -75.338804
15.650000	 -75.339329
15.700000	 -75.339865
15.750000	 -75.340412
15.800000	 -75.340970
15.850000	 -75.341538
15.900000	 -75.342116
15.950000	 -75.342704
16.000000	 -75.343301
16.050000	 -75.343908
16.100000	 -75.344524
16.150000	 -75.345148
16.200000	 -75.345782
16.250000	 -75.346423
16.300000	 -75.347073
16.350000	 -75.347730
16.400000	 -75.348395
16.450000	 -75.349067
16.500000	 -75.349747
16.550000	 -75.350434
16.600000	 -75.351127
16.650000	 -75.351827
16.700000	 -75.352534
16.750000	 -75.353247
16.800000	 -75.353966
16.850000	 -75.354691
16.900000	 -75.355421
16.950000	 -75.356157
17.000000	 -75.356899
17.050000	 -75.357646
17.100000	 -75.358398
17.150000	 -75.359155
17.200000	 -75.359917
17.250000	 -75.360683
17.300000	 -75.361454
17.350000	 -75.362229
17.400000	 -75.363009
17.450000	 -75.363793
17.500000	 -75.364581
17.550000	 -75.365373
17.600000	 -75.366169
17.650000	 -75.366968
17.700000	 -75.367771
17.750000	 -75.368578
17.800000	 -75.369388
17.850000	 -75.370201
17.900000	 -75.371018
17.950000	 -75.371837
18.000000	 -75.372660
18.050000	 -75.373486
18.100000	 -75.374314
18.150000	 -75.375145
18.200000	 -75.375979
18.250000	 -75.376816
18.300000	 -75.377655
18.350000	 -75.378497
18.400000	 -75.379341
18.450000	 -75.380188
18.500000	 -75.381036
18.550000	 -75.381887
18.600000	 -75.382740
18.650000	 -75.383596
18.700000	 -75.384453
18.750000	 -75.385312
18.800000	 -75.386174
18.850000	 -75.387037
18.900000	 -75.387902
18.950000	 -75.388769
19.000000	 -75.389637
19.050000	 -75.390508
19.100000	 -75.391380
19.150000	 -75.392254
19.200000	 -75.393129
19.250000	 -75.394006
19.300000	 -75.394884
19.350000	 -75.395764
19.400000	 -75.396645
19.450000	 -75.397528
19.500000	 -75.398412
19.550000	 -75.399298
19.600000	 -75.400185
19.650000	 -75.401073
19.700000	 -75.401962
19.750000	 -75.402853
19.800000	 -75.403745
19.850000	 -75.404638
19.900000	 -75.405533
19.950000	 -75.406429
20.000000	 -75.407325
20.050000	 -75.408223
20.100000	 -75.409122
20.150000	 -75.410023
20.200000	 -75.410924
20.250000	 -75.411826
20.300000	 -75.412730
20.350000	 -75.413635
20.400000	 -75.414540
20.450000	 -75.415447
20.500000	 -75.416354
20.550000	 -75.417263
20.600000	 -75.418173
20.650000	 -75.419084
20.700000	 -75.419995
20.750000	 -75.420908
20.800000	 -75.421822
20.850000	 -75.422736
20.900000	 -75.423652
20.950000	 -75.424569
21.000000	 -75.425486
21.050000	 -75.426405
21.100000	 -75.427324
21.150000	 -75.428245
21.200000	 -75.429166
21.250000	 -75.430088
21.300000	 -75.431011
21.350000	 -75.431936
21.400000	 -75.432861
21.450000	 -75.433787
21.500000	 -75.434714
21.550000	 -75.435642
21.600000	 -75.436570
21.650000	 -75.437500
21.700000	 -75.438431
21.750000	 -75.439363
21.800000	 -75.440295
21.850000	 -75.441229
21.900000	 -75.442163
21.950000	 -75.443099
22.000000	 -75.444035
22.050000	 -75.444972
22.100000	 -75.445911
22.150000	 -75.446850
22.200000	 -75.447790
22.250000	 -75.448731
22.300000	 -75.449673
22.350000	 -75.450616
22.400000	 -75.451560
22.450000	 -75.452505
22.500000	 -75.453451
22.550000	 -75.454398
22.600000	 -75.455346
22.650000	 -75.456295
22.700000	 -75.457245
22.750000	 -75.458196
22.800000	 -75.459147
22.850000	 -75.460100
22.900000	 -75.461054
22.950000	 -75.462009
23.000000	 -75.462965
23.050000	 -75.463922
23.100000	 -75.464880
23.150000	 -75.465839
23.200000	 -75.466799
23.250000	 -75.467760
23.300000	 -75.468722
23.350000	 -75.469685
23.400000	 -75.470649
23.450000	 -75.471615
23.500000	 -75.472581
23.550000	 -75.473548
23.600000	 -75.474517
23.650000	 -75.475486
23.700000	 -75.476457
23.750000	 -75.477428
23.800000	 -75.478401
23.850000	 -75.479375
23.900000	 -75.480350
23.950000	 -75.481326
24.000000	 -75.482303
24.050000	 -75.483281
24.100000	 -75.484260
24.150000	 -75.485241
24.200000	 -75.486222
24.250000	 -75.487205
24.300000	 -75.488189
24.350000	 -75.489173
24.400000	 -75.490160
24.450000	 -75.491147
24.500000	 -75.492135
24.550000	 -75.493124
24.600000	 -75.494115
24.650000	 -75.495107
24.700000	 -75.496100
24.750000	 -75.497094
24.800000	 -75.498089
24.850000	 -75.499085
24.900000	 -75.500083
24.950000	 -75.501082
25.000000	 -75.502082
25.050000	 -75.503083
25.100000	 -75.504088
25.150000	 -75.505095
25.200000	 -75.506106
25.250000	 -75.507121
25.300000	 -75.508138
25.350000	 -75.509157
25.400000	 -75.510179
25.450000	 -75.511202
25.500000	 -75.512228
25.550000	 -75.513255
25.600000	 -75.514283
25.650000	 -75.515312
25.700000	 -75.516343
25.750000	 -75.517375
25.800000	 -75.518407
25.850000	 -75.519441
25.900000	 -75.520476
25.950000	 -75.521511
26.000000	 -75.522547
26.050000	 -75.523584
26.100000	 -75.524622
26.150000	 -75.525661
26.200000	 -75.526700
26.250000	 -75.527741
26.300000	 -75.528782
26.350000	 -75.529824
26.400000	 -75.530867
26.450000	 -75.531911
26.500000	 -75.532955
26.550000	 -75.534001
26.600000	 -75.535047
26.650000	 -75.536094
26.700000	 -75.537142
26.750000	 -75.538192
26.800000	 -75.539242
26.850000	 -75.540292
26.900000	 -75.541344
26.950000	 -75.542397
27.000000	 -75.543451
27.050000	 -75.544506
27.100000	 -75.545562
27.150000	 -75.546618
27.200000	 -75.547676
27.250000	 -75.548735
27.300000	 -75.549794
27.350000	 -75.550855
27.400000	 -75.551917
27.450000	 -75.552980
27.500000	 -75.554043
27.550000	 -75.555108
27.600000	 -75.556174
27.650000	 -75.557241
27.700000	 -75.558309
27.750000	 -75.559378
27.800000	 -75.560448
27.850000	 -75.561519
27.900000	 -75.562591
27.950000	 -75.563664
28.000000	 -75.564739
28.050000	 -75.565814
28.100000	 -75.566890
28.150000	 -75.567968
28.200000	 -75.569046
28.250000	 -75.570126
28.300000	 -75.571206
28.350000	 -75.572288
28.400000	 -75.573371
28.450000	 -75.574455
28.500000	 -75.575539
28.550000	 -75.576625
28.600000	 -75.577712
28.650000	 -75.578800
28.700000	 -75.579889
28.750000	 -75.580980
28.800000	 -75.582071
28.850000	 -75.583163
28.900000	 -75.584257
28.950000	 -75.585351
29.000000	 -75.586446
29.050000	 -75.587543
29.100000	 -75.588640
29.150000	 -75.589739
29.200000	 -75.590839
29.250000	 -75.591939
29.300000	 -75.593041
29.350000	 -75.594144
29.400000	 -75.595247
29.450000	 -75.596352
29.500000	 -75.597458
29.550000	 -75.598565
29.600000	 -75.599673
29.650000	 -75.600782
29.700000	 -75.601892
29.750000	 -75.603003
29.800000	 -75.604115
29.850000	 -75.605228
29.900000	 -75.606341
29.950000	 -75.607456
30.000000	 -75.608572
30.050000	 -75.609689
30.100000	 -75.610807
30.150000	 -75.611926
30.200000	 -75.613046
30.250000	 -75.614167
30.300000	 -75.615289
30.350000	 -75.616411
30.400000	 -75.617535
30.450000	 -75.618660
30.500000	 -75.619785
30.550000	 -75.620912
30.600000	 -75.622040
30.650000	 -75.623168
30.700000	 -75.624297
30.750000	 -75.625428
30.800000	 -75.626559
30.850000	 -75.627691
30.900000	 -75.628824
30.950000	 -75.629958
31.000000	 -75.631093
31.050000	 -75.632229
31.100000	 -75.633365
31.150000	 -75.634503
31.200000	 -75.635641
31.250000	 -75.636781
31.300000	 -75.637921
31.350000	 -75.639062
31.400000	 -75.640204
31.450000	 -75.641346
31.500000	 -75.642490
31.550000	 -75.643634
31.600000	 -75.644780
31.650000	 -75.645926
31.700000	 -75.647073
31.750000	 -75.648220
31.800000	 -75.649369
31.850000	 -75.650518
31.900000	 -75.651668
31.950000	 -75.652819
32.000000	 -75.653971
32.050000	 -75.655123
32.100000	 -75.656277
32.150000	 -75.657431
32.200000	 -75.658586
32.250000	 -75.659741
32.300000	 -75.660897
32.350000	 -75.662054
32.400000	 -75.663212
32.450000	 -75.664371
32.500000	 -75.665530
32.550000	 -75.666690
32.600000	 -75.667850
32.650000	 -75.669012
32.700000	 -75.670174
32.750000	 -75.671336
32.800000	 -75.672500
32.850000	 -75.673664
32.900000	 -75.674829
32.950000	 -75.675994
33.000000	 -75.677160
33.050000	 -75.678327
33.100000	 -75.679494
33.150000	 -75.680662
33.200000	 -75.681831
33.250000	 -75.683000
33.300000	 -75.684170
33.350000	 -75.685340
33.400000	 -75.686512
33.450000	 -75.687683
33.500000	 -75.688855
33.550000	 -75.690028
33.600000	 -75.691202
33.650000	 -75.692376
33.700000	 -75.693550
33.750000	 -75.694725
33.800000	 -75.695901
33.850000	 -75.697077
33.900000	 -75.698254
33.950000	 -75.699431
34.000000	 -75.700609
34.050000	 -75.701787
34.100000	 -75.702966
34.150000	 -75.704145
34.200000	 -75.705325
34.250000	 -75.706505
34.300000	 -75.707685
34.350000	 -75.708867
34.400000	 -75.710048
34.450000	 -75.711230
34.500000	 -75.712413
34.550000	 -75.713596
34.600000	 -75.714779
34.650000	 -75.715963
34.700000	 -75.717147
34.750000	 -75.718332
34.800000	 -75.719517
34.850000	 -75.720702
34.900000	 -75.721888
34.950000	 -75.723074
35.000000	 -75.724261
35.050000	 -75.725448
35.100000	 -75.726635
35.150000	 -75.727823
35.200000	 -75.729011
35.250000	 -75.730199
35.300000	 -75.731388
35.350000	 -75.732577
35.400000	 -75.733766
35.450000	 -75.734955
35.500000	 -75.736145
35.550000	 -75.737336
35.600000	 -75.738526
35.650000	 -75.739717
35.700000	 -75.740908
35.750000	 -75.742099
35.800000	 -75.743291
35.850000	 -75.744482
35.900000	 -75.745674
35.950000	 -75.746867
36.000000	 -75.748059
36.050000	 -75.749252
36.100000	 -75.750445
36.150000	 -75.751638
36.200000	 -75.752831
36.250000	 -75.754025
36.300000	 -75.755218
36.350000	 -75.756412
36.400000	 -75.757606
36.450000	 -75.758801
36.500000	 -75.759995
36.550000	 -75.761189
36.600000	 -75.762384
36.650000	 -75.763579
36.700000	 -75.764774
36.750000	 -75.765969
36.800000	 -75.767164
36.850000	 -75.768359
36.900000	 -75.769554
36.950000	 -75.770749
37.000000	 -75.771945
37.050000	 -75.773140
37.100000	 -75.774336
37.150000	 -75.775532
37.200000	 -75.776727
37.250000	 -75.777923
37.300000	 -75.779119
37.350000	 -75.780314
37.400000	 -75.781510
37.450000	 -75.782706
37.500000	 -75.783902
37.550000	 -75.785097
37.600000	 -75.786293
37.650000	 -75.787489
37.700000	 -75.788685
37.750000	 -75.789880
37.800000	 -75.791076
37.850000	 -75.792272
37.900000	 -75.793467
37.950000	 -75.794662
38.000000	 -75.795858
38.050000	 -75.797053
38.100000	 -75.798248
38.150000	 -75.799443
38.200000	 -75.800638
38.250000	 -75.801833
38.300000	 -75.803028
38.350000	 -75.804223
38.400000	 -75.805417
38.450000	 -75.806612
38.500000	 -75.807806
38.550000	 -75.809000
38.600000	 -75.810194
38.650000	 -75.811387
38.700000	 -75.812581
38.750000	 -75.813774
38.800000	 -75.814968
38.850000	 -75.816161
38.900000	 -75.817353
38.950000	 -75.818546
39.000000	 -75.819738
39.050000	 -75.820930
39.100000	 -75.822122
39.150000	 -75.823314
39.200000	 -75.824505
39.250000	 -75.825696
39.300000	 -75.826887
39.350000	 -75.828078
39.400000	 -75.829268
39.450000	 -75.830458
39.500000	 -75.831648
39.550000	 -75.832837
39.600000	 -75.834026
39.650000	 -75.835215
39.700000	 -75.836403
39.750000	 -75.837592
39.800000	 -75.838779
39.850000	 -75.839967
39.900000	 -75.841154
39.950000	 -75.842340
40.000000	 -75.843527
40.050000	 -75.844713
40.100000	 -75.845898
40.150000	 -75.847083
40.200000	 -75.848268
40.250000	 -75.849453
40.300000	 -75.850636
40.350000	 -75.851820
40.400000	 -75.853003
40.450000	 -75.854186
40.500000	 -75.855368
40.550000	 -75.856550
40.600000	 -75.857731
40.650000	 -75.858912
40.700000	 -75.860092
40.750000	 -75.861272
40.800000	 -75.862451
40.850000	 -75.863630
40.900000	 -75.864809
40.950000	 -75.865986
41.000000	 -75.867164
41.050000	 -75.868341
41.100000	 -75.869517
41.150000	 -75.870693
41.200000	 -75.871868
41.250000	 -75.873043
41.300000	 -75.874217
41.350000	 -75.875390
41.400000	 -75.876563
41.450000	 -75.877736
41.500000	 -75.878908
41.550000	 -75.880079
41.600000	 -75.881250
41.650000	 -75.882420
41.700000	 -75.883589
41.750000	 -75.884758
41.800000	 -75.885927
41.850000	 -75.887094
41.900000	 -75.888261
41.950000	 -75.889428
42.000000	 -75.890593
42.050000	 -75.891758
42.100000	 -75.892923
42.150000	 -75.894087
42.200000	 -75.895250
42.250000	 -75.896412
42.300000	 -75.897574
42.350000	 -75.898735
42.400000	 -75.899896
42.450000	 -75.901055
42.500000	 -75.902214
42.550000	 -75.903373
42.600000	 -75.904530
42.650000	 -75.905687
42.700000	 -75.906843
42.750000	 -75.907999
42.800000	 -75.909153
42.850000	 -75.910307
42.900000	 -75.911461
42.950000	 -75.912613
43.000000	 -75.913765
43.050000	 -75.914916
43.100000	 -75.916066
43.150000	 -75.917215
43.200000	 -75.918364
43.250000	 -75.919512
43.300000	 -75.920659
43.350000	 -75.921805
43.400000	 -75.922951
43.450000	 -75.924095
43.500000	 -75.925239
43.550000	 -75.926382
43.600000	 -75.927524
43.650000	 -75.928666
43.700000	 -75.929806
43.750000	 -75.930946
43.800000	 -75.932085
43.850000	 -75.933223
43.900000	 -75.934360
43.950000	 -75.935496
44.000000	 -75.936632
44.050000	 -75.937766
44.100000	 -75.938900
44.150000	 -75.940033
44.200000	 -75.941165
44.250000	 -75.942296
44.300000	 -75.943426
44.350000	 -75.944555
44.400000	 -75.945684
44.450000	 -75.946811
44.500000	 -75.947938
44.550000	 -75.949063
44.600000	 -75.950188
44.650000	 -75.951312
44.700000	 -75.952435
44.750000	 -75.953557
44.800000	 -75.954678
44.850000	 -75.955798
44.900000	 -75.956917
44.950000	 -75.958035
45.000000	 -75.959152
45.050000	 -75.960268
45.100000	 -75.961383
45.150000	 -75.962498
45.200000	 -75.963611
45.250000	 -75.964723
45.300000	 -75.965835
45.350000	 -75.966945
45.400000	 -75.968054
45.450000	 -75.969163
45.500000	 -75.970270
45.550000	 -75.971376
45.600000	 -75.972482
45.650000	 -75.973586
45.700000	 -75.974689
45.750000	 -75.975791
45.800000	 -75.976893
45.850000	 -75.977993
45.900000	 -75.979092
45.950000	 -75.980190
46.000000	 -75.981287
46.050000	 -75.982383
46.100000	 -75.983478
46.150000	 -75.984572
46.200000	 -75.985665
46.250000	 -75.986757
46.300000	 -75.987847
46.350000	 -75.988937
46.400000	 -75.990026
46.450000	 -75.991113
46.500000	 -75.992200
46.550000	 -75.993285
46.600000	 -75.994369
46.650000	 -75.995452
46.700000	 -75.996534
46.750000	 -75.997615
46.800000	 -75.998695
46.850000	 -75.999774
46.900000	 -76.000851
46.950000	 -76.001928
47.000000	 -76.003003
47.050000	 -76.004077
47.100000	 -76.005150
47.150000	 -76.006222
47.200000	 -76.007293
47.250000	 -76.008362
47.300000	 -76.009431
47.350000	 -76.010498
47.400000	 -76.011564
47.450000	 -76.012629
47.500000	 -76.013693
47.550000	 -76.014756
47.600000	 -76.015818
47.650000	 -76.016878
47.700000	 -76.017937
47.750000	 -76.018995
47.800000	 -76.020052
47.850000	 -76.021108
47.900000	 -76.022162
47.950000	 -76.023215
48.000000	 -76.024267
48.050000	 -76.025318
48.100000	 -76.026368
48.150000	 -76.027416
48.200000	 -76.028464
48.250000	 -76.029510
48.300000	 -76.030555
48.350000	 -76.031598
48.400000	 -76.032641
48.450000	 -76.033682
48.500000	 -76.034722
48.550000	 -76.035760
48.600000	 -76.036798
48.650000	 -76.037834
48.700000	 -76.038869
48.750000	 -76.039903
48.800000	 -76.040935
48.850000	 -76.041967
48.900000	 -76.042997
48.950000	 -76.044025
49.000000	 -76.045053
49.050000	 -76.046079
49.100000	 -76.047104
49.150000	 -76.048128
49.200000	 -76.049150
49.250000	 -76.050171
49.300000	 -76.051191
49.350000	 -76.052210
49.400000	 -76.053227
49.450000	 -76.054243
49.500000	 -76.055258
49.550000	 -76.056272
49.600000	 -76.057284
49.650000	 -76.058295
49.700000	 -76.059304
49.750000	 -76.060312
49.800000	 -76.061319
49.850000	 -76.062325
49.900000	 -76.063330
49.950000	 -76.064333
50.000000	 -76.065334
50.050000	 -76.066335
50.100000	 -76.067334
50.150000	 -76.068332
50.200000	 -76.069328
50.250000	 -76.070323
50.300000	 -76.071317
50.350000	 -76.072310
50.400000	 -76.073301
50.450000	 -76.074291
50.500000	 -76.075279
50.550000	 -76.076266
50.600000	 -76.077252
50.650000	 -76.078236
50.700000	 -76.079219
50.750000	 -76.080201
50.800000	 -76.081181
50.850000	 -76.082160
50.900000	 -76.083138
50.950000	 -76.084114
51.000000	 -76.085089
51.050000	 -76.086063
51.100000	 -76.087035
51.150000	 -76.088006
51.200000	 -76.088975
51.250000	 -76.089943
51.300000	 -76.090910
51.350000	 -76.091875
51.400000	 -76.092839
51.450000	 -76.093802
51.500000	 -76.094763
51.550000	 -76.095723
51.600000	 -76.096681
51.650000	 -76.097638
51.700000	 -76.098594
51.750000	 -76.099548
51.800000	 -76.100501
51.850000	 -76.101452
51.900000	 -76.102402
51.950000	 -76.103351
52.000000	 -76.104298
52.050000	 -76.105244
52.100000	 -76.106188
52.150000	 -76.107131
52.200000	 -76.108072
52.250000	 -76.109013
52.300000	 -76.109951
52.350000	 -76.110888
52.400000	 -76.111824
52.450000	 -76.112759
52.500000	 -76.113692
52.550000	 -76.114623
52.600000	 -76.115553
52.650000	 -76.116482
52.700000	 -76.117409
52.750000	 -76.118335
52.800000	 -76.119260
52.850000	 -76.120182
52.900000	 -76.121104
52.950000	 -76.122024
53.000000	 -76.122943
53.050000	 -76.123860
53.100000	 -76.124776
53.150000	 -76.125690
53.200000	 -76.126603
53.250000	 -76.127514
53.300000	 -76.128424
53.350000	 -76.129332
53.400000	 -76.130239
53.450000	 -76.131145
53.500000	 -76.132049
53.550000	 -76.132952
53.600000	 -76.133853
53.650000	 -76.134752
53.700000	 -76.135651
53.750000	 -76.136547
53.800000	 -76.137443
53.850000	 -76.138336
53.900000	 -76.139229
53.950000	 -76.140120
54.000000	 -76.141009
54.050000	 -76.141897
54.100000	 -76.142783
54.150000	 -76.143668
54.200000	 -76.144552
54.250000	 -76.145434
54.300000	 -76.146314
54.350000	 -76.147193
54.400000	 -76.148071
54.450000	 -76.148947
54.500000	 -76.149821
54.550000	 -76.150694
54.600000	 -76.151566
54.650000	 -76.152436
54.700000	 -76.153305
54.750000	 -76.154172
54.800000	 -76.155037
54.850000	 -76.155901
54.900000	 -76.156764
54.950000	 -76.157625
55.000000	 -76.158485
55.050000	 -76.159343
55.100000	 -76.160199
55.150000	 -76.161054
55.200000	 -76.161908
55.250000	 -76.162760
55.300000	 -76.163611
55.350000	 -76.164460
55.400000	 -76.165307
55.450000	 -76.166153
55.500000	 -76.166998
55.550000	 -76.167841
55.600000	 -76.168682
55.650000	 -76.169522
55.700000	 -76.170361
55.750000	 -76.171198
55.800000	 -76.172033
55.850000	 -76.172867
55.900000	 -76.173700
55.950000	 -76.174531
56.000000	 -76.175360
56.050000	 -76.176188
56.100000	 -76.177014
56.150000	 -76.177839
56.200000	 -76.178662
56.250000	 -76.179484
56.300000	 -76.180304
56.350000	 -76.181123
56.400000	 -76.181940
56.450000	 -76.182756
56.500000	 -76.183570
56.550000	 -76.184383
56.600000	 -76.185194
56.650000	 -76.186004
56.700000	 -76.186812
56.750000	 -76.187618
56.800000	 -76.188423
56.850000	 -76.189226
56.900000	 -76.190028
56.950000	 -76.190829
57.000000	 -76.191628
57.050000	 -76.192425
57.100000	 -76.193221
57.150000	 -76.194015
57.200000	 -76.194808
57.250000	 -76.195599
57.300000	 -76.196389
57.350000	 -76.197177
57.400000	 -76.197963
57.450000	 -76.198748
57.500000	 -76.199532
57.550000	 -76.200314
57.600000	 -76.201094
57.650000	 -76.201873
57.700000	 -76.202650
57.750000	 -76.203426
57.800000	 -76.204200
57.850000	 -76.204973
57.900000	 -76.205744
57.950000	 -76.206514
58.000000	 -76.207282
58.050000	 -76.208049
58.100000	 -76.208814
58.150000	 -76.209577
58.200000	 -76.210339
58.250000	 -76.211100
58.300000	 -76.211858
58.350000	 -76.212616
58.400000	 -76.213372
58.450000	 -76.214126
58.500000	 -76.214878
58.550000	 -76.215630
58.600000	 -76.216379
58.650000	 -76.217127
58.700000	 -76.217874
58.750000	 -76.218619
58.800000	 -76.219362
58.850000	 -76.220104
58.900000	 -76.220844
58.950000	 -76.221583
59.000000	 -76.222320
59.050000	 -76.223056
59.100000	 -76.223790
59.150000	 -76.224523
59.200000	 -76.225254
59.250000	 -76.225983
59.300000	 -76.226711
59.350000	 -76.227438
59.400000	 -76.228163
59.450000	 -76.228886
59.500000	 -76.229608
59.550000	 -76.230328
59.600000	 -76.231047
59.650000	 -76.231764
59.700000	 -76.232480
59.750000	 -76.233194
59.800000	 -76.233906
59.850000	 -76.234617
59.900000	 -76.235327
59.950000	 -76.236035
60.000000	 -76.236741
60.050000	 -76.237446
60.100000	 -76.238149
60.150000	 -76.238851
60.200000	 -76.239551
60.250000	 -76.240250
60.300000	 -76.240947
60.350000	 -76.241642
60.400000	 -76.242336
60.450000	 -76.243029
60.500000	 -76.243720
60.550000	 -76.244409
60.600000	 -76.245097
60.650000	 -76.245783
60.700000	 -76.246468
60.750000	 -76.247151
60.800000	 -76.247833
60.850000	 -76.248513
60.900000	 -76.249191
60.950000	 -76.249869
61.000000	 -76.250544
61.050000	 -76.251218
61.100000	 -76.251890
61.150000	 -76.252561
61.200000	 -76.253231
61.250000	 -76.253899
61.300000	 -76.254565
61.350000	 -76.255230
61.400000	 -76.255893
61.450000	 -76.256554
61.500000	 -76.257215
61.550000	 -76.257873
61.600000	 -76.258530
61.650000	 -76.259186
61.700000	 -76.259840
61.750000	 -76.260492
61.800000	 -76.261143
61.850000	 -76.261793
61.900000	 -76.262441
61.950000	 -76.263087
62.000000	 -76.263732
62.050000	 -76.264375
62.100000	 -76.265017
62.150000	 -76.265657
62.200000	 -76.266296
62.250000	 -76.266933
62.300000	 -76.267568
62.350000	 -76.268203
62.400000	 -76.268835
62.450000	 -76.269466
62.500000	 -76.270096
62.550000	 -76.270724
62.600000	 -76.271350
62.650000	 -76.271975
62.700000	 -76.272599
62.750000	 -76.273221
62.800000	 -76.273841
62.850000	 -76.274460
62.900000	 -76.275077
62.950000	 -76.275693
63.000000	 -76.276307
63.050000	 -76.276920
63.100000	 -76.277531
63.150000	 -76.278141
63.200000	 -76.278749
63.250000	 -76.279356
63.300000	 -76.279961
63.350000	 -76.280565
63.400000	 -76.281167
63.450000	 -76.281768
63.500000	 -76.282367
63.550000	 -76.282965
63.600000	 -76.283561
63.650000	 -76.284155
63.700000	 -76.284749
63.750000	 -76.285340
63.800000	 -76.285930
63.850000	 -76.286519
63.900000	 -76.287106
63.950000	 -76.287692
64.000000	 -76.288276
64.050000	 -76.288858
64.100000	 -76.289439
64.150000	 -76.290019
64.200000	 -76.290597
64.250000	 -76.291174
64.300000	 -76.291749
64.350000	 -76.292322
64.400000	 -76.292894
64.450000	 -76.293465
64.500000	 -76.294034
64.550000	 -76.294602
64.600000	 -76.295168
64.650000	 -76.295732
64.700000	 -76.296295
64.750000	 -76.296857
64.800000	 -76.297417
64.850000	 -76.297976
64.900000	 -76.298533
64.950000	 -76.299089
65.000000	 -76.299643
65.050000	 -76.300196
65.100000	 -76.300747
65.150000	 -76.301297
65.200000	 -76.301845
65.250000	 -76.302392
65.300000	 -76.302937
65.350000	 -76.303481
65.400000	 -76.304023
65.450000	 -76.304564
65.500000	 -76.305104
65.550000	 -76.305641
65.600000	 -76.306178
65.650000	 -76.306713
65.700000	 -76.307246
65.750000	 -76.307778
65.800000	 -76.308309
65.850000	 -76.308838
65.900000	 -76.309366
65.950000	 -76.309892
66.000000	 -76.310417
66.050000	 -76.310940
66.100000	 -76.311462
66.150000	 -76.311982
66.200000	 -76.312501
66.250000	 -76.313018
66.300000	 -76.313534
66.350000	 -76.314049
66.400000	 -76.314562
66.450000	 -76.315073
66.500000	 -76.315584
66.550000	 -76.316092
66.600000	 -76.316599
66.650000	 -76.317105
66.700000	 -76.317610
66.750000	 -76.318113
66.800000	 -76.318614
66.850000	 -76.319114
66.900000	 -76.319613
66.950000	 -76.320110
67.000000	 -76.320605
67.050000	 -76.321100
67.100000	 -76.321592
67.150000	 -76.322084
67.200000	 -76.322574
67.250000	 -76.323062
67.300000	 -76.323549
67.350000	 -76.324035
67.400000	 -76.324519
67.450000	 -76.325002
67.500000	 -76.325483
67.550000	 -76.325963
67.600000	 -76.326442
67.650000	 -76.326919
67.700000	 -76.327394
67.750000	 -76.327869
67.800000	 -76.328342
67.850000	 -76.328813
67.900000	 -76.329283
67.950000	 -76.329751
68.000000	 -76.330219
68.050000	 -76.330684
68.100000	 -76.331149
68.150000	 -76.331612
68.200000	 -76.332073
68.250000	 -76.332533
68.300000	 -76.332992
68.350000	 -76.333449
68.400000	 -76.333905
68.450000	 -76.334360
68.500000	 -76.334813
68.550000	 -76.335265
68.600000	 -76.335715
68.650000	 -76.336164
68.700000	 -76.336611
68.750000	 -76.337057
68.800000	 -76.337502
68.850000	 -76.337945
68.900000	 -76.338387
68.950000	 -76.338828
69.000000	 -76.339267
69.050000	 -76.339705
69.100000	 -76.340141
69.150000	 -76.340576
69.200000	 -76.341010
69.250000	 -76.341442
69.300000	 -76.341873
69.350000	 -76.342303
69.400000	 -76.342731
69.450000	 -76.343158
69.500000	 -76.343583
69.550000	 -76.344007
69.600000	 -76.344430
69.650000	 -76.344851
69.700000	 -76.345271
69.750000	 -76.345690
69.800000	 -76.346107
69.850000	 -76.346523
69.900000	 -76.346938
69.950000	 -76.347351
70.000000	 -76.347763
70.050000	 -76.348173
70.100000	 -76.348582
70.150000	 -76.348990
70.200000	 -76.349396
70.250000	 -76.349801
70.300000	 -76.350205
70.350000	 -76.350607
70.400000	 -76.351008
70.450000	 -76.351408
70.500000	 -76.351806
70.550000	 -76.352203
70.600000	 -76.352599
70.650000	 -76.352994
70.700000	 -76.353387
70.750000	 -76.353778
70.800000	 -76.354169
70.850000	 -76.354558
70.900000	 -76.354945
70.950000	 -76.355332
71.000000	 -76.355717
71.050000	 -76.356101
71.100000	 -76.356483
71.150000	 -76.356864
71.200000	 -76.357244
71.250000	 -76.357622
71.300000	 -76.357999
71.350000	 -76.358375
71.400000	 -76.358750
71.450000	 -76.359123
71.500000	 -76.359495
71.550000	 -76.359866
71.600000	 -76.360235
71.650000	 -76.360603
71.700000	 -76.360970
71.750000	 -76.361335
71.800000	 -76.361699
71.850000	 -76.362062
71.900000	 -76.362424
71.950000	 -76.362784
72.000000	 -76.363143
72.050000	 -76.363501
72.100000	 -76.363857
72.150000	 -76.364212
72.200000	 -76.364566
72.250000	 -76.364918
72.300000	 -76.365270
72.350000	 -76.365620
72.400000	 -76.365968
72.450000	 -76.366316
72.500000	 -76.366662
72.550000	 -76.367007
72.600000	 -76.367351
72.650000	 -76.367693
72.700000	 -76.368034
72.750000	 -76.368374
72.800000	 -76.368712
72.850000	 -76.369050
72.900000	 -76.369386
72.950000	 -76.369721
73.000000	 -76.370054
73.050000	 -76.370387
73.100000	 -76.370718
73.150000	 -76.371047
73.200000	 -76.371376
73.250000	 -76.371703
73.300000	 -76.372029
73.350000	 -76.372354
73.400000	 -76.372678
73.450000	 -76.373000
73.500000	 -76.373321
73.550000	 -76.373641
73.600000	 -76.373960
73.650000	 -76.374277
73.700000	 -76.374593
73.750000	 -76.374908
73.800000	 -76.375222
73.850000	 -76.375535
73.900000	 -76.375846
73.950000	 -76.376156
74.000000	 -76.376465
74.050000	 -76.376772
74.100000	 -76.377079
74.150000	 -76.377384
74.200000	 -76.377688
74.250000	 -76.377991
74.300000	 -76.378292
74.350000	 -76.378593
74.400000	 -76.378892
74.450000	 -76.379190
74.500000	 -76.379487
74.550000	 -76.379782
74.600000	 -76.380077
74.650000	 -76.380370
74.700000	 -76.380662
74.750000	 -76.380953
74.800000	 -76.381242
74.850000	 -76.381531
74.900000	 -76.381818
74.950000	 -76.382104
75.000000	 -76.382389
75.050000	 -76.382672
75.100000	 -76.382955
75.150000	 -76.383236
75.200000	 -76.383516
75.250000	 -76.383795
75.300000	 -76.384073
75.350000	 -76.384350
75.400000	 -76.384625
75.450000	 -76.384900
75.500000	 -76.385173
75.550000	 -76.385445
75.600000	 -76.385716
75.650000	 -76.385985
75.700000	 -76.386254
75.750000	 -76.386521
75.800000	 -76.386787
75.850000	 -76.387052
75.900000	 -76.387316
75.950000	 -76.387579
76.000000	 -76.387841
76.050000	 -76.388101
76.100000	 -76.388361
76.150000	 -76.388619
76.200000	 -76.388876
76.250000	 -76.389132
76.300000	 -76.389387
76.350000	 -76.389640
76.400000	 -76.389893
76.450000	 -76.390144
76.500000	 -76.390395
76.550000	 -76.390644
76.600000	 -76.390892
76.650000	 -76.391139
76.700000	 -76.391385
76.750000	 -76.391629
76.800000	 -76.391873
76.850000	 -76.392115
76.900000	 -76.392357
76.950000	 -76.392597
77.000000	 -76.392836
77.050000	 -76.393074
77.100000	 -76.393311
77.150000	 -76.393547
77.200000	 -76.393782
77.250000	 -76.394015
77.300000	 -76.394248
77.350000	 -76.394479
77.400000	 -76.394710
77.450000	 -76.394939
77.500000	 -76.395167
77.550000	 -76.395394
77.600000	 -76.395620
77.650000	 -76.395845
77.700000	 -76.396069
77.750000	 -76.396292
77.800000	 -76.396514
77.850000	 -76.396734
77.900000	 -76.396954
77.950000	 -76.397172
78.000000	 -76.397390
78.050000	 -76.397606
78.100000	 -76.397821
78.150000	 -76.398036
78.200000	 -76.398249
78.250000	 -76.398461
78.300000	 -76.398672
78.350000	 -76.398882
78.400000	 -76.399091
78.450000	 -76.399299
78.500000	 -76.399506
78.550000	 -76.399712
78.600000	 -76.399916
78.650000	 -76.400120
78.700000	 -76.400323
78.750000	 -76.400524
78.800000	 -76.400725
78.850000	 -76.400925
78.900000	 -76.401123
78.950000	 -76.401321
79.000000	 -76.401517
79.050000	 -76.401713
79.100000	 -76.401907
79.150000	 -76.402100
79.200000	 -76.402293
79.250000	 -76.402484
79.300000	 -76.402675
79.350000	 -76.402864
79.400000	 -76.403052
79.450000	 -76.403239
79.500000	 -76.403426
79.550000	 -76.403611
79.600000	 -76.403795
79.650000	 -76.403979
79.700000	 -76.404161
79.750000	 -76.404342
79.800000	 -76.404523
79.850000	 -76.404702
79.900000	 -76.404880
79.950000	 -76.405057
80.000000	 -76.405234
80.050000	 -76.405409
80.100000	 -76.405583
80.150000	 -76.405757
80.200000	 -76.405929
80.250000	 -76.406101
80.300000	 -76.406271
80.350000	 -76.406440
80.400000	 -76.406609
80.450000	 -76.406776
80.500000	 -76.406943
80.550000	 -76.407108
80.600000	 -76.407273
80.650000	 -76.407437
80.700000	 -76.407599
80.750000	 -76.407761
80.800000	 -76.407922
80.850000	 -76.408082
80.900000	 -76.408240
80.950000	 -76.408398
81.000000	 -76.408555
81.050000	 -76.408711
81.100000	 -76.408866
81.150000	 -76.409020
81.200000	 -76.409173
81.250000	 -76.409326
81.300000	 -76.409477
81.350000	 -76.409627
81.400000	 -76.409777
81.450000	 -76.409925
81.500000	 -76.410073
81.550000	 -76.410219
81.600000	 -76.410365
81.650000	 -76.410510
81.700000	 -76.410653
81.750000	 -76.410796
81.800000	 -76.410938
81.850000	 -76.411079
81.900000	 -76.411219
81.950000	 -76.411359
82.000000	 -76.411497
82.050000	 -76.411634
82.100000	 -76.411771
82.150000	 -76.411906
82.200000	 -76.412041
82.250000	 -76.412175
82.300000	 -76.412308
82.350000	 -76.412440
82.400000	 -76.412571
82.450000	 -76.412701
82.500000	 -76.412830
82.550000	 -76.412959
82.600000	 -76.413086
82.650000	 -76.413213
82.700000	 -76.413339
82.750000	 -76.413464
82.800000	 -76.413588
82.850000	 -76.413711
82.900000	 -76.413833
82.950000	 -76.413954
83.000000	 -76.414075
83.050000	 -76.414194
83.100000	 -76.414313
83.150000	 -76.414431
83.200000	 -76.414548
83.250000	 -76.414664
83.300000	 -76.414780
83.350000	 -76.414894
83.400000	 -76.415008
83.450000	 -76.415120
83.500000	 -76.415232
83.550000	 -76.415343
83.600000	 -76.415453
83.650000	 -76.415563
83.700000	 -76.415671
83.750000	 -76.415779
83.800000	 -76.415885
83.850000	 -76.415991
83.900000	 -76.416096
83.950000	 -76.416201
84.000000	 -76.416304
84.050000	 -76.416407
84.100000	 -76.416509
84.150000	 -76.416610
84.200000	 -76.416710
84.250000	 -76.416809
84.300000	 -76.416907
84.350000	 -76.417005
84.400000	 -76.417102
84.450000	 -76.417198
84.500000	 -76.417293
84.550000	 -76.417387
84.600000	 -76.417481
84.650000	 -76.417574
84.700000	 -76.417666
84.750000	 -76.417757
84.800000	 -76.417847
84.850000	 -76.417937
84.900000	 -76.418025
84.950000	 -76.418113
85.000000	 -76.418201
85.050000	 -76.418287
85.100000	 -76.418372
85.150000	 -76.418457
85.200000	 -76.418541
85.250000	 -76.418624
85.300000	 -76.418707
85.350000	 -76.418788
85.400000	 -76.418869
85.450000	 -76.418949
85.500000	 -76.419029
85.550000	 -76.419107
85.600000	 -76.419185
85.650000	 -76.419262
85.700000	 -76.419338
85.750000	 -76.419414
85.800000	 -76.419488
85.850000	 -76.419562
85.900000	 -76.419635
85.950000	 -76.419708
86.000000	 -76.419779
86.050000	 -76.419850
86.100000	 -76.419920
86.150000	 -76.419990
86.200000	 -76.420058
86.250000	 -76.420126
86.300000	 -76.420193
86.350000	 -76.420260
86.400000	 -76.420325
86.450000	 -76.420390
86.500000	 -76.420454
86.550000	 -76.420518
86.600000	 -76.420580
86.650000	 -76.420642
86.700000	 -76.420703
86.750000	 -76.420764
86.800000	 -76.420824
86.850000	 -76.420883
86.900000	 -76.420941
86.950000	 -76.420999
87.000000	 -76.421055
87.050000	 -76.421112
87.100000	 -76.421167
87.150000	 -76.421222
87.200000	 -76.421276
87.250000	 -76.421329
87.300000	 -76.421382
87.350000	 -76.421433
87.400000	 -76.421485
87.450000	 -76.421535
87.500000	 -76.421585
87.550000	 -76.421634
87.600000	 -76.421682
87.650000	 -76.421730
87.700000	 -76.421777
87.750000	 -76.421823
87.800000	 -76.421869
87.850000	 -76.421914
87.900000	 -76.421958
87.950000	 -76.422001
88.000000	 -76.422044
88.050000	 -76.422086
88.100000	 -76.422128
88.150000	 -76.422168
88.200000	 -76.422209
88.250000	 -76.422248
88.300000	 -76.422287
88.350000	 -76.422325
88.400000	 -76.422362
88.450000	 -76.422399
88.500000	 -76.422435
88.550000	 -76.422471
88.600000	 -76.422505
88.650000	 -76.422539
88.700000	 -76.422573
88.750000	 -76.422606
88.800000	 -76.422638
88.850000	 -76.422669
88.900000	 -76.422700
88.950000	 -76.422730
89.000000	 -76.422760
89.050000	 -76.422789
89.100000	 -76.422817
89.150000	 -76.422845
89.200000	 -76.422872
89.250000	 -76.422898
89.300000	 -76.422924
89.350000	 -76.422949
89.400000	 -76.422973
89.450000	 -76.422997
89.500000	 -76.423020
89.550000	 -76.423043
89.600000	 -76.423065
89.650000	 -76.423086
89.700000	 -76.423106
89.750000	 -76.423127
89.800000	 -76.423146
89.850000	 -76.423165
89.900000	 -76.423183
89.950000	 -76.423201
90.000000	 -76.423218
90.050000	 -76.423234
90.100000	 -76.423250
90.150000	 -76.423265
90.200000	 -76.423279
90.250000	 -76.423293
90.300000	 -76.423307
90.350000	 -76.423319
90.400000	 -76.423331
90.450000	 -76.423343
90.500000	 -76.423354
90.550000	 -76.423364
90.600000	 -76.423374
90.650000	 -76.423383
90.700000	 -76.423392
90.750000	 -76.423400
90.800000	 -76.423407
90.850000	 -76.423414
90.900000	 -76.423420
90.950000	 -76.423426
91.000000	 -76.423431
91.050000	 -76.423436
91.100000	 -76.423440
91.150000	 -76.423443
91.200000	 -76.423446
91.250000	 -76.423448
91.300000	 -76.423450
91.350000	 -76.423451
91.400000	 -76.423451
91.450000	 -76.423451
91.500000	 -76.423451
91.550000	 -76.423450
91.600000	 -76.423448
91.650000	 -76.423446
91.700000	 -76.423443
91.750000	 -76.423440
91.800000	 -76.423436
91.850000	 -76.423431
91.900000	 -76.423426
91.950000	 -76.423421
92.000000	 -76.423415
92.050000	 -76.423408
92.100000	 -76.423401
92.150000	 -76.423393
92.200000	 -76.423385
92.250000	 -76.423376
92.300000	 -76.423367
92.350000	 -76.423357
92.400000	 -76.423347
92.450000	 -76.423336
92.500000	 -76.423325
92.550000	 -76.423313
92.600000	 -76.423300
92.650000	 -76.423287
92.700000	 -76.423274
92.750000	 -76.423260
92.800000	 -76.423245
92.850000	 -76.423230
92.900000	 -76.423215
92.950000	 -76.423199
93.000000	 -76.423182
93.050000	 -76.423165
93.100000	 -76.423147
93.150000	 -76.423129
93.200000	 -76.423111
93.250000	 -76.423092
93.300000	 -76.423072
93.350000	 -76.423052
93.400000	 -76.423032
93.450000	 -76.423010
93.500000	 -76.422989
93.550000	 -76.422967
93.600000	 -76.422944
93.650000	 -76.422921
93.700000	 -76.422898
93.750000	 -76.422874
93.800000	 -76.422849
93.850000	 -76.422824
93.900000	 -76.422799
93.950000	 -76.422773
94.000000	 -76.422747
94.050000	 -76.422720
94.100000	 -76.422692
94.150000	 -76.422665
94.200000	 -76.422636
94.250000	 -76.422608
94.300000	 -76.422578
94.350000	 -76.422549
94.400000	 -76.422519
94.450000	 -76.422488
94.500000	 -76.422457
94.550000	 -76.422425
94.600000	 -76.422393
94.650000	 -76.422361
94.700000	 -76.422328
94.750000	 -76.422295
94.800000	 -76.422261
94.850000	 -76.422227
94.900000	 -76.422192
94.950000	 -76.422157
95.000000	 -76.422121
95.050000	 -76.422085
95.100000	 -76.422049
95.150000	 -76.422012
95.200000	 -76.421975
95.250000	 -76.421937
95.300000	 -76.421899
95.350000	 -76.421860
95.400000	 -76.421821
95.450000	 -76.421781
95.500000	 -76.421741
95.550000	 -76.421701
95.600000	 -76.421660
95.650000	 -76.421619
95.700000	 -76.421577
95.750000	 -76.421535
95.800000	 -76.421493
95.850000	 -76.421450
95.900000	 -76.421407
95.950000	 -76.421363
96.000000	 -76.421319
96.050000	 -76.421274
96.100000	 -76.421229
96.150000	 -76.421184
96.200000	 -76.421138
96.250000	 -76.421092
96.300000	 -76.421045
96.350000	 -76.420998
96.400000	 -76.420951
96.450000	 -76.420903
96.500000	 -76.420855
96.550000	 -76.420806
96.600000	 -76.420757
96.650000	 -76.420708
96.700000	 -76.420658
96.750000	 -76.420608
96.800000	 -76.420558
96.850000	 -76.420507
96.900000	 -76.420455
96.950000	 -76.420404
97.000000	 -76.420352
97.050000	 -76.420299
97.100000	 -76.420246
97.150000	 -76.420193
97.200000	 -76.420139
97.250000	 -76.420086
97.300000	 -76.420031
97.350000	 -76.419976
97.400000	 -76.419921
97.450000	 -76.419866
97.500000	 -76.419810
97.550000	 -76.419754
97.600000	 -76.419697
97.650000	 -76.419640
97.700000	 -76.419583
97.750000	 -76.419525
97.800000	 -76.419467
97.850000	 -76.419409
97.900000	 -76.419350
97.950000	 -76.419291
98.000000	 -76.419232
98.050000	 -76.419172
98.100000	 -76.419112
98.150000	 -76.419051
98.200000	 -76.418991
98.250000	 -76.418929
98.300000	 -76.418868
98.350000	 -76.418806
98.400000	 -76.418744
98.450000	 -76.418681
98.500000	 -76.418618
98.550000	 -76.418555
98.600000	 -76.418491
98.650000	 -76.418428
98.700000	 -76.418363
98.750000	 -76.418299
98.800000	 -76.418234
98.850000	 -76.418169
98.900000	 -76.418103
98.950000	 -76.418037
99.000000	 -76.417971
99.050000	 -76.417904
99.100000	 -76.417838
99.150000	 -76.417770
99.200000	 -76.417703
99.250000	 -76.417635
99.300000	 -76.417567
99.350000	 -76.417498
99.400000	 -76.417430
99.450000	 -76.417361
99.500000	 -76.417291
99.550000	 -76.417221
99.600000	 -76.417151
99.650000	 -76.417081
99.700000	 -76.417011
99.750000	 -76.416940
99.800000	 -76.416868
99.850000	 -76.416797
99.900000	 -76.416725
99.950000	 -76.416653
100.000000	 -76.416580
