0.000000	 -76.331845
0.050000	 -76.331845
0.100000	 -76.331845
0.150000	 -76.331845
0.200000	 -76.331844
0.250000	 -76.331844
0.300000	 -76.331844
0.350000	 -76.331844
0.400000	 -76.331844
0.450000	 -76.331844
0.500000	 -76.331844
0.550000	 -76.331844
0.600000	 -76.331844
0.650000	 -76.331844
0.700000	 -76.331844
0.750000	 -76.331843
0.800000	 -76.331843
0.850000	 -76.331843
0.900000	 -76.331843
0.950000	 -76.331843
1.000000	 -76.331843
1.050000	 -76.331843
1.100000	 -76.331843
1.150000	 -76.331843
1.200000	 -76.331843
1.250000	 -76.331843
1.300000	 -76.331843
1.350000	 -76.331842
1.400000	 -76.331842
1.450000	 -76.331842
1.500000	 -76.331842
1.550000	 -76.331842
1.600000	 -76.331842
1.650000	 -76.331842
1.700000	 -76.331842
1.750000	 -76.331842
1.800000	 -76.331842
1.850000	 -76.331842
1.900000	 -76.331841
1.950000	 -76.331841
2.000000	 -76.331841
2.050000	 -76.331841
2.100000	 -76.331841
2.150000	 -76.331841
2.200000	 -76.331841
2.250000	 -76.331841
2.300000	 -76.331841
2.350000	 -76.331841
2.400000	 -76.331841
2.450000	 -76.331840
2.500000	 -76.331840
2.550000	 -76.331840
2.600000	 -76.331840
2.650000	 -76.331840
2.700000	 -76.331840
2.750000	 -76.331840
2.800000	 -76.331840
2.850000	 -76.331840
2.900000	 -76.331840
2.950000	 -76.331840
3.000000	 -76.331840
3.050000	 -76.331839
3.100000	 -76.331839
3.150000	 -76.331839
3.200000	 -76.331839
3.250000	 -76.331839
3.300000	 -76.331839
3.350000	 -76.331839
3.400000	 -76.331839
3.450000	 -76.331839
3.500000	 -76.331839
3.550000	 -76.331839
3.600000	 -76.331838
3.650000	 -76.331838
3.700000	 -76.331838
3.750000	 -76.331838
3.800000	 -76.331838
3.850000	 -76.331838
3.900000	 -76.331838
3.950000	 -76.331838
4.000000	 -76.331838
4.050000	 -76.331838
4.100000	 -76.331838
4.150000	 -76.331837
4.200000	 -76.331837
4.250000	 -76.331837
4.300000	 -76.331837
4.350000	 -76.331837
4.400000	 -76.331837
4.450000	 -76.331837
4.500000	 -76.331837
4.550000	 -76.331837
4.600000	 -76.331837
4.650000	 -76.331837
4.700000	 -76.331837
4.750000	 -76.331836
4.800000	 -76.331836
4.850000	 -76.331836
4.900000	 -76.331836
4.950000	 -76.331836
5.000000	 -76.331836
5.050000	 -76.331825
5.100000	 -76.331768
5.150000	 -76.331614
5.200000	 -76.331305
5.250000	 -76.330789
5.300000	 -76.330022
5.350000	 -76.328972
5.400000	 -76.327617
5.450000	 -76.325943
5.500000	 -76.323944
5.550000	 -76.321621
5.600000	 -76.318978
5.650000	 -76.316024
5.700000	 -76.312772
5.750000	 -76.309233
5.800000	 -76.305423
5.850000	 -76.301358
5.900000	 -76.297055
5.950000	 -76.292528
6.000000	 -76.287796
6.050000	 -76.282874
6.100000	 -76.277778
6.150000	 -76.272524
6.200000	 -76.267126
6.250000	 -76.261598
6.300000	 -76.255955
6.350000	 -76.250209
6.400000	 -76.244372
6.450000	 -76.238456
6.500000	 -76.232473
6.550000	 -76.226432
6.600000	 -76.220343
6.650000	 -76.214215
6.700000	 -76.208058
6.750000	 -76.201878
6.800000	 -76.195685
6.850000	 -76.189484
6.900000	 -76.183282
6.950000	 -76.177087
7.000000	 -76.170902
7.050000	 -76.164735
7.100000	 -76.158589
7.150000	 -76.152470
7.200000	 -76.146382
7.250000	 -76.140328
7.300000	 -76.134313
7.350000	 -76.128340
7.400000	 -76.122412
7.450000	 -76.116532
7.500000	 -76.110704
7.550000	 -76.104929
7.600000	 -76.099209
7.650000	 -76.093547
7.700000	 -76.087945
7.750000	 -76.082405
7.800000	 -76.076928
7.850000	 -76.071515
7.900000	 -76.066169
7.950000	 -76.060889
8.000000	 -76.055678
8.050000	 -76.050535
8.100000	 -76.045463
8.150000	 -76.040461
8.200000	 -76.035531
8.250000	 -76.030672
8.300000	 -76.025885
8.350000	 -76.021172
8.400000	 -76.016530
8.450000	 -76.011962
8.500000	 -76.007468
8.550000	 -76.003046
8.600000	 -75.998698
8.650000	 -75.994423
8.700000	 -75.990221
8.750000	 -75.986091
8.800000	 -75.982035
8.850000	 -75.978051
8.900000	 -75.974139
8.950000	 -75.970300
9.000000	 -75.966531
9.050000	 -75.962834
9.100000	 -75.959207
9.150000	 -75.955651
9.200000	 -75.952164
9.250000	 -75.948746
9.300000	 -75.945397
9.350000	 -75.942116
9.400000	 -75.938902
9.450000	 -75.935755
9.500000	 -75.932675
9.550000	 -75.929659
9.600000	 -75.926709
9.650000	 -75.923823
9.700000	 -75.921000
9.750000	 -75.918240
9.800000	 -75.915542
9.850000	 -75.912906
9.900000	 -75.910330
9.950000	 -75.907814
10.000000	 -75.905357
10.050000	 -75.902958
10.100000	 -75.900617
10.150000	 -75.898333
10.200000	 -75.896105
10.250000	 -75.893932
10.300000	 -75.891814
10.350000	 -75.889750
10.400000	 -75.887738
10.450000	 -75.885779
10.500000	 -75.883871
10.550000	 -75.882014
10.600000	 -75.880206
10.650000	 -75.878448
10.700000	 -75.876738
10.750000	 -75.875076
10.800000	 -75.873461
10.850000	 -75.871891
10.900000	 -75.870367
10.950000	 -75.868888
11.000000	 -75.867453
11.050000	 -75.866060
11.100000	 -75.864710
11.150000	 -75.863402
11.200000	 -75.862134
11.250000	 -75.860907
11.300000	 -75.859719
11.350000	 -75.858570
11.400000	 -75.857459
11.450000	 -75.856386
11.500000	 -75.855349
11.550000	 -75.854348
11.600000	 -75.853383
11.650000	 -75.852452
11.700000	 -75.851556
11.750000	 -75.850693
11.800000	 -75.849862
11.850000	 -75.849064
11.900000	 -75.848297
11.950000	 -75.847562
12.000000	 -75.846856
12.050000	 -75.846180
12.100000	 -75.845534
12.150000	 -75.844915
12.200000	 -75.844325
12.250000	 -75.843762
12.300000	 -75.843226
12.350000	 -75.842716
12.400000	 -75.842232
12.450000	 -75.841773
12.500000	 -75.841339
12.550000	 -75.840929
12.600000	 -75.840542
12.650000	 -75.840178
12.700000	 -75.839837
12.750000	 -75.839519
12.800000	 -75.839221
12.850000	 -75.838945
12.900000	 -75.838690
12.950000	 -75.838455
13.000000	 -75.838239
13.050000	 -75.838043
13.100000	 -75.837866
13.150000	 -75.837708
13.200000	 -75.837567
13.250000	 -75.837444
13.300000	 -75.837338
13.350000	 -75.837250
13.400000	 -75.837177
13.450000	 -75.837121
13.500000	 -75.837080
13.550000	 -75.837055
13.600000	 -75.837044
13.650000	 -75.837048
13.700000	 -75.837067
13.750000	 -75.837099
13.800000	 -75.837145
13.850000	 -75.837204
13.900000	 -75.837276
13.950000	 -75.837360
14.000000	 -75.837457
14.050000	 -75.837566
14.100000	 -75.837686
14.150000	 -75.837818
14.200000	 -75.837961
14.250000	 -75.838114
14.300000	 -75.838279
14.350000	 -75.838453
14.400000	 -75.838637
14.450000	 -75.838832
14.500000	 -75.839035
14.550000	 -75.839248
14.600000	 -75.839470
14.650000	 -75.839701
14.700000	 -75.839940
14.750000	 -75.840187
14.800000	 -75.840443
14.850000	 -75.840706
14.900000	 -75.840977
14.950000	 -75.841256
15.000000	 -75.841541
15.050000	 -75.841834
15.100000	 -75.842133
15.150000	 -75.842440
15.200000	 -75.842752
15.250000	 -75.843071
15.300000	 -75.843396
15.350000	 -75.843727
15.400000	 -75.844064
15.450000	 -75.844406
15.500000	 -75.844754
15.550000	 -75.845106
15.600000	 -75.845464
15.650000	 -75.845827
15.700000	 -75.846195
15.750000	 -75.846568
15.800000	 -75.846945
15.850000	 -75.847326
15.900000	 -75.847712
15.950000	 -75.848102
16.000000	 -75.848496
16.050000	 -75.848893
16.100000	 -75.849295
16.150000	 -75.849700
16.200000	 -75.850109
16.250000	 -75.850521
16.300000	 -75.850936
16.350000	 -75.851355
16.400000	 -75.851776
16.450000	 -75.852201
16.500000	 -75.852629
16.550000	 -75.853059
16.600000	 -75.853492
16.650000	 -75.853928
16.700000	 -75.854366
16.750000	 -75.854807
16.800000	 -75.855250
16.850000	 -75.855696
16.900000	 -75.856144
16.950000	 -75.856593
17.000000	 -75.857045
17.050000	 -75.857499
17.100000	 -75.857955
17.150000	 -75.858413
17.200000	 -75.858872
17.250000	 -75.859333
17.300000	 -75.859796
17.350000	 -75.860261
17.400000	 -75.860727
17.450000	 -75.861194
17.500000	 -75.861663
17.550000	 -75.862134
17.600000	 -75.862605
17.650000	 -75.863078
17.700000	 -75.863552
17.750000	 -75.864028
17.800000	 -75.864504
17.850000	 -75.864982
17.900000	 -75.865461
17.950000	 -75.865940
18.000000	 -75.866421
18.050000	 -75.866902
18.100000	 -75.867385
18.150000	 -75.867868
18.200000	 -75.868352
18.250000	 -75.868837
18.300000	 -75.869323
18.350000	 -75.869810
18.400000	 -75.870297
18.450000	 -75.870784
18.500000	 -75.871273
18.550000	 -75.871762
18.600000	 -75.872252
18.650000	 -75.872742
18.700000	 -75.873233
18.750000	 -75.873724
18.800000	 -75.874216
18.850000	 -75.874708
18.900000	 -75.875200
18.950000	 -75.875694
19.000000	 -75.876187
19.050000	 -75.876681
19.100000	 -75.877175
19.150000	 -75.877670
19.200000	 -75.878165
19.250000	 -75.878660
19.300000	 -75.879156
19.350000	 -75.879652
19.400000	 -75.880148
19.450000	 -75.880644
19.500000	 -75.881141
19.550000	 -75.881638
19.600000	 -75.882135
19.650000	 -75.882633
19.700000	 -75.883130
19.750000	 -75.883628
19.800000	 -75.884126
19.850000	 -75.884624
19.900000	 -75.885123
19.950000	 -75.885621
20.000000	 -75.886120
20.050000	 -75.886619
20.100000	 -75.887118
20.150000	 -75.887617
20.200000	 -75.888116
20.250000	 -75.888616
20.300000	 -75.889115
20.350000	 -75.889615
20.400000	 -75.890115
20.450000	 -75.890615
20.500000	 -75.891115
20.550000	 -75.891615
20.600000	 -75.892116
20.650000	 -75.892616
20.700000	 -75.893116
20.750000	 -75.893617
20.800000	 -75.894118
20.850000	 -75.894619
20.900000	 -75.895119
20.950000	 -75.895621
21.000000	 -75.896122
21.050000	 -75.896623
21.100000	 -75.897124
21.150000	 -75.897625
21.200000	 -75.898127
21.250000	 -75.898629
21.300000	 -75.899130
21.350000	 -75.899632
21.400000	 -75.900134
21.450000	 -75.900636
21.500000	 -75.901138
21.550000	 -75.901640
21.600000	 -75.902142
21.650000	 -75.902645
21.700000	 -75.903147
21.750000	 -75.903650
21.800000	 -75.904153
21.850000	 -75.904655
21.900000	 -75.905158
21.950000	 -75.905661
22.000000	 -75.906165
22.050000	 -75.906668
22.100000	 -75.907171
22.150000	 -75.907675
22.200000	 -75.908178
22.250000	 -75.908682
22.300000	 -75.909186
22.350000	 -75.909690
22.400000	 -75.910194
22.450000	 -75.910699
22.500000	 -75.911203
22.550000	 -75.911708
22.600000	 -75.912213
22.650000	 -75.912718
22.700000	 -75.913223
22.750000	 -75.913728
22.800000	 -75.914233
22.850000	 -75.914739
22.900000	 -75.915245
22.950000	 -75.915751
23.000000	 -75.916257
23.050000	 -75.916763
23.100000	 -75.917270
23.150000	 -75.917776
23.200000	 -75.918283
23.250000	 -75.918790
23.300000	 -75.919297
23.350000	 -75.919805
23.400000	 -75.920312
23.450000	 -75.920820
23.500000	 -75.921328
23.550000	 -75.921837
23.600000	 -75.922345
23.650000	 -75.922854
23.700000	 -75.923363
23.750000	 -75.923872
23.800000	 -75.924381
23.850000	 -75.924891
23.900000	 -75.925400
23.950000	 -75.925911
24.000000	 -75.926421
24.050000	 -75.926931
24.100000	 -75.927442
24.150000	 -75.927953
24.200000	 -75.928464
24.250000	 -75.928976
24.300000	 -75.929488
24.350000	 -75.930000
24.400000	 -75.930512
24.450000	 -75.931025
24.500000	 -75.931538
24.550000	 -75.932051
24.600000	 -75.932564
24.650000	 -75.933078
24.700000	 -75.933592
24.750000	 -75.934106
24.800000	 -75.934621
24.850000	 -75.935135
24.900000	 -75.935650
24.950000	 -75.936166
25.000000	 -75.936681
25.050000	 -75.937198
25.100000	 -75.937715
25.150000	 -75.938234
25.200000	 -75.938754
25.250000	 -75.939276
25.300000	 -75.939799
25.350000	 -75.940322
25.400000	 -75.940847
25.450000	 -75.941372
25.500000	 -75.941897
25.550000	 -75.942423
25.600000	 -75.942950
25.650000	 -75.943476
25.700000	 -75.944003
25.750000	 -75.944530
25.800000	 -75.945058
25.850000	 -75.945585
25.900000	 -75.946113
25.950000	 -75.946641
26.000000	 -75.947169
26.050000	 -75.947697
26.100000	 -75.948225
26.150000	 -75.948754
26.200000	 -75.949282
26.250000	 -75.949811
26.300000	 -75.950340
26.350000	 -75.950869
26.400000	 -75.951398
26.450000	 -75.951927
26.500000	 -75.952457
26.550000	 -75.952986
26.600000	 -75.953516
26.650000	 -75.954046
26.700000	 -75.954576
26.750000	 -75.955107
26.800000	 -75.955637
26.850000	 -75.956168
26.900000	 -75.956699
26.950000	 -75.957231
27.000000	 -75.957762
27.050000	 -75.958294
27.100000	 -75.958826
27.150000	 -75.959358
27.200000	 -75.959890
27.250000	 -75.960423
27.300000	 -75.960956
27.350000	 -75.961489
27.400000	 -75.962023
27.450000	 -75.962557
27.500000	 -75.963091
27.550000	 -75.963625
27.600000	 -75.964159
27.650000	 -75.964694
27.700000	 -75.965229
27.750000	 -75.965765
27.800000	 -75.966300
27.850000	 -75.966836
27.900000	 -75.967373
27.950000	 -75.967909
28.000000	 -75.968446
28.050000	 -75.968983
28.100000	 -75.969520
28.150000	 -75.970058
28.200000	 -75.970596
28.250000	 -75.971134
28.300000	 -75.971673
28.350000	 -75.972212
28.400000	 -75.972751
28.450000	 -75.973290
28.500000	 -75.973830
28.550000	 -75.974370
28.600000	 -75.974911
28.650000	 -75.975451
28.700000	 -75.975992
28.750000	 -75.976533
28.800000	 -75.977075
28.850000	 -75.977617
28.900000	 -75.978159
28.950000	 -75.978702
29.000000	 -75.979244
29.050000	 -75.979787
29.100000	 -75.980331
29.150000	 -75.980875
29.200000	 -75.981419
29.250000	 -75.981963
29.300000	 -75.982507
29.350000	 -75.983052
29.400000	 -75.983598
29.450000	 -75.984143
29.500000	 -75.984689
29.550000	 -75.985235
29.600000	 -75.985781
29.650000	 -75.986328
29.700000	 -75.986875
29.750000	 -75.987422
29.800000	 -75.987970
29.850000	 -75.988518
29.900000	 -75.989066
29.950000	 -75.989614
30.000000	 -75.990163
30.050000	 -75.990712
30.100000	 -75.991261
30.150000	 -75.991811
30.200000	 -75.992361
30.250000	 -75.992911
30.300000	 -75.993461
30.350000	 -75.994012
30.400000	 -75.994563
30.450000	 -75.995114
30.500000	 -75.995666
30.550000	 -75.996218
30.600000	 -75.996770
30.650000	 -75.997322
30.700000	 -75.997875
30.750000	 -75.998427
30.800000	 -75.998981
30.850000	 -75.999534
30.900000	 -76.000088
30.950000	 -76.000642
31.000000	 -76.001196
31.050000	 -76.001750
31.100000	 -76.002305
31.150000	 -76.002860
31.200000	 -76.003415
31.250000	 -76.003970
31.300000	 -76.004526
31.350000	 -76.005082
31.400000	 -76.005638
31.450000	 -76.006195
31.500000	 -76.006751
31.550000	 -76.007308
31.600000	 -76.007865
31.650000	 -76.008423
31.700000	 -76.008980
31.750000	 -76.009538
31.800000	 -76.010096
31.850000	 -76.010654
31.900000	 -76.011213
31.950000	 -76.011772
32.000000	 -76.012330
32.050000	 -76.012890
32.100000	 -76.013449
32.150000	 -76.014008
32.200000	 -76.014568
32.250000	 -76.015128
32.300000	 -76.015688
32.350000	 -76.016249
32.400000	 -76.016809
32.450000	 -76.017370
32.500000	 -76.017931
32.550000	 -76.018492
32.600000	 -76.019053
32.650000	 -76.019615
32.700000	 -76.020176
32.750000	 -76.020738
32.800000	 -76.021300
32.850000	 -76.021862
32.900000	 -76.022425
32.950000	 -76.022987
33.000000	 -76.023550
33.050000	 -76.024113
33.100000	 -76.024676
33.150000	 -76.025239
33.200000	 -76.025802
33.250000	 -76.026366
33.300000	 -76.026929
33.350000	 -76.027493
33.400000	 -76.028057
33.450000	 -76.028621
33.500000	 -76.029185
33.550000	 -76.029750
33.600000	 -76.030314
33.650000	 -76.030879
33.700000	 -76.031443
33.750000	 -76.032008
33.800000	 -76.032573
33.850000	 -76.033138
33.900000	 -76.033704
33.950000	 -76.034269
34.000000	 -76.034834
34.050000	 -76.035400
34.100000	 -76.035966
34.150000	 -76.036531
34.200000	 -76.037097
34.250000	 -76.037663
34.300000	 -76.038229
34.350000	 -76.038795
34.400000	 -76.039361
34.450000	 -76.039928
34.500000	 -76.040494
34.550000	 -76.041061
34.600000	 -76.041627
34.650000	 -76.042194
34.700000	 -76.042760
34.750000	 -76.043327
34.800000	 -76.043894
34.850000	 -76.044461
34.900000	 -76.045028
34.950000	 -76.045595
35.000000	 -76.046162
35.050000	 -76.046729
35.100000	 -76.047296
35.150000	 -76.047863
35.200000	 -76.048431
35.250000	 -76.048998
35.300000	 -76.049565
35.350000	 -76.050133
35.400000	 -76.050700
35.450000	 -76.051267
35.500000	 -76.051835
35.550000	 -76.052402
35.600000	 -76.052970
35.650000	 -76.053537
35.700000	 -76.054105
35.750000	 -76.054672
35.800000	 -76.055240
35.850000	 -76.055807
35.900000	 -76.056375
35.950000	 -76.056942
36.000000	 -76.057510
36.050000	 -76.058077
36.100000	 -76.058645
36.150000	 -76.059212
36.200000	 -76.059780
36.250000	 -76.060347
36.300000	 -76.060915
36.350000	 -76.061482
36.400000	 -76.062049
36.450000	 -76.062617
36.500000	 -76.063184
36.550000	 -76.063751
36.600000	 -76.064318
36.650000	 -76.064886
36.700000	 -76.065453
36.750000	 -76.066020
36.800000	 -76.066587
36.850000	 -76.067154
36.900000	 -76.067721
36.950000	 -76.068288
37.000000	 -76.068854
37.050000	 -76.069421
37.100000	 -76.069988
37.150000	 -76.070554
37.200000	 -76.071121
37.250000	 -76.071687
37.300000	 -76.072254
37.350000	 -76.072820
37.400000	 -76.073386
37.450000	 -76.073952
37.500000	 -76.074518
37.550000	 -76.075084
37.600000	 -76.075650
37.650000	 -76.076215
37.700000	 -76.076781
37.750000	 -76.077346
37.800000	 -76.077912
37.850000	 -76.078477
37.900000	 -76.079042
37.950000	 -76.079607
38.000000	 -76.080172
38.050000	 -76.080737
38.100000	 -76.081302
38.150000	 -76.081866
38.200000	 -76.082430
38.250000	 -76.082995
38.300000	 -76.083559
38.350000	 -76.084123
38.400000	 -76.084686
38.450000	 -76.085250
38.500000	 -76.085814
38.550000	 -76.086377
38.600000	 -76.086940
38.650000	 -76.087503
38.700000	 -76.088066
38.750000	 -76.088629
38.800000	 -76.089191
38.850000	 -76.089754
38.900000	 -76.090316
38.950000	 -76.090878
39.000000	 -76.091440
39.050000	 -76.092001
39.100000	 -76.092563
39.150000	 -76.093124
39.200000	 -76.093685
39.250000	 -76.094246
39.300000	 -76.094807
39.350000	 -76.095367
39.400000	 -76.095927
39.450000	 -76.096488
39.500000	 -76.097047
39.550000	 -76.097607
39.600000	 -76.098167
39.650000	 -76.098726
39.700000	 -76.099285
39.750000	 -76.099844
39.800000	 -76.100402
39.850000	 -76.100961
39.900000	 -76.101519
39.950000	 -76.102077
40.000000	 -76.102634
40.050000	 -76.103192
40.100000	 -76.103749
40.150000	 -76.104306
40.200000	 -76.104862
40.250000	 -76.105419
40.300000	 -76.105975
40.350000	 -76.106531
40.400000	 -76.107087
40.450000	 -76.107642
40.500000	 -76.108197
40.550000	 -76.108752
40.600000	 -76.109307
40.650000	 -76.109861
40.700000	 -76.110415
40.750000	 -76.110969
40.800000	 -76.111523
40.850000	 -76.112076
40.900000	 -76.112629
40.950000	 -76.113182
41.000000	 -76.113734
41.050000	 -76.114286
41.100000	 -76.114838
41.150000	 -76.115390
41.200000	 -76.115941
41.250000	 -76.116492
41.300000	 -76.117043
41.350000	 -76.117593
41.400000	 -76.118143
41.450000	 -76.118693
41.500000	 -76.119242
41.550000	 -76.119791
41.600000	 -76.120340
41.650000	 -76.120888
41.700000	 -76.121437
41.750000	 -76.121984
41.800000	 -76.122532
41.850000	 -76.123079
41.900000	 -76.123626
41.950000	 -76.124173
42.000000	 -76.124719
42.050000	 -76.125265
42.100000	 -76.125810
42.150000	 -76.126355
42.200000	 -76.126900
42.250000	 -76.127445
42.300000	 -76.127989
42.350000	 -76.128532
42.400000	 -76.129076
42.450000	 -76.129619
42.500000	 -76.130162
42.550000	 -76.130704
42.600000	 -76.131246
42.650000	 -76.131788
42.700000	 -76.132329
42.750000	 -76.132870
42.800000	 -76.133410
42.850000	 -76.133950
42.900000	 -76.134490
42.950000	 -76.135030
43.000000	 -76.135569
43.050000	 -76.136107
43.100000	 -76.136645
43.150000	 -76.137183
43.200000	 -76.137721
43.250000	 -76.138258
43.300000	 -76.138794
43.350000	 -76.139331
43.400000	 -76.139867
43.450000	 -76.140402
43.500000	 -76.140937
43.550000	 -76.141472
43.600000	 -76.142006
43.650000	 -76.142540
43.700000	 -76.143073
43.750000	 -76.143606
43.800000	 -76.144139
43.850000	 -76.144671
43.900000	 -76.145203
43.950000	 -76.145734
44.000000	 -76.146265
44.050000	 -76.146796
44.100000	 -76.147326
44.150000	 -76.147855
44.200000	 -76.148385
44.250000	 -76.148913
44.300000	 -76.149442
44.350000	 -76.149970
44.400000	 -76.150497
44.450000	 -76.151024
44.500000	 -76.151551
44.550000	 -76.152077
44.600000	 -76.152602
44.650000	 -76.153128
44.700000	 -76.153652
44.750000	 -76.154177
44.800000	 -76.154701
44.850000	 -76.155224
44.900000	 -76.155747
44.950000	 -76.156269
45.000000	 -76.156791
45.050000	 -76.157313
45.100000	 -76.157834
45.150000	 -76.158355
45.200000	 -76.158875
45.250000	 -76.159394
45.300000	 -76.159914
45.350000	 -76.160432
45.400000	 -76.160951
45.450000	 -76.161468
45.500000	 -76.161986
45.550000	 -76.162502
45.600000	 -76.163019
45.650000	 -76.163535
45.700000	 -76.164050
45.750000	 -76.164565
45.800000	 -76.165079
45.850000	 -76.165593
45.900000	 -76.166106
45.950000	 -76.166619
46.000000	 -76.167131
46.050000	 -76.167643
46.100000	 -76.168155
46.150000	 -76.168665
46.200000	 -76.169176
46.250000	 -76.169686
46.300000	 -76.170195
46.350000	 -76.170704
46.400000	 -76.171212
46.450000	 -76.171720
46.500000	 -76.172227
46.550000	 -76.172734
46.600000	 -76.173240
46.650000	 -76.173746
46.700000	 -76.174251
46.750000	 -76.174755
46.800000	 -76.175259
46.850000	 -76.175763
46.900000	 -76.176266
46.950000	 -76.176769
47.000000	 -76.177271
47.050000	 -76.177772
47.100000	 -76.178273
47.150000	 -76.178773
47.200000	 -76.179273
47.250000	 -76.179772
47.300000	 -76.180271
47.350000	 -76.180769
47.400000	 -76.181267
47.450000	 -76.181764
47.500000	 -76.182261
47.550000	 -76.182757
47.600000	 -76.183252
47.650000	 -76.183747
47.700000	 -76.184241
47.750000	 -76.184735
47.800000	 -76.185228
47.850000	 -76.185721
47.900000	 -76.186213
47.950000	 -76.186704
48.000000	 -76.187195
48.050000	 -76.187686
48.100000	 -76.188176
48.150000	 -76.188665
48.200000	 -76.189154
48.250000	 -76.189642
48.300000	 -76.190129
48.350000	 -76.190616
48.400000	 -76.191103
48.450000	 -76.191588
48.500000	 -76.192074
48.550000	 -76.192558
48.600000	 -76.193042
48.650000	 -76.193526
48.700000	 -76.194009
48.750000	 -76.194491
48.800000	 -76.194973
48.850000	 -76.195454
48.900000	 -76.195935
48.950000	 -76.196415
49.000000	 -76.196894
49.050000	 -76.197373
49.100000	 -76.197851
49.150000	 -76.198329
49.200000	 -76.198806
49.250000	 -76.199282
49.300000	 -76.199758
49.350000	 -76.200233
49.400000	 -76.200708
49.450000	 -76.201182
49.500000	 -76.201655
49.550000	 -76.202128
49.600000	 -76.202600
49.650000	 -76.203072
49.700000	 -76.203543
49.750000	 -76.204013
49.800000	 -76.204483
49.850000	 -76.204952
49.900000	 -76.205420
49.950000	 -76.205888
50.000000	 -76.206356
50.050000	 -76.206822
50.100000	 -76.207288
50.150000	 -76.207754
50.200000	 -76.208219
50.250000	 -76.208683
50.300000	 -76.209146
50.350000	 -76.209609
50.400000	 -76.210072
50.450000	 -76.210533
50.500000	 -76.210995
50.550000	 -76.211455
50.600000	 -76.211915
50.650000	 -76.212374
50.700000	 -76.212833
50.750000	 -76.213291
50.800000	 -76.213748
50.850000	 -76.214205
50.900000	 -76.214661
50.950000	 -76.215116
51.000000	 -76.215571
51.050000	 -76.216025
51.100000	 -76.216478
51.150000	 -76.216931
51.200000	 -76.217383
51.250000	 -76.217835
51.300000	 -76.218286
51.350000	 -76.218736
51.400000	 -76.219186
51.450000	 -76.219635
51.500000	 -76.220083
51.550000	 -76.220531
51.600000	 -76.220978
51.650000	 -76.221424
51.700000	 -76.221870
51.750000	 -76.222315
51.800000	 -76.222760
51.850000	 -76.223203
51.900000	 -76.223647
51.950000	 -76.224089
52.000000	 -76.224531
52.050000	 -76.224972
52.100000	 -76.225413
52.150000	 -76.225853
52.200000	 -76.226292
52.250000	 -76.226730
52.300000	 -76.227168
52.350000	 -76.227605
52.400000	 -76.228042
52.450000	 -76.228478
52.500000	 -76.228913
52.550000	 -76.229348
52.600000	 -76.229782
52.650000	 -76.230215
52.700000	 -76.230648
52.750000	 -76.231079
52.800000	 -76.231511
52.850000	 -76.231941
52.900000	 -76.232371
52.950000	 -76.232800
53.000000	 -76.233229
53.050000	 -76.233657
53.100000	 -76.234084
53.150000	 -76.234511
53.200000	 -76.234937
53.250000	 -76.235362
53.300000	 -76.235786
53.350000	 -76.236210
53.400000	 -76.236633
53.450000	 -76.237056
53.500000	 -76.237478
53.550000	 -76.237899
53.600000	 -76.238319
53.650000	 -76.238739
53.700000	 -76.239158
53.750000	 -76.239577
53.800000	 -76.239994
53.850000	 -76.240412
53.900000	 -76.240828
53.950000	 -76.241244
54.000000	 -76.241659
54.050000	 -76.242073
54.100000	 -76.242487
54.150000	 -76.242900
54.200000	 -76.243312
54.250000	 -76.243724
54.300000	 -76.244134
54.350000	 -76.244545
54.400000	 -76.244954
54.450000	 -76.245363
54.500000	 -76.245771
54.550000	 -76.246179
54.600000	 -76.246586
54.650000	 -76.246992
54.700000	 -76.247397
54.750000	 -76.247802
54.800000	 -76.248206
54.850000	 -76.248609
54.900000	 -76.249012
54.950000	 -76.249414
55.000000	 -76.249815
55.050000	 -76.250215
55.100000	 -76.250615
55.150000	 -76.251014
55.200000	 -76.251413
55.250000	 -76.251811
55.300000	 -76.252208
55.350000	 -76.252604
55.400000	 -76.253000
55.450000	 -76.253395
55.500000	 -76.253789
55.550000	 -76.254183
55.600000	 -76.254576
55.650000	 -76.254968
55.700000	 -76.255359
55.750000	 -76.255750
55.800000	 -76.256140
55.850000	 -76.256529
55.900000	 -76.256918
55.950000	 -76.257306
56.000000	 -76.257693
56.050000	 -76.258080
56.100000	 -76.258466
56.150000	 -76.258851
56.200000	 -76.259235
56.250000	 -76.259619
56.300000	 -76.260002
56.350000	 -76.260385
56.400000	 -76.260766
56.450000	 -76.261147
56.500000	 -76.261527
56.550000	 -76.261907
56.600000	 -76.262286
56.650000	 -76.262664
56.700000	 -76.263041
56.750000	 -76.263418
56.800000	 -76.263794
56.850000	 -76.264169
56.900000	 -76.264544
56.950000	 -76.264918
57.000000	 -76.265291
57.050000	 -76.265663
57.100000	 -76.266035
57.150000	 -76.266406
57.200000	 -76.266776
57.250000	 -76.267146
57.300000	 -76.267515
57.350000	 -76.267883
57.400000	 -76.268251
57.450000	 -76.268618
57.500000	 -76.268984
57.550000	 -76.269349
57.600000	 -76.269714
57.650000	 -76.270078
57.700000	 -76.270441
57.750000	 -76.270803
57.800000	 -76.271165
57.850000	 -76.271526
57.900000	 -76.271887
57.950000	 -76.272246
58.000000	 -76.272605
58.050000	 -76.272963
58.100000	 -76.273321
58.150000	 -76.273678
58.200000	 -76.274034
58.250000	 -76.274389
58.300000	 -76.274744
58.350000	 -76.275098
58.400000	 -76.275451
58.450000	 -76.275804
58.500000	 -76.276156
58.550000	 -76.276507
58.600000	 -76.276857
58.650000	 -76.277207
58.700000	 -76.277556
58.750000	 -76.277904
58.800000	 -76.278252
58.850000	 -76.278599
58.900000	 -76.278945
58.950000	 -76.279290
59.000000	 -76.279635
59.050000	 -76.279979
59.100000	 -76.280322
59.150000	 -76.280665
59.200000	 -76.281007
59.250000	 -76.281348
59.300000	 -76.281688
59.350000	 -76.282028
59.400000	 -76.282367
59.450000	 -76.282705
59.500000	 -76.283043
59.550000	 -76.283379
59.600000	 -76.283716
59.650000	 -76.284051
59.700000	 -76.284386
59.750000	 -76.284720
59.800000	 -76.285053
59.850000	 -76.285386
59.900000	 -76.285717
59.950000	 -76.286049
60.000000	 -76.286379
60.050000	 -76.286709
60.100000	 -76.287038
60.150000	 -76.287366
60.200000	 -76.287694
60.250000	 -76.288020
60.300000	 -76.288347
60.350000	 -76.288672
60.400000	 -76.288997
60.450000	 -76.289321
60.500000	 -76.289644
60.550000	 -76.289967
60.600000	 -76.290289
60.650000	 -76.290610
60.700000	 -76.290930
60.750000	 -76.291250
60.800000	 -76.291569
60.850000	 -76.291887
60.900000	 -76.292205
60.950000	 -76.292522
61.000000	 -76.292838
61.050000	 -76.293153
61.100000	 -76.293468
61.150000	 -76.293782
61.200000	 -76.294096
61.250000	 -76.294408
61.300000	 -76.294720
61.350000	 -76.295031
61.400000	 -76.295342
61.450000	 -76.295652
61.500000	 -76.295961
61.550000	 -76.296269
61.600000	 -76.296577
61.650000	 -76.296884
61.700000	 -76.297190
61.750000	 -76.297495
61.800000	 -76.297800
61.850000	 -76.298104
61.900000	 -76.298408
61.950000	 -76.298710
62.000000	 -76.299012
62.050000	 -76.299314
62.100000	 -76.299614
62.150000	 -76.299914
62.200000	 -76.300213
62.250000	 -76.300512
62.300000	 -76.300809
62.350000	 -76.301106
62.400000	 -76.301403
62.450000	 -76.301698
62.500000	 -76.301993
62.550000	 -76.302288
62.600000	 -76.302581
62.650000	 -76.302874
62.700000	 -76.303166
62.750000	 -76.303457
62.800000	 -76.303748
62.850000	 -76.304038
62.900000	 -76.304327
62.950000	 -76.304616
63.000000	 -76.304904
63.050000	 -76.305191
63.100000	 -76.305478
63.150000	 -76.305763
63.200000	 -76.306048
63.250000	 -76.306333
63.300000	 -76.306616
63.350000	 -76.306899
63.400000	 -76.307182
63.450000	 -76.307463
63.500000	 -76.307744
63.550000	 -76.308024
63.600000	 -76.308304
63.650000	 -76.308583
63.700000	 -76.308861
63.750000	 -76.309138
63.800000	 -76.309415
63.850000	 -76.309691
63.900000	 -76.309966
63.950000	 -76.310241
64.000000	 -76.310515
64.050000	 -76.310788
64.100000	 -76.311060
64.150000	 -76.311332
64.200000	 -76.311603
64.250000	 -76.311874
64.300000	 -76.312143
64.350000	 -76.312412
64.400000	 -76.312681
64.450000	 -76.312948
64.500000	 -76.313215
64.550000	 -76.313482
64.600000	 -76.313747
64.650000	 -76.314012
64.700000	 -76.314276
64.750000	 -76.314540
64.800000	 -76.314803
64.850000	 -76.315065
64.900000	 -76.315326
64.950000	 -76.315587
65.000000	 -76.315847
65.050000	 -76.316107
65.100000	 -76.316365
65.150000	 -76.316623
65.200000	 -76.316881
65.250000	 -76.317137
65.300000	 -76.317393
65.350000	 -76.317648
65.400000	 -76.317903
65.450000	 -76.318157
65.500000	 -76.318410
65.550000	 -76.318663
65.600000	 -76.318915
65.650000	 -76.319166
65.700000	 -76.319416
65.750000	 -76.319666
65.800000	 -76.319915
65.850000	 -76.320164
65.900000	 -76.320412
65.950000	 -76.320659
66.000000	 -76.320905
66.050000	 -76.321151
66.100000	 -76.321396
66.150000	 -76.321640
66.200000	 -76.321884
66.250000	 -76.322127
66.300000	 -76.322369
66.350000	 -76.322611
66.400000	 -76.322852
66.450000	 -76.323092
66.500000	 -76.323332
66.550000	 -76.323571
66.600000	 -76.323809
66.650000	 -76.324047
66.700000	 -76.324284
66.750000	 -76.324520
66.800000	 -76.324756
66.850000	 -76.324991
66.900000	 -76.325225
66.950000	 -76.325459
67.000000	 -76.325692
67.050000	 -76.325924
67.100000	 -76.326156
67.150000	 -76.326387
67.200000	 -76.326617
67.250000	 -76.326847
67.300000	 -76.327076
67.350000	 -76.327304
67.400000	 -76.327532
67.450000	 -76.327759
67.500000	 -76.327985
67.550000	 -76.328211
67.600000	 -76.328436
67.650000	 -76.328660
67.700000	 -76.328884
67.750000	 -76.329107
67.800000	 -76.329330
67.850000	 -76.329551
67.900000	 -76.329772
67.950000	 -76.329993
68.000000	 -76.330213
68.050000	 -76.330432
68.100000	 -76.330650
68.150000	 -76.330868
68.200000	 -76.331085
68.250000	 -76.331302
68.300000	 -76.331517
68.350000	 -76.331733
68.400000	 -76.331947
68.450000	 -76.332161
68.500000	 -76.332374
68.550000	 -76.332587
68.600000	 -76.332799
68.650000	 -76.333010
68.700000	 -76.333221
68.750000	 -76.333431
68.800000	 -76.333640
68.850000	 -76.333849
68.900000	 -76.334057
68.950000	 -76.334264
69.000000	 -76.334471
69.050000	 -76.334677
69.100000	 -76.334883
69.150000	 -76.335088
69.200000	 -76.335292
69.250000	 -76.335495
69.300000	 -76.335698
69.350000	 -76.335901
69.400000	 -76.336102
69.450000	 -76.336303
69.500000	 -76.336504
69.550000	 -76.336704
69.600000	 -76.336903
69.650000	 -76.337101
69.700000	 -76.337299
69.750000	 -76.337496
69.800000	 -76.337693
69.850000	 -76.337889
69.900000	 -76.338084
69.950000	 -76.338279
70.000000	 -76.338473
70.050000	 -76.338666
70.100000	 -76.338859
70.150000	 -76.339051
70.200000	 -76.339243
70.250000	 -76.339434
70.300000	 -76.339624
70.350000	 -76.339814
70.400000	 -76.340003
70.450000	 -76.340191
70.500000	 -76.340379
70.550000	 -76.340566
70.600000	 -76.340753
70.650000	 -76.340939
70.700000	 -76.341124
70.750000	 -76.341309
70.800000	 -76.341493
70.850000	 -76.341677
70.900000	 -76.341860
70.950000	 -76.342042
71.000000	 -76.342223
71.050000	 -76.342405
71.100000	 -76.342585
71.150000	 -76.342765
71.200000	 -76.342944
71.250000	 -76.343123
71.300000	 -76.343300
71.350000	 -76.343478
71.400000	 -76.343655
71.450000	 -76.343831
71.500000	 -76.344006
71.550000	 -76.344181
71.600000	 -76.344356
71.650000	 -76.344529
71.700000	 -76.344702
71.750000	 -76.344875
71.800000	 -76.345047
71.850000	 -76.345218
71.900000	 -76.345389
71.950000	 -76.345559
72.000000	 -76.345728
72.050000	 -76.345897
72.100000	 -76.346066
72.150000	 -76.346233
72.200000	 -76.346401
72.250000	 -76.346567
72.300000	 -76.346733
72.350000	 -76.346898
72.400000	 -76.347063
72.450000	 -76.347227
72.500000	 -76.347391
72.550000	 -76.347554
72.600000	 -76.347716
72.650000	 -76.347878
72.700000	 -76.348039
72.750000	 -76.348200
72.800000	 -76.348360
72.850000	 -76.348519
72.900000	 -76.348678
72.950000	 -76.348836
73.000000	 -76.348994
73.050000	 -76.349151
73.100000	 -76.349307
73.150000	 -76.349463
73.200000	 -76.349619
73.250000	 -76.349774
73.300000	 -76.349928
73.350000	 -76.350081
73.400000	 -76.350234
73.450000	 -76.350387
73.500000	 -76.350539
73.550000	 -76.350690
73.600000	 -76.350841
73.650000	 -76.350991
73.700000	 -76.351140
73.750000	 -76.351289
73.800000	 -76.351438
73.850000	 -76.351586
73.900000	 -76.351733
73.950000	 -76.351880
74.000000	 -76.352026
74.050000	 -76.352172
74.100000	 -76.352317
74.150000	 -76.352461
74.200000	 -76.352605
74.250000	 -76.352748
74.300000	 -76.352891
74.350000	 -76.353033
74.400000	 -76.353175
74.450000	 -76.353316
74.500000	 -76.353457
74.550000	 -76.353597
74.600000	 -76.353736
74.650000	 -76.353875
74.700000	 -76.354013
74.750000	 -76.354151
74.800000	 -76.354288
74.850000	 -76.354425
74.900000	 -76.354561
74.950000	 -76.354696
75.000000	 -76.354831
75.050000	 -76.354966
75.100000	 -76.355100
75.150000	 -76.355233
75.200000	 -76.355366
75.250000	 -76.355498
75.300000	 -76.355630
75.350000	 -76.355761
75.400000	 -76.355891
75.450000	 -76.356021
75.500000	 -76.356151
75.550000	 -76.356280
75.600000	 -76.356408
75.650000	 -76.356536
75.700000	 -76.356664
75.750000	 -76.356790
75.800000	 -76.356917
75.850000	 -76.357042
75.900000	 -76.357168
75.950000	 -76.357292
76.000000	 -76.357416
76.050000	 -76.357540
76.100000	 -76.357663
76.150000	 -76.357786
76.200000	 -76.357908
76.250000	 -76.358029
76.300000	 -76.358150
76.350000	 -76.358270
76.400000	 -76.358390
76.450000	 -76.358510
76.500000	 -76.358628
76.550000	 -76.358747
76.600000	 -76.358865
76.650000	 -76.358982
76.700000	 -76.359099
76.750000	 -76.359215
76.800000	 -76.359330
76.850000	 -76.359446
76.900000	 -76.359560
76.950000	 -76.359674
77.000000	 -76.359788
77.050000	 -76.359901
77.100000	 -76.360014
77.150000	 -76.360126
77.200000	 -76.360237
77.250000	 -76.360348
77.300000	 -76.360459
77.350000	 -76.360569
77.400000	 -76.360678
77.450000	 -76.360787
77.500000	 -76.360896
77.550000	 -76.361004
77.600000	 -76.361111
77.650000	 -76.361218
77.700000	 -76.361325
77.750000	 -76.361431
77.800000	 -76.361536
77.850000	 -76.361641
77.900000	 -76.361746
77.950000	 -76.361850
78.000000	 -76.361953
78.050000	 -76.362056
78.100000	 -76.362159
78.150000	 -76.362261
78.200000	 -76.362362
78.250000	 -76.362463
78.300000	 -76.362563
78.350000	 -76.362663
78.400000	 -76.362763
78.450000	 -76.362862
78.500000	 -76.362960
78.550000	 -76.363058
78.600000	 -76.363156
78.650000	 -76.363253
78.700000	 -76.363350
78.750000	 -76.363446
78.800000	 -76.363541
78.850000	 -76.363636
78.900000	 -76.363731
78.950000	 -76.363825
79.000000	 -76.363919
79.050000	 -76.364012
79.100000	 -76.364105
79.150000	 -76.364197
79.200000	 -76.364288
79.250000	 -76.364380
79.300000	 -76.364470
79.350000	 -76.364561
79.400000	 -76.364651
79.450000	 -76.364740
79.500000	 -76.364829
79.550000	 -76.364917
79.600000	 -76.365005
79.650000	 -76.365093
79.700000	 -76.365180
79.750000	 -76.365266
79.800000	 -76.365352
79.850000	 -76.365438
79.900000	 -76.365523
79.950000	 -76.365608
80.000000	 -76.365692
80.050000	 -76.365775
80.100000	 -76.365859
80.150000	 -76.365942
80.200000	 -76.366024
80.250000	 -76.366106
80.300000	 -76.366187
80.350000	 -76.366268
80.400000	 -76.366349
80.450000	 -76.366429
80.500000	 -76.366508
80.550000	 -76.366587
80.600000	 -76.366666
80.650000	 -76.366744
80.700000	 -76.366822
80.750000	 -76.366899
80.800000	 -76.366976
80.850000	 -76.367053
80.900000	 -76.367129
80.950000	 -76.367204
81.000000	 -76.367279
81.050000	 -76.367354
81.100000	 -76.367428
81.150000	 -76.367502
81.200000	 -76.367575
81.250000	 -76.367648
81.300000	 -76.367721
81.350000	 -76.367793
81.400000	 -76.367864
81.450000	 -76.367935
81.500000	 -76.368006
81.550000	 -76.368076
81.600000	 -76.368146
81.650000	 -76.368215
81.700000	 -76.368284
81.750000	 -76.368353
81.800000	 -76.368421
81.850000	 -76.368488
81.900000	 -76.368556
81.950000	 -76.368622
82.000000	 -76.368689
82.050000	 -76.368755
82.100000	 -76.368820
82.150000	 -76.368885
82.200000	 -76.368950
82.250000	 -76.369014
82.300000	 -76.369078
82.350000	 -76.369141
82.400000	 -76.369204
82.450000	 -76.369267
82.500000	 -76.369329
82.550000	 -76.369390
82.600000	 -76.369452
82.650000	 -76.369513
82.700000	 -76.369573
82.750000	 -76.369633
82.800000	 -76.369693
82.850000	 -76.369752
82.900000	 -76.369811
82.950000	 -76.369869
83.000000	 -76.369927
83.050000	 -76.369985
83.100000	 -76.370042
83.150000	 -76.370098
83.200000	 -76.370155
83.250000	 -76.370211
83.300000	 -76.370266
83.350000	 -76.370321
83.400000	 -76.370376
83.450000	 -76.370430
83.500000	 -76.370484
83.550000	 -76.370538
83.600000	 -76.370591
83.650000	 -76.370643
83.700000	 -76.370696
83.750000	 -76.370748
83.800000	 -76.370799
83.850000	 -76.370850
83.900000	 -76.370901
83.950000	 -76.370951
84.000000	 -76.371001
84.050000	 -76.371051
84.100000	 -76.371100
84.150000	 -76.371149
84.200000	 -76.371197
84.250000	 -76.371245
84.300000	 -76.371293
84.350000	 -76.371340
84.400000	 -76.371387
84.450000	 -76.371433
84.500000	 -76.371479
84.550000	 -76.371525
84.600000	 -76.371570
84.650000	 -76.371615
84.700000	 -76.371659
84.750000	 -76.371704
84.800000	 -76.371747
84.850000	 -76.371791
84.900000	 -76.371834
84.950000	 -76.371876
85.000000	 -76.371919
85.050000	 -76.371960
85.100000	 -76.372002
85.150000	 -76.372043
85.200000	 -76.372084
85.250000	 -76.372124
85.300000	 -76.372164
85.350000	 -76.372204
85.400000	 -76.372243
85.450000	 -76.372282
85.500000	 -76.372321
85.550000	 -76.372359
85.600000	 -76.372397
85.650000	 -76.372434
85.700000	 -76.372471
85.750000	 -76.372508
85.800000	 -76.372544
85.850000	 -76.372580
85.900000	 -76.372616
85.950000	 -76.372651
86.000000	 -76.372686
86.050000	 -76.372721
86.100000	 -76.372755
86.150000	 -76.372789
86.200000	 -76.372822
86.250000	 -76.372855
86.300000	 -76.372888
86.350000	 -76.372921
86.400000	 -76.372953
86.450000	 -76.372985
86.500000	 -76.373016
86.550000	 -76.373047
86.600000	 -76.373078
86.650000	 -76.373108
86.700000	 -76.373138
86.750000	 -76.373168
86.800000	 -76.373197
86.850000	 -76.373226
86.900000	 -76.373255
86.950000	 -76.373283
87.000000	 -76.373311
87.050000	 -76.373339
87.100000	 -76.373366
87.150000	 -76.373393
87.200000	 -76.373419
87.250000	 -76.373446
87.300000	 -76.373472
87.350000	 -76.373497
87.400000	 -76.373522
87.450000	 -76.373547
87.500000	 -76.373572
87.550000	 -76.373596
87.600000	 -76.373620
87.650000	 -76.373644
87.700000	 -76.373667
87.750000	 -76.373690
87.800000	 -76.373713
87.850000	 -76.373735
87.900000	 -76.373757
87.950000	 -76.373778
88.000000	 -76.373800
88.050000	 -76.373821
88.100000	 -76.373841
88.150000	 -76.373862
88.200000	 -76.373882
88.250000	 -76.373902
88.300000	 -76.373921
88.350000	 -76.373940
88.400000	 -76.373959
88.450000	 -76.373977
88.500000	 -76.373995
88.550000	 -76.374013
88.600000	 -76.374031
88.650000	 -76.374048
88.700000	 -76.374065
88.750000	 -76.374081
88.800000	 -76.374098
88.850000	 -76.374114
88.900000	 -76.374129
88.950000	 -76.374145
89.000000	 -76.374160
89.050000	 -76.374174
89.100000	 -76.374189
89.150000	 -76.374203
89.200000	 -76.374217
89.250000	 -76.374230
89.300000	 -76.374243
89.350000	 -76.374256
89.400000	 -76.374269
89.450000	 -76.374281
89.500000	 -76.374293
89.550000	 -76.374305
89.600000	 -76.374316
89.650000	 -76.374328
89.700000	 -76.374338
89.750000	 -76.374349
89.800000	 -76.374359
89.850000	 -76.374369
89.900000	 -76.374379
89.950000	 -76.374388
90.000000	 -76.374397
90.050000	 -76.374406
90.100000	 -76.374414
90.150000	 -76.374423
90.200000	 -76.374431
90.250000	 -76.374438
90.300000	 -76.374446
90.350000	 -76.374453
90.400000	 -76.374459
90.450000	 -76.374466
90.500000	 -76.374472
90.550000	 -76.374478
90.600000	 -76.374484
90.650000	 -76.374489
90.700000	 -76.374494
90.750000	 -76.374499
90.800000	 -76.374504
90.850000	 -76.374508
90.900000	 -76.374512
90.950000	 -76.374516
91.000000	 -76.374519
91.050000	 -76.374522
91.100000	 -76.374525
91.150000	 -76.374528
91.200000	 -76.374530
91.250000	 -76.374532
91.300000	 -76.374534
91.350000	 -76.374536
91.400000	 -76.374537
91.450000	 -76.374538
91.500000	 -76.374539
91.550000	 -76.374539
91.600000	 -76.374540
91.650000	 -76.374540
91.700000	 -76.374539
91.750000	 -76.374539
91.800000	 -76.374538
91.850000	 -76.374537
91.900000	 -76.374535
91.950000	 -76.374534
92.000000	 -76.374532
92.050000	 -76.374530
92.100000	 -76.374528
92.150000	 -76.374525
92.200000	 -76.374522
92.250000	 -76.374519
92.300000	 -76.374516
92.350000	 -76.374512
92.400000	 -76.374508
92.450000	 -76.374504
92.500000	 -76.374500
92.550000	 -76.374495
92.600000	 -76.374490
92.650000	 -76.374485
92.700000	 -76.374480
92.750000	 -76.374474
92.800000	 -76.374468
92.850000	 -76.374462
92.900000	 -76.374456
92.950000	 -76.374449
93.000000	 -76.374442
93.050000	 -76.374435
93.100000	 -76.374428
93.150000	 -76.374420
93.200000	 -76.374412
93.250000	 -76.374404
93.300000	 -76.374396
93.350000	 -76.374388
93.400000	 -76.374379
93.450000	 -76.374370
93.500000	 -76.374361
93.550000	 -76.374351
93.600000	 -76.374342
93.650000	 -76.374332
93.700000	 -76.374322
93.750000	 -76.374311
93.800000	 -76.374301
93.850000	 -76.374290
93.900000	 -76.374279
93.950000	 -76.374267
94.000000	 -76.374256
94.050000	 -76.374244
94.100000	 -76.374232
94.150000	 -76.374220
94.200000	 -76.374208
94.250000	 -76.374195
94.300000	 -76.374182
94.350000	 -76.374169
94.400000	 -76.374156
94.450000	 -76.374142
94.500000	 -76.374129
94.550000	 -76.374115
94.600000	 -76.374100
94.650000	 -76.374086
94.700000	 -76.374071
94.750000	 -76.374057
94.800000	 -76.374042
94.850000	 -76.374026
94.900000	 -76.374011
94.950000	 -76.373995
95.000000	 -76.373979
95.050000	 -76.373963
95.100000	 -76.373947
95.150000	 -76.373930
95.200000	 -76.373914
95.250000	 -76.373897
95.300000	 -76.373880
95.350000	 -76.373862
95.400000	 -76.373845
95.450000	 -76.373827
95.500000	 -76.373809
95.550000	 -76.373791
95.600000	 -76.373773
95.650000	 -76.373754
95.700000	 -76.373735
95.750000	 -76.373716
95.800000	 -76.373697
95.850000	 -76.373678
95.900000	 -76.373658
95.950000	 -76.373638
96.000000	 -76.373618
96.050000	 -76.373598
96.100000	 -76.373578
96.150000	 -76.373557
96.200000	 -76.373537
96.250000	 -76.373516
96.300000	 -76.373495
96.350000	 -76.373473
96.400000	 -76.373452
96.450000	 -76.373430
96.500000	 -76.373408
96.550000	 -76.373386
96.600000	 -76.373364
96.650000	 -76.373341
96.700000	 -76.373319
96.750000	 -76.373296
96.800000	 -76.373273
96.850000	 -76.373250
96.900000	 -76.373226
96.950000	 -76.373203
97.000000	 -76.373179
97.050000	 -76.373155
97.100000	 -76.373131
97.150000	 -76.373107
97.200000	 -76.373082
97.250000	 -76.373058
97.300000	 -76.373033
97.350000	 -76.373008
97.400000	 -76.372983
97.450000	 -76.372957
97.500000	 -76.372932
97.550000	 -76.372906
97.600000	 -76.372880
97.650000	 -76.372854
97.700000	 -76.372828
97.750000	 -76.372801
97.800000	 -76.372775
97.850000	 -76.372748
97.900000	 -76.372721
97.950000	 -76.372694
98.000000	 -76.372667
98.050000	 -76.372639
98.100000	 -76.372612
98.150000	 -76.372584
98.200000	 -76.372556
98.250000	 -76.372528
98.300000	 -76.372500
98.350000	 -76.372471
98.400000	 -76.372443
98.450000	 -76.372414
98.500000	 -76.372385
98.550000	 -76.372356
98.600000	 -76.372327
98.650000	 -76.372297
98.700000	 -76.372268
98.750000	 -76.372238
98.800000	 -76.372208
98.850000	 -76.372178
98.900000	 -76.372148
98.950000	 -76.372118
99.000000	 -76.372087
99.050000	 -76.372056
99.100000	 -76.372026
99.150000	 -76.371995
99.200000	 -76.371964
99.250000	 -76.371932
99.300000	 -76.371901
99.350000	 -76.371869
99.400000	 -76.371838
99.450000	 -76.371806
99.500000	 -76.371774
99.550000	 -76.371742
99.600000	 -76.371709
99.650000	 -76.371677
99.700000	 -76.371644
99.750000	 -76.371611
99.800000	 -76.371579
99.850000	 -76.371545
99.900000	 -76.371512
99.950000	 -76.371479
100.000000	 -76.371445
