0.000000	 -76.331845
0.050000	 -76.331845
0.100000	 -76.331845
0.150000	 -76.331845
0.200000	 -76.331844
0.250000	 -76.331844
0.300000	 -76.331844
0.350000	 -76.331844
0.400000	 -76.331844
0.450000	 -76.331844
0.500000	 -76.331844
0.550000	 -76.331844
0.600000	 -76.331844
0.650000	 -76.331844
0.700000	 -76.331844
0.750000	 -76.331843
0.800000	 -76.331843
0.850000	 -76.331843
0.900000	 -76.331843
0.950000	 -76.331843
1.000000	 -76.331843
1.050000	 -76.331843
1.100000	 -76.331843
1.150000	 -76.331843
1.200000	 -76.331843
1.250000	 -76.331843
1.300000	 -76.331843
1.350000	 -76.331842
1.400000	 -76.331842
1.450000	 -76.331842
1.500000	 -76.331842
1.550000	 -76.331842
1.600000	 -76.331842
1.650000	 -76.331842
1.700000	 -76.331842
1.750000	 -76.331842
1.800000	 -76.331842
1.850000	 -76.331842
1.900000	 -76.331841
1.950000	 -76.331841
2.000000	 -76.331841
2.050000	 -76.331841
2.100000	 -76.331841
2.150000	 -76.331841
2.200000	 -76.331841
2.250000	 -76.331841
2.300000	 -76.331841
2.350000	 -76.331841
2.400000	 -76.331841
2.450000	 -76.331840
2.500000	 -76.331840
2.550000	 -76.331840
2.600000	 -76.331840
2.650000	 -76.331840
2.700000	 -76.331840
2.750000	 -76.331840
2.800000	 -76.331840
2.850000	 -76.331840
2.900000	 -76.331840
2.950000	 -76.331840
3.000000	 -76.331840
3.050000	 -76.331839
3.100000	 -76.331839
3.150000	 -76.331839
3.200000	 -76.331839
3.250000	 -76.331839
3.300000	 -76.331839
3.350000	 -76.331839
3.400000	 -76.331839
3.450000	 -76.331839
3.500000	 -76.331839
3.550000	 -76.331839
3.600000	 -76.331838
3.650000	 -76.331838
3.700000	 -76.331838
3.750000	 -76.331838
3.800000	 -76.331838
3.850000	 -76.331838
3.900000	 -76.331838
3.950000	 -76.331838
4.000000	 -76.331838
4.050000	 -76.331838
4.100000	 -76.331838
4.150000	 -76.331837
4.200000	 -76.331837
4.250000	 -76.331837
4.300000	 -76.331837
4.350000	 -76.331837
4.400000	 -76.331837
4.450000	 -76.331837
4.500000	 -76.331837
4.550000	 -76.331837
4.600000	 -76.331837
4.650000	 -76.331837
4.700000	 -76.331837
4.750000	 -76.331836
4.800000	 -76.331836
4.850000	 -76.331836
4.900000	 -76.331836
4.950000	 -76.331836
5.000000	 -76.331836
5.050000	 -76.331813
5.100000	 -76.331697
5.150000	 -76.331373
5.200000	 -76.330715
5.250000	 -76.329600
5.300000	 -76.327927
5.350000	 -76.325618
5.400000	 -76.322620
5.450000	 -76.318899
5.500000	 -76.314441
5.550000	 -76.309246
5.600000	 -76.303326
5.650000	 -76.296702
5.700000	 -76.289401
5.750000	 -76.281456
5.800000	 -76.272901
5.850000	 -76.263775
5.900000	 -76.254114
5.950000	 -76.243958
6.000000	 -76.233345
6.050000	 -76.222312
6.100000	 -76.210895
6.150000	 -76.199129
6.200000	 -76.187048
6.250000	 -76.174684
6.300000	 -76.162066
6.350000	 -76.149224
6.400000	 -76.136184
6.450000	 -76.122971
6.500000	 -76.109609
6.550000	 -76.096121
6.600000	 -76.082528
6.650000	 -76.068848
6.700000	 -76.055101
6.750000	 -76.041302
6.800000	 -76.027469
6.850000	 -76.013615
6.900000	 -75.999754
6.950000	 -75.985900
7.000000	 -75.972063
7.050000	 -75.958256
7.100000	 -75.944488
7.150000	 -75.930769
7.200000	 -75.917108
7.250000	 -75.903513
7.300000	 -75.889992
7.350000	 -75.876551
7.400000	 -75.863198
7.450000	 -75.849939
7.500000	 -75.836779
7.550000	 -75.823723
7.600000	 -75.810776
7.650000	 -75.797943
7.700000	 -75.785228
7.750000	 -75.772634
7.800000	 -75.760165
7.850000	 -75.747825
7.900000	 -75.735615
7.950000	 -75.723539
8.000000	 -75.711600
8.050000	 -75.699798
8.100000	 -75.688137
8.150000	 -75.676618
8.200000	 -75.665242
8.250000	 -75.654012
8.300000	 -75.642927
8.350000	 -75.631990
8.400000	 -75.621201
8.450000	 -75.610560
8.500000	 -75.600069
8.550000	 -75.589729
8.600000	 -75.579538
8.650000	 -75.569498
8.700000	 -75.559609
8.750000	 -75.549870
8.800000	 -75.540282
8.850000	 -75.530844
8.900000	 -75.521557
8.950000	 -75.512420
9.000000	 -75.503432
9.050000	 -75.494593
9.100000	 -75.485902
9.150000	 -75.477359
9.200000	 -75.468964
9.250000	 -75.460714
9.300000	 -75.452610
9.350000	 -75.444651
9.400000	 -75.436835
9.450000	 -75.429162
9.500000	 -75.421631
9.550000	 -75.414240
9.600000	 -75.406989
9.650000	 -75.399876
9.700000	 -75.392901
9.750000	 -75.386061
9.800000	 -75.379356
9.850000	 -75.372785
9.900000	 -75.366346
9.950000	 -75.360038
10.000000	 -75.353860
10.050000	 -75.347809
10.100000	 -75.341886
10.150000	 -75.336088
10.200000	 -75.330414
10.250000	 -75.324863
10.300000	 -75.319433
10.350000	 -75.314122
10.400000	 -75.308930
10.450000	 -75.303855
10.500000	 -75.298895
10.550000	 -75.294049
10.600000	 -75.289316
10.650000	 -75.284693
10.700000	 -75.280180
10.750000	 -75.275775
10.800000	 -75.271476
10.850000	 -75.267282
10.900000	 -75.263192
10.950000	 -75.259204
11.000000	 -75.255316
11.050000	 -75.251527
11.100000	 -75.247836
11.150000	 -75.244241
11.200000	 -75.240740
11.250000	 -75.237333
11.300000	 -75.234018
11.350000	 -75.230792
11.400000	 -75.227656
11.450000	 -75.224607
11.500000	 -75.221644
11.550000	 -75.218766
11.600000	 -75.215970
11.650000	 -75.213257
11.700000	 -75.210624
11.750000	 -75.208070
11.800000	 -75.205594
11.850000	 -75.203194
11.900000	 -75.200870
11.950000	 -75.198619
12.000000	 -75.196440
12.050000	 -75.194333
12.100000	 -75.192295
12.150000	 -75.190327
12.200000	 -75.188425
12.250000	 -75.186590
12.300000	 -75.184819
12.350000	 -75.183112
12.400000	 -75.181468
12.450000	 -75.179885
12.500000	 -75.178362
12.550000	 -75.176899
12.600000	 -75.175493
12.650000	 -75.174143
12.700000	 -75.172850
12.750000	 -75.171611
12.800000	 -75.170425
12.850000	 -75.169292
12.900000	 -75.168210
12.950000	 -75.167179
13.000000	 -75.166196
13.050000	 -75.165262
13.100000	 -75.164376
13.150000	 -75.163535
13.200000	 -75.162741
13.250000	 -75.161990
13.300000	 -75.161283
13.350000	 -75.160619
13.400000	 -75.159996
13.450000	 -75.159414
13.500000	 -75.158872
13.550000	 -75.158369
13.600000	 -75.157904
13.650000	 -75.157477
13.700000	 -75.157086
13.750000	 -75.156731
13.800000	 -75.156411
13.850000	 -75.156125
13.900000	 -75.155873
13.950000	 -75.155653
14.000000	 -75.155466
14.050000	 -75.155309
14.100000	 -75.155183
14.150000	 -75.155087
14.200000	 -75.155020
14.250000	 -75.154982
14.300000	 -75.154971
14.350000	 -75.154988
14.400000	 -75.155031
14.450000	 -75.155100
14.500000	 -75.155194
14.550000	 -75.155313
14.600000	 -75.155457
14.650000	 -75.155623
14.700000	 -75.155813
14.750000	 -75.156025
14.800000	 -75.156259
14.850000	 -75.156515
14.900000	 -75.156791
14.950000	 -75.157088
15.000000	 -75.157404
15.050000	 -75.157740
15.100000	 -75.158095
15.150000	 -75.158468
15.200000	 -75.158859
15.250000	 -75.159268
15.300000	 -75.159694
15.350000	 -75.160136
15.400000	 -75.160595
15.450000	 -75.161069
15.500000	 -75.161559
15.550000	 -75.162064
15.600000	 -75.162584
15.650000	 -75.163117
15.700000	 -75.163665
15.750000	 -75.164226
15.800000	 -75.164801
15.850000	 -75.165388
15.900000	 -75.165988
15.950000	 -75.166600
16.000000	 -75.167224
16.050000	 -75.167860
16.100000	 -75.168507
16.150000	 -75.169164
16.200000	 -75.169833
16.250000	 -75.170512
16.300000	 -75.171201
16.350000	 -75.171899
16.400000	 -75.172608
16.450000	 -75.173326
16.500000	 -75.174052
16.550000	 -75.174788
16.600000	 -75.175532
16.650000	 -75.176285
16.700000	 -75.177046
16.750000	 -75.177815
16.800000	 -75.178591
16.850000	 -75.179375
16.900000	 -75.180167
16.950000	 -75.180965
17.000000	 -75.181771
17.050000	 -75.182583
17.100000	 -75.183401
17.150000	 -75.184226
17.200000	 -75.185058
17.250000	 -75.185895
17.300000	 -75.186738
17.350000	 -75.187587
17.400000	 -75.188441
17.450000	 -75.189301
17.500000	 -75.190166
17.550000	 -75.191037
17.600000	 -75.191912
17.650000	 -75.192792
17.700000	 -75.193677
17.750000	 -75.194566
17.800000	 -75.195460
17.850000	 -75.196359
17.900000	 -75.197261
17.950000	 -75.198168
18.000000	 -75.199079
18.050000	 -75.199993
18.100000	 -75.200912
18.150000	 -75.201834
18.200000	 -75.202760
18.250000	 -75.203689
18.300000	 -75.204622
18.350000	 -75.205558
18.400000	 -75.206497
18.450000	 -75.207440
18.500000	 -75.208386
18.550000	 -75.209335
18.600000	 -75.210286
18.650000	 -75.211241
18.700000	 -75.212199
18.750000	 -75.213159
18.800000	 -75.214122
18.850000	 -75.215087
18.900000	 -75.216056
18.950000	 -75.217026
19.000000	 -75.217999
19.050000	 -75.218975
19.100000	 -75.219953
19.150000	 -75.220933
19.200000	 -75.221916
19.250000	 -75.222900
19.300000	 -75.223887
19.350000	 -75.224876
19.400000	 -75.225867
19.450000	 -75.226861
19.500000	 -75.227856
19.550000	 -75.228853
19.600000	 -75.229852
19.650000	 -75.230853
19.700000	 -75.231856
19.750000	 -75.232861
19.800000	 -75.233867
19.850000	 -75.234876
19.900000	 -75.235886
19.950000	 -75.236897
20.000000	 -75.237911
20.050000	 -75.238926
20.100000	 -75.239943
20.150000	 -75.240962
20.200000	 -75.241982
20.250000	 -75.243004
20.300000	 -75.244027
20.350000	 -75.245052
20.400000	 -75.246079
20.450000	 -75.247107
20.500000	 -75.248136
20.550000	 -75.249167
20.600000	 -75.250200
20.650000	 -75.251234
20.700000	 -75.252270
20.750000	 -75.253307
20.800000	 -75.254345
20.850000	 -75.255385
20.900000	 -75.256427
20.950000	 -75.257469
21.000000	 -75.258514
21.050000	 -75.259559
21.100000	 -75.260606
21.150000	 -75.261655
21.200000	 -75.262705
21.250000	 -75.263756
21.300000	 -75.264809
21.350000	 -75.265863
21.400000	 -75.266918
21.450000	 -75.267975
21.500000	 -75.269033
21.550000	 -75.270093
21.600000	 -75.271154
21.650000	 -75.272216
21.700000	 -75.273280
21.750000	 -75.274345
21.800000	 -75.275412
21.850000	 -75.276479
21.900000	 -75.277549
21.950000	 -75.278619
22.000000	 -75.279691
22.050000	 -75.280764
22.100000	 -75.281839
22.150000	 -75.282915
22.200000	 -75.283993
22.250000	 -75.285072
22.300000	 -75.286152
22.350000	 -75.287234
22.400000	 -75.288317
22.450000	 -75.289401
22.500000	 -75.290487
22.550000	 -75.291574
22.600000	 -75.292663
22.650000	 -75.293753
22.700000	 -75.294844
22.750000	 -75.295937
22.800000	 -75.297031
22.850000	 -75.298127
22.900000	 -75.299224
22.950000	 -75.300323
23.000000	 -75.301423
23.050000	 -75.302524
23.100000	 -75.303627
23.150000	 -75.304731
23.200000	 -75.305837
23.250000	 -75.306944
23.300000	 -75.308053
23.350000	 -75.309163
23.400000	 -75.310275
23.450000	 -75.311388
23.500000	 -75.312502
23.550000	 -75.313618
23.600000	 -75.314736
23.650000	 -75.315855
23.700000	 -75.316975
23.750000	 -75.318097
23.800000	 -75.319220
23.850000	 -75.320345
23.900000	 -75.321472
23.950000	 -75.322600
24.000000	 -75.323729
24.050000	 -75.324860
24.100000	 -75.325992
24.150000	 -75.327126
24.200000	 -75.328262
24.250000	 -75.329399
24.300000	 -75.330537
24.350000	 -75.331678
24.400000	 -75.332819
24.450000	 -75.333962
24.500000	 -75.335107
24.550000	 -75.336253
24.600000	 -75.337401
24.650000	 -75.338551
24.700000	 -75.339702
24.750000	 -75.340854
24.800000	 -75.342008
24.850000	 -75.343164
24.900000	 -75.344321
24.950000	 -75.345480
25.000000	 -75.346640
25.050000	 -75.347803
25.100000	 -75.348969
25.150000	 -75.350139
25.200000	 -75.351313
25.250000	 -75.352491
25.300000	 -75.353672
25.350000	 -75.354857
25.400000	 -75.356044
25.450000	 -75.357234
25.500000	 -75.358426
25.550000	 -75.359620
25.600000	 -75.360816
25.650000	 -75.362014
25.700000	 -75.363213
25.750000	 -75.364413
25.800000	 -75.365615
25.850000	 -75.366818
25.900000	 -75.368023
25.950000	 -75.369229
26.000000	 -75.370435
26.050000	 -75.371643
26.100000	 -75.372853
26.150000	 -75.374063
26.200000	 -75.375274
26.250000	 -75.376487
26.300000	 -75.377701
26.350000	 -75.378916
26.400000	 -75.380132
26.450000	 -75.381349
26.500000	 -75.382568
26.550000	 -75.383787
26.600000	 -75.385008
26.650000	 -75.386230
26.700000	 -75.387454
26.750000	 -75.388678
26.800000	 -75.389904
26.850000	 -75.391131
26.900000	 -75.392360
26.950000	 -75.393589
27.000000	 -75.394820
27.050000	 -75.396053
27.100000	 -75.397286
27.150000	 -75.398521
27.200000	 -75.399757
27.250000	 -75.400995
27.300000	 -75.402234
27.350000	 -75.403474
27.400000	 -75.404715
27.450000	 -75.405958
27.500000	 -75.407203
27.550000	 -75.408448
27.600000	 -75.409695
27.650000	 -75.410944
27.700000	 -75.412193
27.750000	 -75.413445
27.800000	 -75.414697
27.850000	 -75.415951
27.900000	 -75.417206
27.950000	 -75.418463
28.000000	 -75.419721
28.050000	 -75.420980
28.100000	 -75.422241
28.150000	 -75.423503
28.200000	 -75.424767
28.250000	 -75.426032
28.300000	 -75.427298
28.350000	 -75.428566
28.400000	 -75.429835
28.450000	 -75.431106
28.500000	 -75.432378
28.550000	 -75.433651
28.600000	 -75.434926
28.650000	 -75.436202
28.700000	 -75.437479
28.750000	 -75.438758
28.800000	 -75.440038
28.850000	 -75.441320
28.900000	 -75.442603
28.950000	 -75.443887
29.000000	 -75.445173
29.050000	 -75.446460
29.100000	 -75.447748
29.150000	 -75.449038
29.200000	 -75.450329
29.250000	 -75.451622
29.300000	 -75.452916
29.350000	 -75.454211
29.400000	 -75.455508
29.450000	 -75.456805
29.500000	 -75.458105
29.550000	 -75.459405
29.600000	 -75.460707
29.650000	 -75.462010
29.700000	 -75.463315
29.750000	 -75.464621
29.800000	 -75.465928
29.850000	 -75.467236
29.900000	 -75.468546
29.950000	 -75.469857
30.000000	 -75.471169
30.050000	 -75.472483
30.100000	 -75.473798
30.150000	 -75.475114
30.200000	 -75.476431
30.250000	 -75.477750
30.300000	 -75.479070
30.350000	 -75.480391
30.400000	 -75.481713
30.450000	 -75.483037
30.500000	 -75.484362
30.550000	 -75.485688
30.600000	 -75.487015
30.650000	 -75.488343
30.700000	 -75.489673
30.750000	 -75.491004
30.800000	 -75.492336
30.850000	 -75.493669
30.900000	 -75.495004
30.950000	 -75.496339
31.000000	 -75.497676
31.050000	 -75.499014
31.100000	 -75.500353
31.150000	 -75.501693
31.200000	 -75.503035
31.250000	 -75.504377
31.300000	 -75.505721
31.350000	 -75.507066
31.400000	 -75.508411
31.450000	 -75.509758
31.500000	 -75.511106
31.550000	 -75.512455
31.600000	 -75.513806
31.650000	 -75.515157
31.700000	 -75.516509
31.750000	 -75.517863
31.800000	 -75.519217
31.850000	 -75.520573
31.900000	 -75.521929
31.950000	 -75.523287
32.000000	 -75.524645
32.050000	 -75.526005
32.100000	 -75.527365
32.150000	 -75.528727
32.200000	 -75.530089
32.250000	 -75.531453
32.300000	 -75.532817
32.350000	 -75.534183
32.400000	 -75.535549
32.450000	 -75.536916
32.500000	 -75.538285
32.550000	 -75.539654
32.600000	 -75.541024
32.650000	 -75.542395
32.700000	 -75.543767
32.750000	 -75.545140
32.800000	 -75.546514
32.850000	 -75.547888
32.900000	 -75.549264
32.950000	 -75.550640
33.000000	 -75.552017
33.050000	 -75.553395
33.100000	 -75.554774
33.150000	 -75.556154
33.200000	 -75.557534
33.250000	 -75.558916
33.300000	 -75.560298
33.350000	 -75.561681
33.400000	 -75.563065
33.450000	 -75.564449
33.500000	 -75.565834
33.550000	 -75.567220
33.600000	 -75.568607
33.650000	 -75.569995
33.700000	 -75.571383
33.750000	 -75.572772
33.800000	 -75.574161
33.850000	 -75.575552
33.900000	 -75.576943
33.950000	 -75.578335
34.000000	 -75.579727
34.050000	 -75.581120
34.100000	 -75.582514
34.150000	 -75.583909
34.200000	 -75.585304
34.250000	 -75.586699
34.300000	 -75.588096
34.350000	 -75.589493
34.400000	 -75.590890
34.450000	 -75.592289
34.500000	 -75.593687
34.550000	 -75.595087
34.600000	 -75.596487
34.650000	 -75.597887
34.700000	 -75.599288
34.750000	 -75.600690
34.800000	 -75.602092
34.850000	 -75.603495
34.900000	 -75.604898
34.950000	 -75.606302
35.000000	 -75.607706
35.050000	 -75.609111
35.100000	 -75.610516
35.150000	 -75.611922
35.200000	 -75.613328
35.250000	 -75.614735
35.300000	 -75.616142
35.350000	 -75.617549
35.400000	 -75.618957
35.450000	 -75.620365
35.500000	 -75.621774
35.550000	 -75.623183
35.600000	 -75.624593
35.650000	 -75.626003
35.700000	 -75.627413
35.750000	 -75.628824
35.800000	 -75.630235
35.850000	 -75.631647
35.900000	 -75.633058
35.950000	 -75.634471
36.000000	 -75.635883
36.050000	 -75.637296
36.100000	 -75.638709
36.150000	 -75.640122
36.200000	 -75.641536
36.250000	 -75.642950
36.300000	 -75.644364
36.350000	 -75.645779
36.400000	 -75.647193
36.450000	 -75.648608
36.500000	 -75.650024
36.550000	 -75.651439
36.600000	 -75.652855
36.650000	 -75.654271
36.700000	 -75.655687
36.750000	 -75.657103
36.800000	 -75.658519
36.850000	 -75.659936
36.900000	 -75.661353
36.950000	 -75.662770
37.000000	 -75.664187
37.050000	 -75.665604
37.100000	 -75.667022
37.150000	 -75.668439
37.200000	 -75.669857
37.250000	 -75.671275
37.300000	 -75.672692
37.350000	 -75.674110
37.400000	 -75.675528
37.450000	 -75.676946
37.500000	 -75.678365
37.550000	 -75.679783
37.600000	 -75.681201
37.650000	 -75.682619
37.700000	 -75.684038
37.750000	 -75.685456
37.800000	 -75.686874
37.850000	 -75.688293
37.900000	 -75.689711
37.950000	 -75.691129
38.000000	 -75.692548
38.050000	 -75.693966
38.100000	 -75.695384
38.150000	 -75.696802
38.200000	 -75.698220
38.250000	 -75.699639
38.300000	 -75.701057
38.350000	 -75.702474
38.400000	 -75.703892
38.450000	 -75.705310
38.500000	 -75.706728
38.550000	 -75.708145
38.600000	 -75.709562
38.650000	 -75.710980
38.700000	 -75.712397
38.750000	 -75.713814
38.800000	 -75.715231
38.850000	 -75.716647
38.900000	 -75.718064
38.950000	 -75.719480
39.000000	 -75.720896
39.050000	 -75.722312
39.100000	 -75.723728
39.150000	 -75.725143
39.200000	 -75.726558
39.250000	 -75.727973
39.300000	 -75.729388
39.350000	 -75.730803
39.400000	 -75.732217
39.450000	 -75.733631
39.500000	 -75.735045
39.550000	 -75.736458
39.600000	 -75.737871
39.650000	 -75.739284
39.700000	 -75.740697
39.750000	 -75.742109
39.800000	 -75.743521
39.850000	 -75.744933
39.900000	 -75.746344
39.950000	 -75.747755
40.000000	 -75.749165
40.050000	 -75.750576
40.100000	 -75.751985
40.150000	 -75.753395
40.200000	 -75.754804
40.250000	 -75.756213
40.300000	 -75.757621
40.350000	 -75.759029
40.400000	 -75.760436
40.450000	 -75.761843
40.500000	 -75.763250
40.550000	 -75.764656
40.600000	 -75.766062
40.650000	 -75.767467
40.700000	 -75.768872
40.750000	 -75.770276
40.800000	 -75.771680
40.850000	 -75.773083
40.900000	 -75.774486
40.950000	 -75.775888
41.000000	 -75.777290
41.050000	 -75.778691
41.100000	 -75.780092
41.150000	 -75.781492
41.200000	 -75.782892
41.250000	 -75.784291
41.300000	 -75.785690
41.350000	 -75.787088
41.400000	 -75.788485
41.450000	 -75.789882
41.500000	 -75.791278
41.550000	 -75.792674
41.600000	 -75.794069
41.650000	 -75.795463
41.700000	 -75.796857
41.750000	 -75.798250
41.800000	 -75.799643
41.850000	 -75.801034
41.900000	 -75.802426
41.950000	 -75.803816
42.000000	 -75.805206
42.050000	 -75.806595
42.100000	 -75.807984
42.150000	 -75.809371
42.200000	 -75.810758
42.250000	 -75.812145
42.300000	 -75.813531
42.350000	 -75.814915
42.400000	 -75.816300
42.450000	 -75.817683
42.500000	 -75.819066
42.550000	 -75.820448
42.600000	 -75.821829
42.650000	 -75.823209
42.700000	 -75.824589
42.750000	 -75.825968
42.800000	 -75.827346
42.850000	 -75.828723
42.900000	 -75.830100
42.950000	 -75.831475
43.000000	 -75.832850
43.050000	 -75.834224
43.100000	 -75.835597
43.150000	 -75.836969
43.200000	 -75.838341
43.250000	 -75.839711
43.300000	 -75.841081
43.350000	 -75.842450
43.400000	 -75.843818
43.450000	 -75.845185
43.500000	 -75.846551
43.550000	 -75.847916
43.600000	 -75.849280
43.650000	 -75.850643
43.700000	 -75.852006
43.750000	 -75.853367
43.800000	 -75.854728
43.850000	 -75.856087
43.900000	 -75.857446
43.950000	 -75.858803
44.000000	 -75.860160
44.050000	 -75.861516
44.100000	 -75.862870
44.150000	 -75.864224
44.200000	 -75.865576
44.250000	 -75.866928
44.300000	 -75.868279
44.350000	 -75.869628
44.400000	 -75.870977
44.450000	 -75.872324
44.500000	 -75.873671
44.550000	 -75.875016
44.600000	 -75.876360
44.650000	 -75.877704
44.700000	 -75.879046
44.750000	 -75.880387
44.800000	 -75.881727
44.850000	 -75.883066
44.900000	 -75.884404
44.950000	 -75.885740
45.000000	 -75.887076
45.050000	 -75.888410
45.100000	 -75.889744
45.150000	 -75.891076
45.200000	 -75.892407
45.250000	 -75.893737
45.300000	 -75.895066
45.350000	 -75.896393
45.400000	 -75.897720
45.450000	 -75.899045
45.500000	 -75.900369
45.550000	 -75.901692
45.600000	 -75.903014
45.650000	 -75.904335
45.700000	 -75.905654
45.750000	 -75.906972
45.800000	 -75.908289
45.850000	 -75.909605
45.900000	 -75.910920
45.950000	 -75.912233
46.000000	 -75.913545
46.050000	 -75.914856
46.100000	 -75.916166
46.150000	 -75.917474
46.200000	 -75.918781
46.250000	 -75.920087
46.300000	 -75.921392
46.350000	 -75.922695
46.400000	 -75.923997
46.450000	 -75.925298
46.500000	 -75.926598
46.550000	 -75.927896
46.600000	 -75.929193
46.650000	 -75.930488
46.700000	 -75.931783
46.750000	 -75.933076
46.800000	 -75.934368
46.850000	 -75.935658
46.900000	 -75.936947
46.950000	 -75.938235
47.000000	 -75.939521
47.050000	 -75.940806
47.100000	 -75.942090
47.150000	 -75.943372
47.200000	 -75.944654
47.250000	 -75.945933
47.300000	 -75.947212
47.350000	 -75.948488
47.400000	 -75.949764
47.450000	 -75.951038
47.500000	 -75.952311
47.550000	 -75.953583
47.600000	 -75.954853
47.650000	 -75.956121
47.700000	 -75.957389
47.750000	 -75.958654
47.800000	 -75.959919
47.850000	 -75.961182
47.900000	 -75.962444
47.950000	 -75.963704
48.000000	 -75.964963
48.050000	 -75.966220
48.100000	 -75.967476
48.150000	 -75.968730
48.200000	 -75.969984
48.250000	 -75.971235
48.300000	 -75.972485
48.350000	 -75.973734
48.400000	 -75.974981
48.450000	 -75.976227
48.500000	 -75.977471
48.550000	 -75.978714
48.600000	 -75.979956
48.650000	 -75.981196
48.700000	 -75.982434
48.750000	 -75.983671
48.800000	 -75.984906
48.850000	 -75.986140
48.900000	 -75.987373
48.950000	 -75.988604
49.000000	 -75.989833
49.050000	 -75.991061
49.100000	 -75.992288
49.150000	 -75.993513
49.200000	 -75.994736
49.250000	 -75.995958
49.300000	 -75.997178
49.350000	 -75.998397
49.400000	 -75.999614
49.450000	 -76.000830
49.500000	 -76.002044
49.550000	 -76.003257
49.600000	 -76.004468
49.650000	 -76.005678
49.700000	 -76.006886
49.750000	 -76.008092
49.800000	 -76.009297
49.850000	 -76.010500
49.900000	 -76.011702
49.950000	 -76.012902
50.000000	 -76.014101
50.050000	 -76.015298
50.100000	 -76.016493
50.150000	 -76.017687
50.200000	 -76.018880
50.250000	 -76.020070
50.300000	 -76.021259
50.350000	 -76.022447
50.400000	 -76.023633
50.450000	 -76.024817
50.500000	 -76.026000
50.550000	 -76.027181
50.600000	 -76.028360
50.650000	 -76.029538
50.700000	 -76.030715
50.750000	 -76.031889
50.800000	 -76.033062
50.850000	 -76.034234
50.900000	 -76.035403
50.950000	 -76.036571
51.000000	 -76.037738
51.050000	 -76.038903
51.100000	 -76.040066
51.150000	 -76.041228
51.200000	 -76.042387
51.250000	 -76.043546
51.300000	 -76.044702
51.350000	 -76.045857
51.400000	 -76.047011
51.450000	 -76.048162
51.500000	 -76.049312
51.550000	 -76.050461
51.600000	 -76.051607
51.650000	 -76.052752
51.700000	 -76.053895
51.750000	 -76.055037
51.800000	 -76.056177
51.850000	 -76.057315
51.900000	 -76.058452
51.950000	 -76.059587
52.000000	 -76.060720
52.050000	 -76.061852
52.100000	 -76.062981
52.150000	 -76.064110
52.200000	 -76.065236
52.250000	 -76.066361
52.300000	 -76.067484
52.350000	 -76.068605
52.400000	 -76.069725
52.450000	 -76.070843
52.500000	 -76.071959
52.550000	 -76.073074
52.600000	 -76.074186
52.650000	 -76.075297
52.700000	 -76.076407
52.750000	 -76.077514
52.800000	 -76.078620
52.850000	 -76.079725
52.900000	 -76.080827
52.950000	 -76.081928
53.000000	 -76.083027
53.050000	 -76.084124
53.100000	 -76.085219
53.150000	 -76.086313
53.200000	 -76.087405
53.250000	 -76.088496
53.300000	 -76.089584
53.350000	 -76.090671
53.400000	 -76.091756
53.450000	 -76.092839
53.500000	 -76.093921
53.550000	 -76.095001
53.600000	 -76.096079
53.650000	 -76.097155
53.700000	 -76.098229
53.750000	 -76.099302
53.800000	 -76.100373
53.850000	 -76.101442
53.900000	 -76.102510
53.950000	 -76.103576
54.000000	 -76.104639
54.050000	 -76.105702
54.100000	 -76.106762
54.150000	 -76.107821
54.200000	 -76.108877
54.250000	 -76.109932
54.300000	 -76.110986
54.350000	 -76.112037
54.400000	 -76.113087
54.450000	 -76.114135
54.500000	 -76.115181
54.550000	 -76.116225
54.600000	 -76.117268
54.650000	 -76.118309
54.700000	 -76.119347
54.750000	 -76.120385
54.800000	 -76.121420
54.850000	 -76.122454
54.900000	 -76.123485
54.950000	 -76.124515
55.000000	 -76.125543
55.050000	 -76.126570
55.100000	 -76.127594
55.150000	 -76.128617
55.200000	 -76.129638
55.250000	 -76.130657
55.300000	 -76.131675
55.350000	 -76.132690
55.400000	 -76.133704
55.450000	 -76.134716
55.500000	 -76.135726
55.550000	 -76.136734
55.600000	 -76.137741
55.650000	 -76.138745
55.700000	 -76.139748
55.750000	 -76.140749
55.800000	 -76.141748
55.850000	 -76.142746
55.900000	 -76.143741
55.950000	 -76.144735
56.000000	 -76.145727
56.050000	 -76.146717
56.100000	 -76.147705
56.150000	 -76.148691
56.200000	 -76.149676
56.250000	 -76.150659
56.300000	 -76.151640
56.350000	 -76.152619
56.400000	 -76.153596
56.450000	 -76.154571
56.500000	 -76.155545
56.550000	 -76.156517
56.600000	 -76.157487
56.650000	 -76.158455
56.700000	 -76.159421
56.750000	 -76.160385
56.800000	 -76.161348
56.850000	 -76.162309
56.900000	 -76.163267
56.950000	 -76.164225
57.000000	 -76.165180
57.050000	 -76.166133
57.100000	 -76.167085
57.150000	 -76.168034
57.200000	 -76.168982
57.250000	 -76.169928
57.300000	 -76.170872
57.350000	 -76.171815
57.400000	 -76.172755
57.450000	 -76.173694
57.500000	 -76.174630
57.550000	 -76.175565
57.600000	 -76.176498
57.650000	 -76.177429
57.700000	 -76.178359
57.750000	 -76.179286
57.800000	 -76.180212
57.850000	 -76.181136
57.900000	 -76.182058
57.950000	 -76.182978
58.000000	 -76.183896
58.050000	 -76.184812
58.100000	 -76.185727
58.150000	 -76.186640
58.200000	 -76.187551
58.250000	 -76.188460
58.300000	 -76.189367
58.350000	 -76.190272
58.400000	 -76.191175
58.450000	 -76.192077
58.500000	 -76.192977
58.550000	 -76.193875
58.600000	 -76.194771
58.650000	 -76.195665
58.700000	 -76.196557
58.750000	 -76.197447
58.800000	 -76.198336
58.850000	 -76.199223
58.900000	 -76.200108
58.950000	 -76.200991
59.000000	 -76.201872
59.050000	 -76.202751
59.100000	 -76.203629
59.150000	 -76.204504
59.200000	 -76.205378
59.250000	 -76.206250
59.300000	 -76.207120
59.350000	 -76.207988
59.400000	 -76.208854
59.450000	 -76.209719
59.500000	 -76.210581
59.550000	 -76.211442
59.600000	 -76.212301
59.650000	 -76.213158
59.700000	 -76.214013
59.750000	 -76.214866
59.800000	 -76.215718
59.850000	 -76.216568
59.900000	 -76.217415
59.950000	 -76.218261
60.000000	 -76.219105
60.050000	 -76.219947
60.100000	 -76.220788
60.150000	 -76.221626
60.200000	 -76.222463
60.250000	 -76.223298
60.300000	 -76.224131
60.350000	 -76.224962
60.400000	 -76.225791
60.450000	 -76.226618
60.500000	 -76.227444
60.550000	 -76.228267
60.600000	 -76.229089
60.650000	 -76.229909
60.700000	 -76.230727
60.750000	 -76.231544
60.800000	 -76.232358
60.850000	 -76.233171
60.900000	 -76.233981
60.950000	 -76.234790
61.000000	 -76.235597
61.050000	 -76.236402
61.100000	 -76.237206
61.150000	 -76.238007
61.200000	 -76.238807
61.250000	 -76.239604
61.300000	 -76.240400
61.350000	 -76.241194
61.400000	 -76.241987
61.450000	 -76.242777
61.500000	 -76.243566
61.550000	 -76.244352
61.600000	 -76.245137
61.650000	 -76.245920
61.700000	 -76.246701
61.750000	 -76.247481
61.800000	 -76.248258
61.850000	 -76.249034
61.900000	 -76.249808
61.950000	 -76.250580
62.000000	 -76.251350
62.050000	 -76.252118
62.100000	 -76.252884
62.150000	 -76.253649
62.200000	 -76.254412
62.250000	 -76.255173
62.300000	 -76.255932
62.350000	 -76.256689
62.400000	 -76.257445
62.450000	 -76.258198
62.500000	 -76.258950
62.550000	 -76.259700
62.600000	 -76.260448
62.650000	 -76.261195
62.700000	 -76.261939
62.750000	 -76.262682
62.800000	 -76.263422
62.850000	 -76.264161
62.900000	 -76.264899
62.950000	 -76.265634
63.000000	 -76.266367
63.050000	 -76.267099
63.100000	 -76.267829
63.150000	 -76.268557
63.200000	 -76.269283
63.250000	 -76.270008
63.300000	 -76.270730
63.350000	 -76.271451
63.400000	 -76.272170
63.450000	 -76.272887
63.500000	 -76.273603
63.550000	 -76.274316
63.600000	 -76.275028
63.650000	 -76.275738
63.700000	 -76.276446
63.750000	 -76.277152
63.800000	 -76.277857
63.850000	 -76.278559
63.900000	 -76.279260
63.950000	 -76.279959
64.000000	 -76.280656
64.050000	 -76.281352
64.100000	 -76.282045
64.150000	 -76.282737
64.200000	 -76.283427
64.250000	 -76.284115
64.300000	 -76.284802
64.350000	 -76.285487
64.400000	 -76.286169
64.450000	 -76.286850
64.500000	 -76.287530
64.550000	 -76.288207
64.600000	 -76.288883
64.650000	 -76.289557
64.700000	 -76.290229
64.750000	 -76.290899
64.800000	 -76.291568
64.850000	 -76.292234
64.900000	 -76.292899
64.950000	 -76.293562
65.000000	 -76.294224
65.050000	 -76.294883
65.100000	 -76.295541
65.150000	 -76.296197
65.200000	 -76.296851
65.250000	 -76.297504
65.300000	 -76.298155
65.350000	 -76.298804
65.400000	 -76.299451
65.450000	 -76.300096
65.500000	 -76.300740
65.550000	 -76.301382
65.600000	 -76.302022
65.650000	 -76.302660
65.700000	 -76.303297
65.750000	 -76.303931
65.800000	 -76.304564
65.850000	 -76.305196
65.900000	 -76.305825
65.950000	 -76.306453
66.000000	 -76.307079
66.050000	 -76.307703
66.100000	 -76.308326
66.150000	 -76.308946
66.200000	 -76.309565
66.250000	 -76.310183
66.300000	 -76.310798
66.350000	 -76.311412
66.400000	 -76.312024
66.450000	 -76.312634
66.500000	 -76.313243
66.550000	 -76.313849
66.600000	 -76.314454
66.650000	 -76.315058
66.700000	 -76.315659
66.750000	 -76.316259
66.800000	 -76.316857
66.850000	 -76.317453
66.900000	 -76.318048
66.950000	 -76.318641
67.000000	 -76.319232
67.050000	 -76.319822
67.100000	 -76.320409
67.150000	 -76.320995
67.200000	 -76.321580
67.250000	 -76.322162
67.300000	 -76.322743
67.350000	 -76.323322
67.400000	 -76.323899
67.450000	 -76.324475
67.500000	 -76.325049
67.550000	 -76.325621
67.600000	 -76.326192
67.650000	 -76.326761
67.700000	 -76.327328
67.750000	 -76.327894
67.800000	 -76.328457
67.850000	 -76.329019
67.900000	 -76.329580
67.950000	 -76.330138
68.000000	 -76.330695
68.050000	 -76.331251
68.100000	 -76.331804
68.150000	 -76.332356
68.200000	 -76.332906
68.250000	 -76.333455
68.300000	 -76.334002
68.350000	 -76.334547
68.400000	 -76.335090
68.450000	 -76.335632
68.500000	 -76.336172
68.550000	 -76.336711
68.600000	 -76.337247
68.650000	 -76.337782
68.700000	 -76.338316
68.750000	 -76.338848
68.800000	 -76.339378
68.850000	 -76.339906
68.900000	 -76.340433
68.950000	 -76.340958
69.000000	 -76.341481
69.050000	 -76.342003
69.100000	 -76.342523
69.150000	 -76.343042
69.200000	 -76.343559
69.250000	 -76.344074
69.300000	 -76.344587
69.350000	 -76.345099
69.400000	 -76.345609
69.450000	 -76.346118
69.500000	 -76.346625
69.550000	 -76.347130
69.600000	 -76.347634
69.650000	 -76.348136
69.700000	 -76.348636
69.750000	 -76.349135
69.800000	 -76.349632
69.850000	 -76.350128
69.900000	 -76.350622
69.950000	 -76.351114
70.000000	 -76.351604
70.050000	 -76.352093
70.100000	 -76.352581
70.150000	 -76.353067
70.200000	 -76.353551
70.250000	 -76.354033
70.300000	 -76.354514
70.350000	 -76.354994
70.400000	 -76.355471
70.450000	 -76.355947
70.500000	 -76.356422
70.550000	 -76.356895
70.600000	 -76.357366
70.650000	 -76.357836
70.700000	 -76.358304
70.750000	 -76.358770
70.800000	 -76.359235
70.850000	 -76.359699
70.900000	 -76.360160
70.950000	 -76.360621
71.000000	 -76.361079
71.050000	 -76.361536
71.100000	 -76.361992
71.150000	 -76.362445
71.200000	 -76.362898
71.250000	 -76.363348
71.300000	 -76.363798
71.350000	 -76.364245
71.400000	 -76.364691
71.450000	 -76.365135
71.500000	 -76.365578
71.550000	 -76.366020
71.600000	 -76.366459
71.650000	 -76.366898
71.700000	 -76.367334
71.750000	 -76.367769
71.800000	 -76.368203
71.850000	 -76.368635
71.900000	 -76.369065
71.950000	 -76.369494
72.000000	 -76.369921
72.050000	 -76.370347
72.100000	 -76.370771
72.150000	 -76.371194
72.200000	 -76.371615
72.250000	 -76.372035
72.300000	 -76.372453
72.350000	 -76.372870
72.400000	 -76.373285
72.450000	 -76.373698
72.500000	 -76.374110
72.550000	 -76.374521
72.600000	 -76.374930
72.650000	 -76.375337
72.700000	 -76.375743
72.750000	 -76.376148
72.800000	 -76.376551
72.850000	 -76.376952
72.900000	 -76.377352
72.950000	 -76.377750
73.000000	 -76.378147
73.050000	 -76.378543
73.100000	 -76.378937
73.150000	 -76.379329
73.200000	 -76.379720
73.250000	 -76.380109
73.300000	 -76.380497
73.350000	 -76.380884
73.400000	 -76.381269
73.450000	 -76.381652
73.500000	 -76.382034
73.550000	 -76.382415
73.600000	 -76.382794
73.650000	 -76.383172
73.700000	 -76.383548
73.750000	 -76.383922
73.800000	 -76.384296
73.850000	 -76.384667
73.900000	 -76.385038
73.950000	 -76.385406
74.000000	 -76.385774
74.050000	 -76.386140
74.100000	 -76.386504
74.150000	 -76.386867
74.200000	 -76.387229
74.250000	 -76.387589
74.300000	 -76.387947
74.350000	 -76.388305
74.400000	 -76.388660
74.450000	 -76.389015
74.500000	 -76.389368
74.550000	 -76.389719
74.600000	 -76.390069
74.650000	 -76.390418
74.700000	 -76.390765
74.750000	 -76.391111
74.800000	 -76.391455
74.850000	 -76.391798
74.900000	 -76.392139
74.950000	 -76.392480
75.000000	 -76.392818
75.050000	 -76.393155
75.100000	 -76.393491
75.150000	 -76.393826
75.200000	 -76.394159
75.250000	 -76.394490
75.300000	 -76.394821
75.350000	 -76.395150
75.400000	 -76.395477
75.450000	 -76.395803
75.500000	 -76.396128
75.550000	 -76.396451
75.600000	 -76.396773
75.650000	 -76.397093
75.700000	 -76.397413
75.750000	 -76.397730
75.800000	 -76.398047
75.850000	 -76.398362
75.900000	 -76.398675
75.950000	 -76.398988
76.000000	 -76.399298
76.050000	 -76.399608
76.100000	 -76.399916
76.150000	 -76.400223
76.200000	 -76.400528
76.250000	 -76.400832
76.300000	 -76.401135
76.350000	 -76.401437
76.400000	 -76.401737
76.450000	 -76.402035
76.500000	 -76.402333
76.550000	 -76.402629
76.600000	 -76.402923
76.650000	 -76.403217
76.700000	 -76.403509
76.750000	 -76.403799
76.800000	 -76.404089
76.850000	 -76.404377
76.900000	 -76.404663
76.950000	 -76.404949
77.000000	 -76.405233
77.050000	 -76.405515
77.100000	 -76.405797
77.150000	 -76.406077
77.200000	 -76.406355
77.250000	 -76.406633
77.300000	 -76.406909
77.350000	 -76.407184
77.400000	 -76.407457
77.450000	 -76.407730
77.500000	 -76.408001
77.550000	 -76.408270
77.600000	 -76.408539
77.650000	 -76.408806
77.700000	 -76.409071
77.750000	 -76.409336
77.800000	 -76.409599
77.850000	 -76.409861
77.900000	 -76.410122
77.950000	 -76.410381
78.000000	 -76.410639
78.050000	 -76.410896
78.100000	 -76.411151
78.150000	 -76.411406
78.200000	 -76.411659
78.250000	 -76.411910
78.300000	 -76.412161
78.350000	 -76.412410
78.400000	 -76.412658
78.450000	 -76.412905
78.500000	 -76.413150
78.550000	 -76.413394
78.600000	 -76.413637
78.650000	 -76.413879
78.700000	 -76.414119
78.750000	 -76.414359
78.800000	 -76.414597
78.850000	 -76.414833
78.900000	 -76.415069
78.950000	 -76.415303
79.000000	 -76.415536
79.050000	 -76.415768
79.100000	 -76.415999
79.150000	 -76.416228
79.200000	 -76.416456
79.250000	 -76.416683
79.300000	 -76.416909
79.350000	 -76.417134
79.400000	 -76.417357
79.450000	 -76.417579
79.500000	 -76.417800
79.550000	 -76.418020
79.600000	 -76.418238
79.650000	 -76.418455
79.700000	 -76.418671
79.750000	 -76.418886
79.800000	 -76.419100
79.850000	 -76.419313
79.900000	 -76.419524
79.950000	 -76.419734
80.000000	 -76.419943
80.050000	 -76.420151
80.100000	 -76.420358
80.150000	 -76.420563
80.200000	 -76.420767
80.250000	 -76.420970
80.300000	 -76.421172
80.350000	 -76.421373
80.400000	 -76.421573
80.450000	 -76.421771
80.500000	 -76.421969
80.550000	 -76.422165
80.600000	 -76.422360
80.650000	 -76.422554
80.700000	 -76.422746
80.750000	 -76.422938
80.800000	 -76.423128
80.850000	 -76.423318
80.900000	 -76.423506
80.950000	 -76.423693
81.000000	 -76.423878
81.050000	 -76.424063
81.100000	 -76.424247
81.150000	 -76.424429
81.200000	 -76.424611
81.250000	 -76.424791
81.300000	 -76.424970
81.350000	 -76.425148
81.400000	 -76.425325
81.450000	 -76.425501
81.500000	 -76.425675
81.550000	 -76.425849
81.600000	 -76.426021
81.650000	 -76.426192
81.700000	 -76.426363
81.750000	 -76.426532
81.800000	 -76.426700
81.850000	 -76.426867
81.900000	 -76.427033
81.950000	 -76.427197
82.000000	 -76.427361
82.050000	 -76.427524
82.100000	 -76.427685
82.150000	 -76.427845
82.200000	 -76.428005
82.250000	 -76.428163
82.300000	 -76.428320
82.350000	 -76.428476
82.400000	 -76.428631
82.450000	 -76.428785
82.500000	 -76.428938
82.550000	 -76.429090
82.600000	 -76.429241
82.650000	 -76.429391
82.700000	 -76.429539
82.750000	 -76.429687
82.800000	 -76.429834
82.850000	 -76.429979
82.900000	 -76.430124
82.950000	 -76.430267
83.000000	 -76.430409
83.050000	 -76.430551
83.100000	 -76.430691
83.150000	 -76.430830
83.200000	 -76.430969
83.250000	 -76.431106
83.300000	 -76.431242
83.350000	 -76.431377
83.400000	 -76.431512
83.450000	 -76.431645
83.500000	 -76.431777
83.550000	 -76.431908
83.600000	 -76.432038
83.650000	 -76.432167
83.700000	 -76.432295
83.750000	 -76.432422
83.800000	 -76.432548
83.850000	 -76.432673
83.900000	 -76.432797
83.950000	 -76.432921
84.000000	 -76.433043
84.050000	 -76.433164
84.100000	 -76.433284
84.150000	 -76.433403
84.200000	 -76.433521
84.250000	 -76.433638
84.300000	 -76.433754
84.350000	 -76.433869
84.400000	 -76.433984
84.450000	 -76.434097
84.500000	 -76.434209
84.550000	 -76.434321
84.600000	 -76.434431
84.650000	 -76.434540
84.700000	 -76.434649
84.750000	 -76.434756
84.800000	 -76.434863
84.850000	 -76.434968
84.900000	 -76.435073
84.950000	 -76.435176
85.000000	 -76.435279
85.050000	 -76.435381
85.100000	 -76.435481
85.150000	 -76.435581
85.200000	 -76.435680
85.250000	 -76.435778
85.300000	 -76.435875
85.350000	 -76.435971
85.400000	 -76.436067
85.450000	 -76.436161
85.500000	 -76.436254
85.550000	 -76.436346
85.600000	 -76.436438
85.650000	 -76.436529
85.700000	 -76.436618
85.750000	 -76.436707
85.800000	 -76.436795
85.850000	 -76.436882
85.900000	 -76.436968
85.950000	 -76.437053
86.000000	 -76.437137
86.050000	 -76.437220
86.100000	 -76.437303
86.150000	 -76.437384
86.200000	 -76.437465
86.250000	 -76.437544
86.300000	 -76.437623
86.350000	 -76.437701
86.400000	 -76.437778
86.450000	 -76.437854
86.500000	 -76.437930
86.550000	 -76.438004
86.600000	 -76.438078
86.650000	 -76.438150
86.700000	 -76.438222
86.750000	 -76.438293
86.800000	 -76.438363
86.850000	 -76.438432
86.900000	 -76.438501
86.950000	 -76.438568
87.000000	 -76.438635
87.050000	 -76.438700
87.100000	 -76.438765
87.150000	 -76.438829
87.200000	 -76.438893
87.250000	 -76.438955
87.300000	 -76.439016
87.350000	 -76.439077
87.400000	 -76.439137
87.450000	 -76.439196
87.500000	 -76.439254
87.550000	 -76.439311
87.600000	 -76.439368
87.650000	 -76.439424
87.700000	 -76.439478
87.750000	 -76.439532
87.800000	 -76.439586
87.850000	 -76.439638
87.900000	 -76.439690
87.950000	 -76.439740
88.000000	 -76.439790
88.050000	 -76.439839
88.100000	 -76.439888
88.150000	 -76.439935
88.200000	 -76.439982
88.250000	 -76.440028
88.300000	 -76.440073
88.350000	 -76.440117
88.400000	 -76.440161
88.450000	 -76.440203
88.500000	 -76.440245
88.550000	 -76.440286
88.600000	 -76.440327
88.650000	 -76.440366
88.700000	 -76.440405
88.750000	 -76.440443
88.800000	 -76.440480
88.850000	 -76.440517
88.900000	 -76.440552
88.950000	 -76.440587
89.000000	 -76.440621
89.050000	 -76.440655
89.100000	 -76.440687
89.150000	 -76.440719
89.200000	 -76.440750
89.250000	 -76.440780
89.300000	 -76.440810
89.350000	 -76.440839
89.400000	 -76.440867
89.450000	 -76.440894
89.500000	 -76.440921
89.550000	 -76.440946
89.600000	 -76.440971
89.650000	 -76.440996
89.700000	 -76.441019
89.750000	 -76.441042
89.800000	 -76.441064
89.850000	 -76.441085
89.900000	 -76.441106
89.950000	 -76.441126
90.000000	 -76.441145
90.050000	 -76.441164
90.100000	 -76.441181
90.150000	 -76.441198
90.200000	 -76.441215
90.250000	 -76.441230
90.300000	 -76.441245
90.350000	 -76.441259
90.400000	 -76.441273
90.450000	 -76.441285
90.500000	 -76.441297
90.550000	 -76.441309
90.600000	 -76.441319
90.650000	 -76.441329
90.700000	 -76.441338
90.750000	 -76.441347
90.800000	 -76.441355
90.850000	 -76.441362
90.900000	 -76.441368
90.950000	 -76.441374
91.000000	 -76.441379
91.050000	 -76.441383
91.100000	 -76.441387
91.150000	 -76.441390
91.200000	 -76.441392
91.250000	 -76.441394
91.300000	 -76.441395
91.350000	 -76.441395
91.400000	 -76.441395
91.450000	 -76.441394
91.500000	 -76.441392
91.550000	 -76.441390
91.600000	 -76.441387
91.650000	 -76.441383
91.700000	 -76.441379
91.750000	 -76.441374
91.800000	 -76.441368
91.850000	 -76.441362
91.900000	 -76.441355
91.950000	 -76.441348
92.000000	 -76.441339
92.050000	 -76.441331
92.100000	 -76.441321
92.150000	 -76.441311
92.200000	 -76.441300
92.250000	 -76.441289
92.300000	 -76.441277
92.350000	 -76.441264
92.400000	 -76.441251
92.450000	 -76.441237
92.500000	 -76.441222
92.550000	 -76.441207
92.600000	 -76.441191
92.650000	 -76.441175
92.700000	 -76.441158
92.750000	 -76.441140
92.800000	 -76.441122
92.850000	 -76.441103
92.900000	 -76.441084
92.950000	 -76.441064
93.000000	 -76.441043
93.050000	 -76.441022
93.100000	 -76.441000
93.150000	 -76.440977
93.200000	 -76.440954
93.250000	 -76.440931
93.300000	 -76.440906
93.350000	 -76.440881
93.400000	 -76.440856
93.450000	 -76.440830
93.500000	 -76.440803
93.550000	 -76.440776
93.600000	 -76.440748
93.650000	 -76.440720
93.700000	 -76.440691
93.750000	 -76.440662
93.800000	 -76.440631
93.850000	 -76.440601
93.900000	 -76.440570
93.950000	 -76.440538
94.000000	 -76.440505
94.050000	 -76.440473
94.100000	 -76.440439
94.150000	 -76.440405
94.200000	 -76.440370
94.250000	 -76.440335
94.300000	 -76.440300
94.350000	 -76.440263
94.400000	 -76.440226
94.450000	 -76.440189
94.500000	 -76.440151
94.550000	 -76.440113
94.600000	 -76.440074
94.650000	 -76.440034
94.700000	 -76.439994
94.750000	 -76.439954
94.800000	 -76.439912
94.850000	 -76.439871
94.900000	 -76.439829
94.950000	 -76.439786
95.000000	 -76.439743
95.050000	 -76.439699
95.100000	 -76.439655
95.150000	 -76.439610
95.200000	 -76.439564
95.250000	 -76.439518
95.300000	 -76.439472
95.350000	 -76.439425
95.400000	 -76.439378
95.450000	 -76.439330
95.500000	 -76.439281
95.550000	 -76.439233
95.600000	 -76.439183
95.650000	 -76.439133
95.700000	 -76.439083
95.750000	 -76.439032
95.800000	 -76.438980
95.850000	 -76.438928
95.900000	 -76.438876
95.950000	 -76.438823
96.000000	 -76.438770
96.050000	 -76.438716
96.100000	 -76.438661
96.150000	 -76.438606
96.200000	 -76.438551
96.250000	 -76.438495
96.300000	 -76.438439
96.350000	 -76.438382
96.400000	 -76.438325
96.450000	 -76.438267
96.500000	 -76.438209
96.550000	 -76.438150
96.600000	 -76.438091
96.650000	 -76.438031
96.700000	 -76.437971
96.750000	 -76.437911
96.800000	 -76.437850
96.850000	 -76.437788
96.900000	 -76.437726
96.950000	 -76.437664
97.000000	 -76.437601
97.050000	 -76.437538
97.100000	 -76.437474
97.150000	 -76.437410
97.200000	 -76.437345
97.250000	 -76.437280
97.300000	 -76.437215
97.350000	 -76.437149
97.400000	 -76.437082
97.450000	 -76.437015
97.500000	 -76.436948
97.550000	 -76.436880
97.600000	 -76.436812
97.650000	 -76.436744
97.700000	 -76.436675
97.750000	 -76.436605
97.800000	 -76.436535
97.850000	 -76.436465
97.900000	 -76.436394
97.950000	 -76.436323
98.000000	 -76.436252
98.050000	 -76.436180
98.100000	 -76.436107
98.150000	 -76.436035
98.200000	 -76.435961
98.250000	 -76.435888
98.300000	 -76.435814
98.350000	 -76.435739
98.400000	 -76.435664
98.450000	 -76.435589
98.500000	 -76.435513
98.550000	 -76.435437
98.600000	 -76.435361
98.650000	 -76.435284
98.700000	 -76.435207
98.750000	 -76.435129
98.800000	 -76.435051
98.850000	 -76.434973
98.900000	 -76.434894
98.950000	 -76.434815
99.000000	 -76.434735
99.050000	 -76.434655
99.100000	 -76.434575
99.150000	 -76.434494
99.200000	 -76.434413
99.250000	 -76.434331
99.300000	 -76.434250
99.350000	 -76.434167
99.400000	 -76.434085
99.450000	 -76.434002
99.500000	 -76.433918
99.550000	 -76.433835
99.600000	 -76.433751
99.650000	 -76.433666
99.700000	 -76.433581
99.750000	 -76.433496
99.800000	 -76.433411
99.850000	 -76.433325
99.900000	 -76.433238
99.950000	 -76.433152
100.000000	 -76.433065
