0.000000	 -76.331845
0.050000	 -76.331845
0.100000	 -76.331845
0.150000	 -76.331845
0.200000	 -76.331844
0.250000	 -76.331844
0.300000	 -76.331844
0.350000	 -76.331844
0.400000	 -76.331844
0.450000	 -76.331844
0.500000	 -76.331844
0.550000	 -76.331844
0.600000	 -76.331844
0.650000	 -76.331844
0.700000	 -76.331844
0.750000	 -76.331843
0.800000	 -76.331843
0.850000	 -76.331843
0.900000	 -76.331843
0.950000	 -76.331843
1.000000	 -76.331843
1.050000	 -76.331843
1.100000	 -76.331843
1.150000	 -76.331843
1.200000	 -76.331843
1.250000	 -76.331843
1.300000	 -76.331843
1.350000	 -76.331842
1.400000	 -76.331842
1.450000	 -76.331842
1.500000	 -76.331842
1.550000	 -76.331842
1.600000	 -76.331842
1.650000	 -76.331842
1.700000	 -76.331842
1.750000	 -76.331842
1.800000	 -76.331842
1.850000	 -76.331842
1.900000	 -76.331841
1.950000	 -76.331841
2.000000	 -76.331841
2.050000	 -76.331841
2.100000	 -76.331841
2.150000	 -76.331841
2.200000	 -76.331841
2.250000	 -76.331841
2.300000	 -76.331841
2.350000	 -76.331841
2.400000	 -76.331841
2.450000	 -76.331840
2.500000	 -76.331840
2.550000	 -76.331840
2.600000	 -76.331840
2.650000	 -76.331840
2.700000	 -76.331840
2.750000	 -76.331840
2.800000	 -76.331840
2.850000	 -76.331840
2.900000	 -76.331840
2.950000	 -76.331840
3.000000	 -76.331840
3.050000	 -76.331839
3.100000	 -76.331839
3.150000	 -76.331839
3.200000	 -76.331839
3.250000	 -76.331839
3.300000	 -76.331839
3.350000	 -76.331839
3.400000	 -76.331839
3.450000	 -76.331839
3.500000	 -76.331839
3.550000	 -76.331839
3.600000	 -76.331838
3.650000	 -76.331838
3.700000	 -76.331838
3.750000	 -76.331838
3.800000	 -76.331838
3.850000	 -76.331838
3.900000	 -76.331838
3.950000	 -76.331838
4.000000	 -76.331838
4.050000	 -76.331838
4.100000	 -76.331838
4.150000	 -76.331837
4.200000	 -76.331837
4.250000	 -76.331837
4.300000	 -76.331837
4.350000	 -76.331837
4.400000	 -76.331837
4.450000	 -76.331837
4.500000	 -76.331837
4.550000	 -76.331837
4.600000	 -76.331837
4.650000	 -76.331837
4.700000	 -76.331837
4.750000	 -76.331836
4.800000	 -76.331836
4.850000	 -76.331836
4.900000	 -76.331836
4.950000	 -76.331836
5.000000	 -76.331836
5.050000	 -76.331809
5.100000	 -76.331666
5.150000	 -76.331267
5.200000	 -76.330451
5.250000	 -76.329061
5.300000	 -76.326968
5.350000	 -76.324070
5.400000	 -76.320298
5.450000	 -76.315609
5.500000	 -76.309986
5.550000	 -76.303428
5.600000	 -76.295951
5.650000	 -76.287583
5.700000	 -76.278360
5.750000	 -76.268323
5.800000	 -76.257518
5.850000	 -76.245993
5.900000	 -76.233798
5.950000	 -76.220982
6.000000	 -76.207593
6.050000	 -76.193679
6.100000	 -76.179286
6.150000	 -76.164458
6.200000	 -76.149237
6.250000	 -76.133663
6.300000	 -76.117773
6.350000	 -76.101603
6.400000	 -76.085186
6.450000	 -76.068553
6.500000	 -76.051733
6.550000	 -76.034755
6.600000	 -76.017642
6.650000	 -76.000419
6.700000	 -75.983108
6.750000	 -75.965730
6.800000	 -75.948303
6.850000	 -75.930845
6.900000	 -75.913373
6.950000	 -75.895902
7.000000	 -75.878447
7.050000	 -75.861020
7.100000	 -75.843635
7.150000	 -75.826301
7.200000	 -75.809031
7.250000	 -75.791835
7.300000	 -75.774720
7.350000	 -75.757696
7.400000	 -75.740771
7.450000	 -75.723952
7.500000	 -75.707246
7.550000	 -75.690660
7.600000	 -75.674198
7.650000	 -75.657868
7.700000	 -75.641673
7.750000	 -75.625619
7.800000	 -75.609709
7.850000	 -75.593948
7.900000	 -75.578340
7.950000	 -75.562888
8.000000	 -75.547595
8.050000	 -75.532464
8.100000	 -75.517497
8.150000	 -75.502697
8.200000	 -75.488066
8.250000	 -75.473605
8.300000	 -75.459318
8.350000	 -75.445205
8.400000	 -75.431267
8.450000	 -75.417506
8.500000	 -75.403923
8.550000	 -75.390518
8.600000	 -75.377293
8.650000	 -75.364247
8.700000	 -75.351383
8.750000	 -75.338698
8.800000	 -75.326195
8.850000	 -75.313873
8.900000	 -75.301731
8.950000	 -75.289771
9.000000	 -75.277991
9.050000	 -75.266391
9.100000	 -75.254972
9.150000	 -75.243731
9.200000	 -75.232670
9.250000	 -75.221787
9.300000	 -75.211081
9.350000	 -75.200551
9.400000	 -75.190198
9.450000	 -75.180019
9.500000	 -75.170014
9.550000	 -75.160182
9.600000	 -75.150521
9.650000	 -75.141031
9.700000	 -75.131710
9.750000	 -75.122558
9.800000	 -75.113572
9.850000	 -75.104751
9.900000	 -75.096095
9.950000	 -75.087601
10.000000	 -75.079268
10.050000	 -75.071096
10.100000	 -75.063081
10.150000	 -75.055223
10.200000	 -75.047521
10.250000	 -75.039972
10.300000	 -75.032575
10.350000	 -75.025329
10.400000	 -75.018231
10.450000	 -75.011280
10.500000	 -75.004475
10.550000	 -74.997814
10.600000	 -74.991295
10.650000	 -74.984917
10.700000	 -74.978677
10.750000	 -74.972575
10.800000	 -74.966608
10.850000	 -74.960774
10.900000	 -74.955072
10.950000	 -74.949501
11.000000	 -74.944058
11.050000	 -74.938742
11.100000	 -74.933551
11.150000	 -74.928483
11.200000	 -74.923537
11.250000	 -74.918711
11.300000	 -74.914003
11.350000	 -74.909412
11.400000	 -74.904935
11.450000	 -74.900571
11.500000	 -74.896319
11.550000	 -74.892177
11.600000	 -74.888143
11.650000	 -74.884215
11.700000	 -74.880391
11.750000	 -74.876671
11.800000	 -74.873053
11.850000	 -74.869534
11.900000	 -74.866114
11.950000	 -74.862790
12.000000	 -74.859561
12.050000	 -74.856426
12.100000	 -74.853383
12.150000	 -74.850430
12.200000	 -74.847566
12.250000	 -74.844789
12.300000	 -74.842098
12.350000	 -74.839492
12.400000	 -74.836968
12.450000	 -74.834526
12.500000	 -74.832163
12.550000	 -74.829880
12.600000	 -74.827673
12.650000	 -74.825542
12.700000	 -74.823486
12.750000	 -74.821502
12.800000	 -74.819590
12.850000	 -74.817749
12.900000	 -74.815976
12.950000	 -74.814271
13.000000	 -74.812633
13.050000	 -74.811059
13.100000	 -74.809550
13.150000	 -74.808103
13.200000	 -74.806717
13.250000	 -74.805392
13.300000	 -74.804126
13.350000	 -74.802918
13.400000	 -74.801766
13.450000	 -74.800670
13.500000	 -74.799628
13.550000	 -74.798640
13.600000	 -74.797704
13.650000	 -74.796820
13.700000	 -74.795985
13.750000	 -74.795200
13.800000	 -74.794462
13.850000	 -74.793772
13.900000	 -74.793128
13.950000	 -74.792529
14.000000	 -74.791974
14.050000	 -74.791463
14.100000	 -74.790994
14.150000	 -74.790566
14.200000	 -74.790179
14.250000	 -74.789831
14.300000	 -74.789523
14.350000	 -74.789252
14.400000	 -74.789018
14.450000	 -74.788821
14.500000	 -74.788659
14.550000	 -74.788532
14.600000	 -74.788439
14.650000	 -74.788379
14.700000	 -74.788351
14.750000	 -74.788355
14.800000	 -74.788391
14.850000	 -74.788456
14.900000	 -74.788551
14.950000	 -74.788675
15.000000	 -74.788828
15.050000	 -74.789007
15.100000	 -74.789214
15.150000	 -74.789448
15.200000	 -74.789707
15.250000	 -74.789991
15.300000	 -74.790299
15.350000	 -74.790632
15.400000	 -74.790988
15.450000	 -74.791367
15.500000	 -74.791769
15.550000	 -74.792192
15.600000	 -74.792636
15.650000	 -74.793102
15.700000	 -74.793587
15.750000	 -74.794092
15.800000	 -74.794617
15.850000	 -74.795161
15.900000	 -74.795723
15.950000	 -74.796303
16.000000	 -74.796900
16.050000	 -74.797515
16.100000	 -74.798146
16.150000	 -74.798794
16.200000	 -74.799457
16.250000	 -74.800137
16.300000	 -74.800831
16.350000	 -74.801540
16.400000	 -74.802263
16.450000	 -74.803001
16.500000	 -74.803752
16.550000	 -74.804517
16.600000	 -74.805295
16.650000	 -74.806085
16.700000	 -74.806888
16.750000	 -74.807704
16.800000	 -74.808531
16.850000	 -74.809369
16.900000	 -74.810219
16.950000	 -74.811080
17.000000	 -74.811951
17.050000	 -74.812834
17.100000	 -74.813726
17.150000	 -74.814628
17.200000	 -74.815540
17.250000	 -74.816462
17.300000	 -74.817393
17.350000	 -74.818333
17.400000	 -74.819282
17.450000	 -74.820239
17.500000	 -74.821205
17.550000	 -74.822179
17.600000	 -74.823161
17.650000	 -74.824151
17.700000	 -74.825149
17.750000	 -74.826154
17.800000	 -74.827166
17.850000	 -74.828186
17.900000	 -74.829213
17.950000	 -74.830246
18.000000	 -74.831286
18.050000	 -74.832333
18.100000	 -74.833386
18.150000	 -74.834445
18.200000	 -74.835510
18.250000	 -74.836582
18.300000	 -74.837659
18.350000	 -74.838742
18.400000	 -74.839830
18.450000	 -74.840924
18.500000	 -74.842024
18.550000	 -74.843128
18.600000	 -74.844238
18.650000	 -74.845353
18.700000	 -74.846473
18.750000	 -74.847597
18.800000	 -74.848727
18.850000	 -74.849861
18.900000	 -74.850999
18.950000	 -74.852143
19.000000	 -74.853290
19.050000	 -74.854442
19.100000	 -74.855598
19.150000	 -74.856758
19.200000	 -74.857923
19.250000	 -74.859091
19.300000	 -74.860264
19.350000	 -74.861440
19.400000	 -74.862620
19.450000	 -74.863804
19.500000	 -74.864992
19.550000	 -74.866183
19.600000	 -74.867378
19.650000	 -74.868577
19.700000	 -74.869779
19.750000	 -74.870984
19.800000	 -74.872193
19.850000	 -74.873406
19.900000	 -74.874621
19.950000	 -74.875840
20.000000	 -74.877063
20.050000	 -74.878288
20.100000	 -74.879517
20.150000	 -74.880749
20.200000	 -74.881984
20.250000	 -74.883222
20.300000	 -74.884463
20.350000	 -74.885707
20.400000	 -74.886954
20.450000	 -74.888204
20.500000	 -74.889458
20.550000	 -74.890714
20.600000	 -74.891973
20.650000	 -74.893234
20.700000	 -74.894499
20.750000	 -74.895767
20.800000	 -74.897037
20.850000	 -74.898310
20.900000	 -74.899586
20.950000	 -74.900865
21.000000	 -74.902147
21.050000	 -74.903431
21.100000	 -74.904718
21.150000	 -74.906008
21.200000	 -74.907300
21.250000	 -74.908595
21.300000	 -74.909893
21.350000	 -74.911194
21.400000	 -74.912497
21.450000	 -74.913803
21.500000	 -74.915111
21.550000	 -74.916422
21.600000	 -74.917736
21.650000	 -74.919053
21.700000	 -74.920372
21.750000	 -74.921693
21.800000	 -74.923018
21.850000	 -74.924345
21.900000	 -74.925674
21.950000	 -74.927006
22.000000	 -74.928341
22.050000	 -74.929678
22.100000	 -74.931018
22.150000	 -74.932361
22.200000	 -74.933706
22.250000	 -74.935053
22.300000	 -74.936404
22.350000	 -74.937756
22.400000	 -74.939112
22.450000	 -74.940470
22.500000	 -74.941831
22.550000	 -74.943194
22.600000	 -74.944560
22.650000	 -74.945928
22.700000	 -74.947299
22.750000	 -74.948672
22.800000	 -74.950048
22.850000	 -74.951427
22.900000	 -74.952808
22.950000	 -74.954192
23.000000	 -74.955579
23.050000	 -74.956968
23.100000	 -74.958360
23.150000	 -74.959754
23.200000	 -74.961151
23.250000	 -74.962550
23.300000	 -74.963952
23.350000	 -74.965357
23.400000	 -74.966764
23.450000	 -74.968174
23.500000	 -74.969586
23.550000	 -74.971001
23.600000	 -74.972419
23.650000	 -74.973839
23.700000	 -74.975262
23.750000	 -74.976688
23.800000	 -74.978116
23.850000	 -74.979547
23.900000	 -74.980980
23.950000	 -74.982416
24.000000	 -74.983855
24.050000	 -74.985296
24.100000	 -74.986740
24.150000	 -74.988186
24.200000	 -74.989635
24.250000	 -74.991087
24.300000	 -74.992542
24.350000	 -74.993999
24.400000	 -74.995458
24.450000	 -74.996921
24.500000	 -74.998386
24.550000	 -74.999853
24.600000	 -75.001324
24.650000	 -75.002797
24.700000	 -75.004272
24.750000	 -75.005750
24.800000	 -75.007231
24.850000	 -75.008715
24.900000	 -75.010201
24.950000	 -75.011690
25.000000	 -75.013181
25.050000	 -75.014676
25.100000	 -75.016176
25.150000	 -75.017681
25.200000	 -75.019193
25.250000	 -75.020709
25.300000	 -75.022231
25.350000	 -75.023758
25.400000	 -75.025289
25.450000	 -75.026824
25.500000	 -75.028362
25.550000	 -75.029904
25.600000	 -75.031448
25.650000	 -75.032996
25.700000	 -75.034546
25.750000	 -75.036099
25.800000	 -75.037653
25.850000	 -75.039211
25.900000	 -75.040770
25.950000	 -75.042332
26.000000	 -75.043895
26.050000	 -75.045461
26.100000	 -75.047029
26.150000	 -75.048599
26.200000	 -75.050171
26.250000	 -75.051745
26.300000	 -75.053321
26.350000	 -75.054899
26.400000	 -75.056479
26.450000	 -75.058061
26.500000	 -75.059645
26.550000	 -75.061232
26.600000	 -75.062820
26.650000	 -75.064411
26.700000	 -75.066003
26.750000	 -75.067598
26.800000	 -75.069195
26.850000	 -75.070794
26.900000	 -75.072395
26.950000	 -75.073998
27.000000	 -75.075604
27.050000	 -75.077212
27.100000	 -75.078821
27.150000	 -75.080434
27.200000	 -75.082048
27.250000	 -75.083664
27.300000	 -75.085283
27.350000	 -75.086904
27.400000	 -75.088527
27.450000	 -75.090152
27.500000	 -75.091780
27.550000	 -75.093410
27.600000	 -75.095042
27.650000	 -75.096676
27.700000	 -75.098312
27.750000	 -75.099951
27.800000	 -75.101592
27.850000	 -75.103235
27.900000	 -75.104881
27.950000	 -75.106529
28.000000	 -75.108178
28.050000	 -75.109831
28.100000	 -75.111485
28.150000	 -75.113142
28.200000	 -75.114801
28.250000	 -75.116462
28.300000	 -75.118125
28.350000	 -75.119791
28.400000	 -75.121459
28.450000	 -75.123129
28.500000	 -75.124801
28.550000	 -75.126476
28.600000	 -75.128153
28.650000	 -75.129832
28.700000	 -75.131513
28.750000	 -75.133196
28.800000	 -75.134882
28.850000	 -75.136569
28.900000	 -75.138259
28.950000	 -75.139951
29.000000	 -75.141646
29.050000	 -75.143342
29.100000	 -75.145041
29.150000	 -75.146742
29.200000	 -75.148444
29.250000	 -75.150150
29.300000	 -75.151857
29.350000	 -75.153566
29.400000	 -75.155278
29.450000	 -75.156991
29.500000	 -75.158707
29.550000	 -75.160425
29.600000	 -75.162144
29.650000	 -75.163866
29.700000	 -75.165590
29.750000	 -75.167316
29.800000	 -75.169045
29.850000	 -75.170775
29.900000	 -75.172507
29.950000	 -75.174241
30.000000	 -75.175977
30.050000	 -75.177716
30.100000	 -75.179456
30.150000	 -75.181198
30.200000	 -75.182942
30.250000	 -75.184689
30.300000	 -75.186437
30.350000	 -75.188187
30.400000	 -75.189939
30.450000	 -75.191693
30.500000	 -75.193449
30.550000	 -75.195207
30.600000	 -75.196967
30.650000	 -75.198728
30.700000	 -75.200492
30.750000	 -75.202257
30.800000	 -75.204025
30.850000	 -75.205794
30.900000	 -75.207565
30.950000	 -75.209338
31.000000	 -75.211112
31.050000	 -75.212889
31.100000	 -75.214667
31.150000	 -75.216447
31.200000	 -75.218229
31.250000	 -75.220012
31.300000	 -75.221798
31.350000	 -75.223585
31.400000	 -75.225373
31.450000	 -75.227164
31.500000	 -75.228956
31.550000	 -75.230750
31.600000	 -75.232546
31.650000	 -75.234343
31.700000	 -75.236142
31.750000	 -75.237942
31.800000	 -75.239744
31.850000	 -75.241548
31.900000	 -75.243354
31.950000	 -75.245161
32.000000	 -75.246969
32.050000	 -75.248779
32.100000	 -75.250591
32.150000	 -75.252404
32.200000	 -75.254219
32.250000	 -75.256035
32.300000	 -75.257853
32.350000	 -75.259673
32.400000	 -75.261493
32.450000	 -75.263316
32.500000	 -75.265139
32.550000	 -75.266965
32.600000	 -75.268791
32.650000	 -75.270619
32.700000	 -75.272449
32.750000	 -75.274280
32.800000	 -75.276112
32.850000	 -75.277945
32.900000	 -75.279780
32.950000	 -75.281617
33.000000	 -75.283454
33.050000	 -75.285293
33.100000	 -75.287134
33.150000	 -75.288975
33.200000	 -75.290818
33.250000	 -75.292662
33.300000	 -75.294507
33.350000	 -75.296354
33.400000	 -75.298202
33.450000	 -75.300051
33.500000	 -75.301901
33.550000	 -75.303753
33.600000	 -75.305605
33.650000	 -75.307459
33.700000	 -75.309314
33.750000	 -75.311170
33.800000	 -75.313027
33.850000	 -75.314886
33.900000	 -75.316745
33.950000	 -75.318605
34.000000	 -75.320467
34.050000	 -75.322330
34.100000	 -75.324193
34.150000	 -75.326058
34.200000	 -75.327924
34.250000	 -75.329790
34.300000	 -75.331658
34.350000	 -75.333527
34.400000	 -75.335396
34.450000	 -75.337267
34.500000	 -75.339138
34.550000	 -75.341011
34.600000	 -75.342884
34.650000	 -75.344758
34.700000	 -75.346634
34.750000	 -75.348510
34.800000	 -75.350386
34.850000	 -75.352264
34.900000	 -75.354143
34.950000	 -75.356022
35.000000	 -75.357902
35.050000	 -75.359783
35.100000	 -75.361665
35.150000	 -75.363547
35.200000	 -75.365431
35.250000	 -75.367315
35.300000	 -75.369199
35.350000	 -75.371085
35.400000	 -75.372971
35.450000	 -75.374858
35.500000	 -75.376745
35.550000	 -75.378633
35.600000	 -75.380522
35.650000	 -75.382412
35.700000	 -75.384302
35.750000	 -75.386192
35.800000	 -75.388084
35.850000	 -75.389976
35.900000	 -75.391868
35.950000	 -75.393761
36.000000	 -75.395654
36.050000	 -75.397548
36.100000	 -75.399443
36.150000	 -75.401338
36.200000	 -75.403234
36.250000	 -75.405130
36.300000	 -75.407026
36.350000	 -75.408923
36.400000	 -75.410821
36.450000	 -75.412718
36.500000	 -75.414617
36.550000	 -75.416515
36.600000	 -75.418414
36.650000	 -75.420314
36.700000	 -75.422213
36.750000	 -75.424113
36.800000	 -75.426014
36.850000	 -75.427915
36.900000	 -75.429816
36.950000	 -75.431717
37.000000	 -75.433619
37.050000	 -75.435521
37.100000	 -75.437423
37.150000	 -75.439325
37.200000	 -75.441228
37.250000	 -75.443131
37.300000	 -75.445034
37.350000	 -75.446937
37.400000	 -75.448841
37.450000	 -75.450744
37.500000	 -75.452648
37.550000	 -75.454552
37.600000	 -75.456456
37.650000	 -75.458360
37.700000	 -75.460264
37.750000	 -75.462169
37.800000	 -75.464073
37.850000	 -75.465978
37.900000	 -75.467883
37.950000	 -75.469787
38.000000	 -75.471692
38.050000	 -75.473597
38.100000	 -75.475501
38.150000	 -75.477406
38.200000	 -75.479311
38.250000	 -75.481216
38.300000	 -75.483120
38.350000	 -75.485025
38.400000	 -75.486929
38.450000	 -75.488834
38.500000	 -75.490738
38.550000	 -75.492643
38.600000	 -75.494547
38.650000	 -75.496451
38.700000	 -75.498355
38.750000	 -75.500259
38.800000	 -75.502162
38.850000	 -75.504066
38.900000	 -75.505969
38.950000	 -75.507872
39.000000	 -75.509775
39.050000	 -75.511678
39.100000	 -75.513580
39.150000	 -75.515482
39.200000	 -75.517384
39.250000	 -75.519286
39.300000	 -75.521187
39.350000	 -75.523089
39.400000	 -75.524989
39.450000	 -75.526890
39.500000	 -75.528790
39.550000	 -75.530690
39.600000	 -75.532590
39.650000	 -75.534489
39.700000	 -75.536388
39.750000	 -75.538286
39.800000	 -75.540184
39.850000	 -75.542082
39.900000	 -75.543979
39.950000	 -75.545876
40.000000	 -75.547772
40.050000	 -75.549668
40.100000	 -75.551564
40.150000	 -75.553459
40.200000	 -75.555353
40.250000	 -75.557247
40.300000	 -75.559141
40.350000	 -75.561034
40.400000	 -75.562927
40.450000	 -75.564819
40.500000	 -75.566710
40.550000	 -75.568601
40.600000	 -75.570491
40.650000	 -75.572381
40.700000	 -75.574270
40.750000	 -75.576159
40.800000	 -75.578047
40.850000	 -75.579934
40.900000	 -75.581821
40.950000	 -75.583707
41.000000	 -75.585593
41.050000	 -75.587478
41.100000	 -75.589362
41.150000	 -75.591245
41.200000	 -75.593128
41.250000	 -75.595010
41.300000	 -75.596892
41.350000	 -75.598772
41.400000	 -75.600652
41.450000	 -75.602531
41.500000	 -75.604410
41.550000	 -75.606288
41.600000	 -75.608164
41.650000	 -75.610041
41.700000	 -75.611916
41.750000	 -75.613790
41.800000	 -75.615664
41.850000	 -75.617537
41.900000	 -75.619409
41.950000	 -75.621280
42.000000	 -75.623151
42.050000	 -75.625020
42.100000	 -75.626889
42.150000	 -75.628757
42.200000	 -75.630624
42.250000	 -75.632490
42.300000	 -75.634355
42.350000	 -75.636219
42.400000	 -75.638082
42.450000	 -75.639945
42.500000	 -75.641806
42.550000	 -75.643666
42.600000	 -75.645526
42.650000	 -75.647384
42.700000	 -75.649242
42.750000	 -75.651098
42.800000	 -75.652954
42.850000	 -75.654808
42.900000	 -75.656662
42.950000	 -75.658514
43.000000	 -75.660365
43.050000	 -75.662216
43.100000	 -75.664065
43.150000	 -75.665913
43.200000	 -75.667760
43.250000	 -75.669606
43.300000	 -75.671451
43.350000	 -75.673295
43.400000	 -75.675138
43.450000	 -75.676980
43.500000	 -75.678820
43.550000	 -75.680659
43.600000	 -75.682498
43.650000	 -75.684335
43.700000	 -75.686171
43.750000	 -75.688005
43.800000	 -75.689839
43.850000	 -75.691671
43.900000	 -75.693502
43.950000	 -75.695332
44.000000	 -75.697161
44.050000	 -75.698988
44.100000	 -75.700815
44.150000	 -75.702640
44.200000	 -75.704463
44.250000	 -75.706286
44.300000	 -75.708107
44.350000	 -75.709927
44.400000	 -75.711746
44.450000	 -75.713563
44.500000	 -75.715379
44.550000	 -75.717194
44.600000	 -75.719007
44.650000	 -75.720819
44.700000	 -75.722630
44.750000	 -75.724440
44.800000	 -75.726248
44.850000	 -75.728054
44.900000	 -75.729860
44.950000	 -75.731664
45.000000	 -75.733466
45.050000	 -75.735268
45.100000	 -75.737067
45.150000	 -75.738866
45.200000	 -75.740663
45.250000	 -75.742458
45.300000	 -75.744252
45.350000	 -75.746045
45.400000	 -75.747836
45.450000	 -75.749626
45.500000	 -75.751415
45.550000	 -75.753201
45.600000	 -75.754987
45.650000	 -75.756771
45.700000	 -75.758553
45.750000	 -75.760334
45.800000	 -75.762113
45.850000	 -75.763891
45.900000	 -75.765668
45.950000	 -75.767443
46.000000	 -75.769216
46.050000	 -75.770988
46.100000	 -75.772758
46.150000	 -75.774526
46.200000	 -75.776293
46.250000	 -75.778059
46.300000	 -75.779823
46.350000	 -75.781585
46.400000	 -75.783346
46.450000	 -75.785105
46.500000	 -75.786862
46.550000	 -75.788618
46.600000	 -75.790372
46.650000	 -75.792124
46.700000	 -75.793875
46.750000	 -75.795624
46.800000	 -75.797372
46.850000	 -75.799118
46.900000	 -75.800862
46.950000	 -75.802605
47.000000	 -75.804345
47.050000	 -75.806084
47.100000	 -75.807822
47.150000	 -75.809557
47.200000	 -75.811291
47.250000	 -75.813023
47.300000	 -75.814754
47.350000	 -75.816483
47.400000	 -75.818210
47.450000	 -75.819935
47.500000	 -75.821658
47.550000	 -75.823380
47.600000	 -75.825100
47.650000	 -75.826818
47.700000	 -75.828534
47.750000	 -75.830248
47.800000	 -75.831961
47.850000	 -75.833672
47.900000	 -75.835380
47.950000	 -75.837087
48.000000	 -75.838793
48.050000	 -75.840496
48.100000	 -75.842198
48.150000	 -75.843897
48.200000	 -75.845595
48.250000	 -75.847291
48.300000	 -75.848985
48.350000	 -75.850677
48.400000	 -75.852367
48.450000	 -75.854055
48.500000	 -75.855741
48.550000	 -75.857425
48.600000	 -75.859108
48.650000	 -75.860788
48.700000	 -75.862467
48.750000	 -75.864143
48.800000	 -75.865818
48.850000	 -75.867490
48.900000	 -75.869161
48.950000	 -75.870829
49.000000	 -75.872496
49.050000	 -75.874160
49.100000	 -75.875823
49.150000	 -75.877483
49.200000	 -75.879142
49.250000	 -75.880798
49.300000	 -75.882453
49.350000	 -75.884105
49.400000	 -75.885755
49.450000	 -75.887403
49.500000	 -75.889050
49.550000	 -75.890694
49.600000	 -75.892336
49.650000	 -75.893976
49.700000	 -75.895614
49.750000	 -75.897249
49.800000	 -75.898883
49.850000	 -75.900515
49.900000	 -75.902144
49.950000	 -75.903772
50.000000	 -75.905397
50.050000	 -75.907020
50.100000	 -75.908641
50.150000	 -75.910260
50.200000	 -75.911876
50.250000	 -75.913491
50.300000	 -75.915103
50.350000	 -75.916714
50.400000	 -75.918322
50.450000	 -75.919928
50.500000	 -75.921531
50.550000	 -75.923133
50.600000	 -75.924732
50.650000	 -75.926330
50.700000	 -75.927925
50.750000	 -75.929517
50.800000	 -75.931108
50.850000	 -75.932697
50.900000	 -75.934283
50.950000	 -75.935867
51.000000	 -75.937448
51.050000	 -75.939028
51.100000	 -75.940605
51.150000	 -75.942180
51.200000	 -75.943753
51.250000	 -75.945324
51.300000	 -75.946892
51.350000	 -75.948458
51.400000	 -75.950022
51.450000	 -75.951584
51.500000	 -75.953143
51.550000	 -75.954700
51.600000	 -75.956255
51.650000	 -75.957807
51.700000	 -75.959358
51.750000	 -75.960906
51.800000	 -75.962451
51.850000	 -75.963995
51.900000	 -75.965536
51.950000	 -75.967074
52.000000	 -75.968611
52.050000	 -75.970145
52.100000	 -75.971677
52.150000	 -75.973207
52.200000	 -75.974734
52.250000	 -75.976259
52.300000	 -75.977781
52.350000	 -75.979302
52.400000	 -75.980819
52.450000	 -75.982335
52.500000	 -75.983848
52.550000	 -75.985359
52.600000	 -75.986868
52.650000	 -75.988374
52.700000	 -75.989878
52.750000	 -75.991379
52.800000	 -75.992879
52.850000	 -75.994375
52.900000	 -75.995870
52.950000	 -75.997362
53.000000	 -75.998852
53.050000	 -76.000339
53.100000	 -76.001824
53.150000	 -76.003306
53.200000	 -76.004787
53.250000	 -76.006264
53.300000	 -76.007740
53.350000	 -76.009213
53.400000	 -76.010683
53.450000	 -76.012152
53.500000	 -76.013618
53.550000	 -76.015081
53.600000	 -76.016542
53.650000	 -76.018001
53.700000	 -76.019457
53.750000	 -76.020911
53.800000	 -76.022362
53.850000	 -76.023811
53.900000	 -76.025258
53.950000	 -76.026702
54.000000	 -76.028143
54.050000	 -76.029583
54.100000	 -76.031020
54.150000	 -76.032454
54.200000	 -76.033886
54.250000	 -76.035316
54.300000	 -76.036743
54.350000	 -76.038167
54.400000	 -76.039590
54.450000	 -76.041009
54.500000	 -76.042427
54.550000	 -76.043842
54.600000	 -76.045254
54.650000	 -76.046664
54.700000	 -76.048072
54.750000	 -76.049477
54.800000	 -76.050879
54.850000	 -76.052280
54.900000	 -76.053677
54.950000	 -76.055073
55.000000	 -76.056465
55.050000	 -76.057856
55.100000	 -76.059243
55.150000	 -76.060629
55.200000	 -76.062012
55.250000	 -76.063392
55.300000	 -76.064770
55.350000	 -76.066146
55.400000	 -76.067519
55.450000	 -76.068889
55.500000	 -76.070257
55.550000	 -76.071623
55.600000	 -76.072986
55.650000	 -76.074346
55.700000	 -76.075704
55.750000	 -76.077060
55.800000	 -76.078413
55.850000	 -76.079763
55.900000	 -76.081112
55.950000	 -76.082457
56.000000	 -76.083800
56.050000	 -76.085141
56.100000	 -76.086479
56.150000	 -76.087814
56.200000	 -76.089148
56.250000	 -76.090478
56.300000	 -76.091806
56.350000	 -76.093132
56.400000	 -76.094455
56.450000	 -76.095775
56.500000	 -76.097093
56.550000	 -76.098409
56.600000	 -76.099722
56.650000	 -76.101032
56.700000	 -76.102340
56.750000	 -76.103646
56.800000	 -76.104949
56.850000	 -76.106249
56.900000	 -76.107547
56.950000	 -76.108842
57.000000	 -76.110135
57.050000	 -76.111425
57.100000	 -76.112713
57.150000	 -76.113998
57.200000	 -76.115281
57.250000	 -76.116561
57.300000	 -76.117839
57.350000	 -76.119114
57.400000	 -76.120387
57.450000	 -76.121657
57.500000	 -76.122924
57.550000	 -76.124189
57.600000	 -76.125452
57.650000	 -76.126712
57.700000	 -76.127969
57.750000	 -76.129224
57.800000	 -76.130476
57.850000	 -76.131726
57.900000	 -76.132973
57.950000	 -76.134218
58.000000	 -76.135460
58.050000	 -76.136700
58.100000	 -76.137937
58.150000	 -76.139171
58.200000	 -76.140403
58.250000	 -76.141633
58.300000	 -76.142860
58.350000	 -76.144084
58.400000	 -76.145306
58.450000	 -76.146525
58.500000	 -76.147742
58.550000	 -76.148956
58.600000	 -76.150168
58.650000	 -76.151377
58.700000	 -76.152584
58.750000	 -76.153788
58.800000	 -76.154989
58.850000	 -76.156188
58.900000	 -76.157384
58.950000	 -76.158578
59.000000	 -76.159770
59.050000	 -76.160958
59.100000	 -76.162145
59.150000	 -76.163328
59.200000	 -76.164509
59.250000	 -76.165688
59.300000	 -76.166864
59.350000	 -76.168038
59.400000	 -76.169209
59.450000	 -76.170377
59.500000	 -76.171543
59.550000	 -76.172706
59.600000	 -76.173867
59.650000	 -76.175025
59.700000	 -76.176181
59.750000	 -76.177334
59.800000	 -76.178485
59.850000	 -76.179633
59.900000	 -76.180778
59.950000	 -76.181921
60.000000	 -76.183062
60.050000	 -76.184199
60.100000	 -76.185335
60.150000	 -76.186468
60.200000	 -76.187598
60.250000	 -76.188726
60.300000	 -76.189851
60.350000	 -76.190973
60.400000	 -76.192093
60.450000	 -76.193211
60.500000	 -76.194326
60.550000	 -76.195438
60.600000	 -76.196548
60.650000	 -76.197656
60.700000	 -76.198761
60.750000	 -76.199863
60.800000	 -76.200963
60.850000	 -76.202060
60.900000	 -76.203155
60.950000	 -76.204247
61.000000	 -76.205337
61.050000	 -76.206424
61.100000	 -76.207508
61.150000	 -76.208590
61.200000	 -76.209670
61.250000	 -76.210747
61.300000	 -76.211821
61.350000	 -76.212893
61.400000	 -76.213963
61.450000	 -76.215030
61.500000	 -76.216094
61.550000	 -76.217156
61.600000	 -76.218215
61.650000	 -76.219272
61.700000	 -76.220326
61.750000	 -76.221378
61.800000	 -76.222427
61.850000	 -76.223474
61.900000	 -76.224518
61.950000	 -76.225560
62.000000	 -76.226599
62.050000	 -76.227636
62.100000	 -76.228670
62.150000	 -76.229701
62.200000	 -76.230730
62.250000	 -76.231757
62.300000	 -76.232781
62.350000	 -76.233803
62.400000	 -76.234822
62.450000	 -76.235838
62.500000	 -76.236852
62.550000	 -76.237864
62.600000	 -76.238873
62.650000	 -76.239879
62.700000	 -76.240883
62.750000	 -76.241885
62.800000	 -76.242884
62.850000	 -76.243881
62.900000	 -76.244875
62.950000	 -76.245866
63.000000	 -76.246855
63.050000	 -76.247842
63.100000	 -76.248826
63.150000	 -76.249807
63.200000	 -76.250786
63.250000	 -76.251763
63.300000	 -76.252737
63.350000	 -76.253709
63.400000	 -76.254678
63.450000	 -76.255645
63.500000	 -76.256609
63.550000	 -76.257570
63.600000	 -76.258530
63.650000	 -76.259486
63.700000	 -76.260441
63.750000	 -76.261392
63.800000	 -76.262342
63.850000	 -76.263289
63.900000	 -76.264233
63.950000	 -76.265175
64.000000	 -76.266114
64.050000	 -76.267051
64.100000	 -76.267986
64.150000	 -76.268918
64.200000	 -76.269847
64.250000	 -76.270774
64.300000	 -76.271699
64.350000	 -76.272621
64.400000	 -76.273541
64.450000	 -76.274458
64.500000	 -76.275373
64.550000	 -76.276286
64.600000	 -76.277196
64.650000	 -76.278103
64.700000	 -76.279008
64.750000	 -76.279911
64.800000	 -76.280811
64.850000	 -76.281709
64.900000	 -76.282604
64.950000	 -76.283497
65.000000	 -76.284387
65.050000	 -76.285275
65.100000	 -76.286161
65.150000	 -76.287044
65.200000	 -76.287925
65.250000	 -76.288803
65.300000	 -76.289679
65.350000	 -76.290552
65.400000	 -76.291423
65.450000	 -76.292292
65.500000	 -76.293158
65.550000	 -76.294022
65.600000	 -76.294883
65.650000	 -76.295742
65.700000	 -76.296599
65.750000	 -76.297453
65.800000	 -76.298305
65.850000	 -76.299154
65.900000	 -76.300001
65.950000	 -76.300845
66.000000	 -76.301687
66.050000	 -76.302527
66.100000	 -76.303364
66.150000	 -76.304199
66.200000	 -76.305032
66.250000	 -76.305862
66.300000	 -76.306690
66.350000	 -76.307515
66.400000	 -76.308338
66.450000	 -76.309159
66.500000	 -76.309977
66.550000	 -76.310793
66.600000	 -76.311607
66.650000	 -76.312418
66.700000	 -76.313227
66.750000	 -76.314033
66.800000	 -76.314837
66.850000	 -76.315639
66.900000	 -76.316438
66.950000	 -76.317235
67.000000	 -76.318030
67.050000	 -76.318822
67.100000	 -76.319612
67.150000	 -76.320399
67.200000	 -76.321185
67.250000	 -76.321967
67.300000	 -76.322748
67.350000	 -76.323526
67.400000	 -76.324302
67.450000	 -76.325076
67.500000	 -76.325847
67.550000	 -76.326616
67.600000	 -76.327382
67.650000	 -76.328146
67.700000	 -76.328908
67.750000	 -76.329668
67.800000	 -76.330425
67.850000	 -76.331180
67.900000	 -76.331932
67.950000	 -76.332683
68.000000	 -76.333431
68.050000	 -76.334176
68.100000	 -76.334920
68.150000	 -76.335661
68.200000	 -76.336400
68.250000	 -76.337136
68.300000	 -76.337870
68.350000	 -76.338602
68.400000	 -76.339332
68.450000	 -76.340059
68.500000	 -76.340784
68.550000	 -76.341507
68.600000	 -76.342227
68.650000	 -76.342945
68.700000	 -76.343661
68.750000	 -76.344375
68.800000	 -76.345086
68.850000	 -76.345795
68.900000	 -76.346502
68.950000	 -76.347207
69.000000	 -76.347909
69.050000	 -76.348609
69.100000	 -76.349307
69.150000	 -76.350002
69.200000	 -76.350696
69.250000	 -76.351387
69.300000	 -76.352076
69.350000	 -76.352762
69.400000	 -76.353446
69.450000	 -76.354128
69.500000	 -76.354808
69.550000	 -76.355486
69.600000	 -76.356161
69.650000	 -76.356834
69.700000	 -76.357505
69.750000	 -76.358174
69.800000	 -76.358841
69.850000	 -76.359505
69.900000	 -76.360167
69.950000	 -76.360827
70.000000	 -76.361484
70.050000	 -76.362140
70.100000	 -76.362793
70.150000	 -76.363444
70.200000	 -76.364093
70.250000	 -76.364740
70.300000	 -76.365384
70.350000	 -76.366026
70.400000	 -76.366666
70.450000	 -76.367304
70.500000	 -76.367940
70.550000	 -76.368574
70.600000	 -76.369205
70.650000	 -76.369834
70.700000	 -76.370461
70.750000	 -76.371086
70.800000	 -76.371709
70.850000	 -76.372329
70.900000	 -76.372948
70.950000	 -76.373564
71.000000	 -76.374178
71.050000	 -76.374790
71.100000	 -76.375400
71.150000	 -76.376007
71.200000	 -76.376613
71.250000	 -76.377216
71.300000	 -76.377817
71.350000	 -76.378416
71.400000	 -76.379013
71.450000	 -76.379608
71.500000	 -76.380201
71.550000	 -76.380792
71.600000	 -76.381380
71.650000	 -76.381966
71.700000	 -76.382551
71.750000	 -76.383133
71.800000	 -76.383713
71.850000	 -76.384291
71.900000	 -76.384866
71.950000	 -76.385440
72.000000	 -76.386012
72.050000	 -76.386581
72.100000	 -76.387149
72.150000	 -76.387714
72.200000	 -76.388277
72.250000	 -76.388838
72.300000	 -76.389398
72.350000	 -76.389955
72.400000	 -76.390510
72.450000	 -76.391062
72.500000	 -76.391613
72.550000	 -76.392162
72.600000	 -76.392709
72.650000	 -76.393253
72.700000	 -76.393796
72.750000	 -76.394337
72.800000	 -76.394875
72.850000	 -76.395411
72.900000	 -76.395946
72.950000	 -76.396478
73.000000	 -76.397009
73.050000	 -76.397537
73.100000	 -76.398063
73.150000	 -76.398587
73.200000	 -76.399110
73.250000	 -76.399630
73.300000	 -76.400148
73.350000	 -76.400664
73.400000	 -76.401178
73.450000	 -76.401690
73.500000	 -76.402201
73.550000	 -76.402709
73.600000	 -76.403215
73.650000	 -76.403719
73.700000	 -76.404221
73.750000	 -76.404721
73.800000	 -76.405219
73.850000	 -76.405716
73.900000	 -76.406210
73.950000	 -76.406702
74.000000	 -76.407192
74.050000	 -76.407680
74.100000	 -76.408167
74.150000	 -76.408651
74.200000	 -76.409133
74.250000	 -76.409614
74.300000	 -76.410092
74.350000	 -76.410569
74.400000	 -76.411043
74.450000	 -76.411516
74.500000	 -76.411987
74.550000	 -76.412455
74.600000	 -76.412922
74.650000	 -76.413387
74.700000	 -76.413850
74.750000	 -76.414311
74.800000	 -76.414770
74.850000	 -76.415227
74.900000	 -76.415682
74.950000	 -76.416136
75.000000	 -76.416587
75.050000	 -76.417037
75.100000	 -76.417484
75.150000	 -76.417930
75.200000	 -76.418374
75.250000	 -76.418815
75.300000	 -76.419255
75.350000	 -76.419693
75.400000	 -76.420130
75.450000	 -76.420564
75.500000	 -76.420996
75.550000	 -76.421427
75.600000	 -76.421856
75.650000	 -76.422282
75.700000	 -76.422707
75.750000	 -76.423130
75.800000	 -76.423552
75.850000	 -76.423971
75.900000	 -76.424389
75.950000	 -76.424804
76.000000	 -76.425218
76.050000	 -76.425630
76.100000	 -76.426040
76.150000	 -76.426448
76.200000	 -76.426855
76.250000	 -76.427259
76.300000	 -76.427662
76.350000	 -76.428063
76.400000	 -76.428462
76.450000	 -76.428859
76.500000	 -76.429255
76.550000	 -76.429649
76.600000	 -76.430040
76.650000	 -76.430430
76.700000	 -76.430819
76.750000	 -76.431205
76.800000	 -76.431590
76.850000	 -76.431973
76.900000	 -76.432354
76.950000	 -76.432733
77.000000	 -76.433110
77.050000	 -76.433486
77.100000	 -76.433860
77.150000	 -76.434232
77.200000	 -76.434602
77.250000	 -76.434971
77.300000	 -76.435338
77.350000	 -76.435703
77.400000	 -76.436066
77.450000	 -76.436428
77.500000	 -76.436787
77.550000	 -76.437145
77.600000	 -76.437502
77.650000	 -76.437856
77.700000	 -76.438209
77.750000	 -76.438560
77.800000	 -76.438909
77.850000	 -76.439257
77.900000	 -76.439603
77.950000	 -76.439947
78.000000	 -76.440289
78.050000	 -76.440630
78.100000	 -76.440969
78.150000	 -76.441306
78.200000	 -76.441642
78.250000	 -76.441976
78.300000	 -76.442308
78.350000	 -76.442639
78.400000	 -76.442967
78.450000	 -76.443294
78.500000	 -76.443620
78.550000	 -76.443943
78.600000	 -76.444265
78.650000	 -76.444586
78.700000	 -76.444904
78.750000	 -76.445221
78.800000	 -76.445537
78.850000	 -76.445850
78.900000	 -76.446162
78.950000	 -76.446473
79.000000	 -76.446781
79.050000	 -76.447088
79.100000	 -76.447394
79.150000	 -76.447698
79.200000	 -76.448000
79.250000	 -76.448300
79.300000	 -76.448599
79.350000	 -76.448896
79.400000	 -76.449192
79.450000	 -76.449486
79.500000	 -76.449778
79.550000	 -76.450068
79.600000	 -76.450358
79.650000	 -76.450645
79.700000	 -76.450931
79.750000	 -76.451215
79.800000	 -76.451498
79.850000	 -76.451779
79.900000	 -76.452058
79.950000	 -76.452336
80.000000	 -76.452612
80.050000	 -76.452887
80.100000	 -76.453160
80.150000	 -76.453431
80.200000	 -76.453701
80.250000	 -76.453969
80.300000	 -76.454236
80.350000	 -76.454501
80.400000	 -76.454765
80.450000	 -76.455027
80.500000	 -76.455288
80.550000	 -76.455546
80.600000	 -76.455804
80.650000	 -76.456060
80.700000	 -76.456314
80.750000	 -76.456567
80.800000	 -76.456818
80.850000	 -76.457068
80.900000	 -76.457316
80.950000	 -76.457562
81.000000	 -76.457807
81.050000	 -76.458051
81.100000	 -76.458293
81.150000	 -76.458533
81.200000	 -76.458772
81.250000	 -76.459010
81.300000	 -76.459246
81.350000	 -76.459480
81.400000	 -76.459713
81.450000	 -76.459945
81.500000	 -76.460175
81.550000	 -76.460403
81.600000	 -76.460630
81.650000	 -76.460856
81.700000	 -76.461080
81.750000	 -76.461302
81.800000	 -76.461524
81.850000	 -76.461743
81.900000	 -76.461961
81.950000	 -76.462178
82.000000	 -76.462393
82.050000	 -76.462607
82.100000	 -76.462819
82.150000	 -76.463030
82.200000	 -76.463240
82.250000	 -76.463447
82.300000	 -76.463654
82.350000	 -76.463859
82.400000	 -76.464063
82.450000	 -76.464265
82.500000	 -76.464466
82.550000	 -76.464665
82.600000	 -76.464863
82.650000	 -76.465059
82.700000	 -76.465255
82.750000	 -76.465448
82.800000	 -76.465640
82.850000	 -76.465831
82.900000	 -76.466021
82.950000	 -76.466209
83.000000	 -76.466395
83.050000	 -76.466581
83.100000	 -76.466765
83.150000	 -76.466947
83.200000	 -76.467128
83.250000	 -76.467308
83.300000	 -76.467486
83.350000	 -76.467663
83.400000	 -76.467839
83.450000	 -76.468013
83.500000	 -76.468186
83.550000	 -76.468357
83.600000	 -76.468527
83.650000	 -76.468696
83.700000	 -76.468864
83.750000	 -76.469030
83.800000	 -76.469194
83.850000	 -76.469358
83.900000	 -76.469520
83.950000	 -76.469680
84.000000	 -76.469840
84.050000	 -76.469998
84.100000	 -76.470154
84.150000	 -76.470310
84.200000	 -76.470464
84.250000	 -76.470617
84.300000	 -76.470768
84.350000	 -76.470918
84.400000	 -76.471067
84.450000	 -76.471214
84.500000	 -76.471361
84.550000	 -76.471505
84.600000	 -76.471649
84.650000	 -76.471791
84.700000	 -76.471932
84.750000	 -76.472072
84.800000	 -76.472210
84.850000	 -76.472348
84.900000	 -76.472484
84.950000	 -76.472618
85.000000	 -76.472751
85.050000	 -76.472883
85.100000	 -76.473014
85.150000	 -76.473144
85.200000	 -76.473272
85.250000	 -76.473399
85.300000	 -76.473525
85.350000	 -76.473649
85.400000	 -76.473773
85.450000	 -76.473895
85.500000	 -76.474015
85.550000	 -76.474135
85.600000	 -76.474253
85.650000	 -76.474370
85.700000	 -76.474486
85.750000	 -76.474601
85.800000	 -76.474714
85.850000	 -76.474826
85.900000	 -76.474937
85.950000	 -76.475047
86.000000	 -76.475156
86.050000	 -76.475263
86.100000	 -76.475369
86.150000	 -76.475474
86.200000	 -76.475578
86.250000	 -76.475681
86.300000	 -76.475782
86.350000	 -76.475882
86.400000	 -76.475981
86.450000	 -76.476079
86.500000	 -76.476175
86.550000	 -76.476271
86.600000	 -76.476365
86.650000	 -76.476458
86.700000	 -76.476550
86.750000	 -76.476641
86.800000	 -76.476731
86.850000	 -76.476819
86.900000	 -76.476906
86.950000	 -76.476993
87.000000	 -76.477078
87.050000	 -76.477161
87.100000	 -76.477244
87.150000	 -76.477326
87.200000	 -76.477406
87.250000	 -76.477486
87.300000	 -76.477564
87.350000	 -76.477641
87.400000	 -76.477717
87.450000	 -76.477792
87.500000	 -76.477865
87.550000	 -76.477938
87.600000	 -76.478009
87.650000	 -76.478080
87.700000	 -76.478149
87.750000	 -76.478217
87.800000	 -76.478284
87.850000	 -76.478350
87.900000	 -76.478415
87.950000	 -76.478479
88.000000	 -76.478541
88.050000	 -76.478603
88.100000	 -76.478663
88.150000	 -76.478723
88.200000	 -76.478781
88.250000	 -76.478839
88.300000	 -76.478895
88.350000	 -76.478950
88.400000	 -76.479004
88.450000	 -76.479057
88.500000	 -76.479109
88.550000	 -76.479160
88.600000	 -76.479210
88.650000	 -76.479259
88.700000	 -76.479306
88.750000	 -76.479353
88.800000	 -76.479399
88.850000	 -76.479443
88.900000	 -76.479487
88.950000	 -76.479530
89.000000	 -76.479571
89.050000	 -76.479612
89.100000	 -76.479651
89.150000	 -76.479690
89.200000	 -76.479727
89.250000	 -76.479764
89.300000	 -76.479799
89.350000	 -76.479833
89.400000	 -76.479867
89.450000	 -76.479899
89.500000	 -76.479931
89.550000	 -76.479961
89.600000	 -76.479990
89.650000	 -76.480019
89.700000	 -76.480046
89.750000	 -76.480073
89.800000	 -76.480098
89.850000	 -76.480123
89.900000	 -76.480146
89.950000	 -76.480169
90.000000	 -76.480190
90.050000	 -76.480211
90.100000	 -76.480231
90.150000	 -76.480249
90.200000	 -76.480267
90.250000	 -76.480284
90.300000	 -76.480300
90.350000	 -76.480315
90.400000	 -76.480329
90.450000	 -76.480342
90.500000	 -76.480354
90.550000	 -76.480365
90.600000	 -76.480375
90.650000	 -76.480384
90.700000	 -76.480392
90.750000	 -76.480400
90.800000	 -76.480406
90.850000	 -76.480412
90.900000	 -76.480416
90.950000	 -76.480420
91.000000	 -76.480423
91.050000	 -76.480425
91.100000	 -76.480425
91.150000	 -76.480426
91.200000	 -76.480425
91.250000	 -76.480423
91.300000	 -76.480420
91.350000	 -76.480417
91.400000	 -76.480412
91.450000	 -76.480407
91.500000	 -76.480401
91.550000	 -76.480394
91.600000	 -76.480386
91.650000	 -76.480377
91.700000	 -76.480367
91.750000	 -76.480356
91.800000	 -76.480345
91.850000	 -76.480333
91.900000	 -76.480319
91.950000	 -76.480305
92.000000	 -76.480290
92.050000	 -76.480275
92.100000	 -76.480258
92.150000	 -76.480240
92.200000	 -76.480222
92.250000	 -76.480203
92.300000	 -76.480183
92.350000	 -76.480162
92.400000	 -76.480140
92.450000	 -76.480118
92.500000	 -76.480094
92.550000	 -76.480070
92.600000	 -76.480045
92.650000	 -76.480019
92.700000	 -76.479993
92.750000	 -76.479965
92.800000	 -76.479937
92.850000	 -76.479908
92.900000	 -76.479878
92.950000	 -76.479847
93.000000	 -76.479816
93.050000	 -76.479783
93.100000	 -76.479750
93.150000	 -76.479716
93.200000	 -76.479681
93.250000	 -76.479646
93.300000	 -76.479610
93.350000	 -76.479572
93.400000	 -76.479535
93.450000	 -76.479496
93.500000	 -76.479457
93.550000	 -76.479416
93.600000	 -76.479375
93.650000	 -76.479334
93.700000	 -76.479291
93.750000	 -76.479248
93.800000	 -76.479204
93.850000	 -76.479159
93.900000	 -76.479113
93.950000	 -76.479067
94.000000	 -76.479020
94.050000	 -76.478972
94.100000	 -76.478924
94.150000	 -76.478874
94.200000	 -76.478824
94.250000	 -76.478773
94.300000	 -76.478722
94.350000	 -76.478670
94.400000	 -76.478617
94.450000	 -76.478563
94.500000	 -76.478508
94.550000	 -76.478453
94.600000	 -76.478397
94.650000	 -76.478341
94.700000	 -76.478283
94.750000	 -76.478225
94.800000	 -76.478167
94.850000	 -76.478107
94.900000	 -76.478047
94.950000	 -76.477986
95.000000	 -76.477925
95.050000	 -76.477862
95.100000	 -76.477799
95.150000	 -76.477736
95.200000	 -76.477671
95.250000	 -76.477606
95.300000	 -76.477541
95.350000	 -76.477474
95.400000	 -76.477407
95.450000	 -76.477339
95.500000	 -76.477271
95.550000	 -76.477202
95.600000	 -76.477132
95.650000	 -76.477062
95.700000	 -76.476991
95.750000	 -76.476919
95.800000	 -76.476846
95.850000	 -76.476773
95.900000	 -76.476699
95.950000	 -76.476625
96.000000	 -76.476550
96.050000	 -76.476474
96.100000	 -76.476398
96.150000	 -76.476321
96.200000	 -76.476243
96.250000	 -76.476165
96.300000	 -76.476086
96.350000	 -76.476007
96.400000	 -76.475926
96.450000	 -76.475846
96.500000	 -76.475764
96.550000	 -76.475682
96.600000	 -76.475600
96.650000	 -76.475516
96.700000	 -76.475432
96.750000	 -76.475348
96.800000	 -76.475263
96.850000	 -76.475177
96.900000	 -76.475091
96.950000	 -76.475004
97.000000	 -76.474916
97.050000	 -76.474828
97.100000	 -76.474739
97.150000	 -76.474650
97.200000	 -76.474560
97.250000	 -76.474469
97.300000	 -76.474378
97.350000	 -76.474286
97.400000	 -76.474194
97.450000	 -76.474101
97.500000	 -76.474008
97.550000	 -76.473914
97.600000	 -76.473819
97.650000	 -76.473724
97.700000	 -76.473628
97.750000	 -76.473532
97.800000	 -76.473435
97.850000	 -76.473338
97.900000	 -76.473240
97.950000	 -76.473141
98.000000	 -76.473042
98.050000	 -76.472942
98.100000	 -76.472842
98.150000	 -76.472741
98.200000	 -76.472640
98.250000	 -76.472538
98.300000	 -76.472436
98.350000	 -76.472333
98.400000	 -76.472229
98.450000	 -76.472125
98.500000	 -76.472021
98.550000	 -76.471916
98.600000	 -76.471810
98.650000	 -76.471704
98.700000	 -76.471597
98.750000	 -76.471490
98.800000	 -76.471382
98.850000	 -76.471274
98.900000	 -76.471165
98.950000	 -76.471056
99.000000	 -76.470946
99.050000	 -76.470836
99.100000	 -76.470725
99.150000	 -76.470614
99.200000	 -76.470502
99.250000	 -76.470390
99.300000	 -76.470277
99.350000	 -76.470164
99.400000	 -76.470050
99.450000	 -76.469936
99.500000	 -76.469821
99.550000	 -76.469706
99.600000	 -76.469590
99.650000	 -76.469474
99.700000	 -76.469357
99.750000	 -76.469240
99.800000	 -76.469123
99.850000	 -76.469005
99.900000	 -76.468886
99.950000	 -76.468767
100.000000	 -76.468647
