0.000000	 -76.331845
0.050000	 -76.331845
0.100000	 -76.331845
0.150000	 -76.331845
0.200000	 -76.331844
0.250000	 -76.331844
0.300000	 -76.331844
0.350000	 -76.331844
0.400000	 -76.331844
0.450000	 -76.331844
0.500000	 -76.331844
0.550000	 -76.331844
0.600000	 -76.331844
0.650000	 -76.331844
0.700000	 -76.331844
0.750000	 -76.331843
0.800000	 -76.331843
0.850000	 -76.331843
0.900000	 -76.331843
0.950000	 -76.331843
1.000000	 -76.331843
1.050000	 -76.331843
1.100000	 -76.331843
1.150000	 -76.331843
1.200000	 -76.331843
1.250000	 -76.331843
1.300000	 -76.331843
1.350000	 -76.331842
1.400000	 -76.331842
1.450000	 -76.331842
1.500000	 -76.331842
1.550000	 -76.331842
1.600000	 -76.331842
1.650000	 -76.331842
1.700000	 -76.331842
1.750000	 -76.331842
1.800000	 -76.331842
1.850000	 -76.331842
1.900000	 -76.331841
1.950000	 -76.331841
2.000000	 -76.331841
2.050000	 -76.331841
2.100000	 -76.331841
2.150000	 -76.331841
2.200000	 -76.331841
2.250000	 -76.331841
2.300000	 -76.331841
2.350000	 -76.331841
2.400000	 -76.331841
2.450000	 -76.331840
2.500000	 -76.331840
2.550000	 -76.331840
2.600000	 -76.331840
2.650000	 -76.331840
2.700000	 -76.331840
2.750000	 -76.331840
2.800000	 -76.331840
2.850000	 -76.331840
2.900000	 -76.331840
2.950000	 -76.331840
3.000000	 -76.331840
3.050000	 -76.331839
3.100000	 -76.331839
3.150000	 -76.331839
3.200000	 -76.331839
3.250000	 -76.331839
3.300000	 -76.331839
3.350000	 -76.331839
3.400000	 -76.331839
3.450000	 -76.331839
3.500000	 -76.331839
3.550000	 -76.331839
3.600000	 -76.331838
3.650000	 -76.331838
3.700000	 -76.331838
3.750000	 -76.331838
3.800000	 -76.331838
3.850000	 -76.331838
3.900000	 -76.331838
3.950000	 -76.331838
4.000000	 -76.331838
4.050000	 -76.331838
4.100000	 -76.331838
4.150000	 -76.331837
4.200000	 -76.331837
4.250000	 -76.331837
4.300000	 -76.331837
4.350000	 -76.331837
4.400000	 -76.331837
4.450000	 -76.331837
4.500000	 -76.331837
4.550000	 -76.331837
4.600000	 -76.331837
4.650000	 -76.331837
4.700000	 -76.331837
4.750000	 -76.331836
4.800000	 -76.331836
4.850000	 -76.331836
4.900000	 -76.331836
4.950000	 -76.331836
5.000000	 -76.331836
5.050000	 -76.331811
5.100000	 -76.331681
5.150000	 -76.331319
5.200000	 -76.330581
5.250000	 -76.329327
5.300000	 -76.327442
5.350000	 -76.324836
5.400000	 -76.321447
5.450000	 -76.317239
5.500000	 -76.312193
5.550000	 -76.306311
5.600000	 -76.299607
5.650000	 -76.292105
5.700000	 -76.283835
5.750000	 -76.274835
5.800000	 -76.265146
5.850000	 -76.254810
5.900000	 -76.243871
5.950000	 -76.232373
6.000000	 -76.220359
6.050000	 -76.207871
6.100000	 -76.194952
6.150000	 -76.181640
6.200000	 -76.167973
6.250000	 -76.153988
6.300000	 -76.139717
6.350000	 -76.125194
6.400000	 -76.110447
6.450000	 -76.095507
6.500000	 -76.080399
6.550000	 -76.065148
6.600000	 -76.049777
6.650000	 -76.034308
6.700000	 -76.018762
6.750000	 -76.003156
6.800000	 -75.987509
6.850000	 -75.971837
6.900000	 -75.956155
6.950000	 -75.940477
7.000000	 -75.924817
7.050000	 -75.909186
7.100000	 -75.893596
7.150000	 -75.878058
7.200000	 -75.862581
7.250000	 -75.847174
7.300000	 -75.831846
7.350000	 -75.816605
7.400000	 -75.801458
7.450000	 -75.786412
7.500000	 -75.771472
7.550000	 -75.756646
7.600000	 -75.741938
7.650000	 -75.727353
7.700000	 -75.712896
7.750000	 -75.698570
7.800000	 -75.684381
7.850000	 -75.670331
7.900000	 -75.656424
7.950000	 -75.642663
8.000000	 -75.629051
8.050000	 -75.615589
8.100000	 -75.602281
8.150000	 -75.589128
8.200000	 -75.576132
8.250000	 -75.563296
8.300000	 -75.550619
8.350000	 -75.538104
8.400000	 -75.525752
8.450000	 -75.513564
8.500000	 -75.501540
8.550000	 -75.489682
8.600000	 -75.477989
8.650000	 -75.466462
8.700000	 -75.455101
8.750000	 -75.443907
8.800000	 -75.432880
8.850000	 -75.422019
8.900000	 -75.411324
8.950000	 -75.400796
9.000000	 -75.390433
9.050000	 -75.380235
9.100000	 -75.370203
9.150000	 -75.360334
9.200000	 -75.350630
9.250000	 -75.341087
9.300000	 -75.331708
9.350000	 -75.322489
9.400000	 -75.313430
9.450000	 -75.304531
9.500000	 -75.295790
9.550000	 -75.287206
9.600000	 -75.278779
9.650000	 -75.270506
9.700000	 -75.262387
9.750000	 -75.254420
9.800000	 -75.246605
9.850000	 -75.238939
9.900000	 -75.231422
9.950000	 -75.224052
10.000000	 -75.216828
10.050000	 -75.209748
10.100000	 -75.202811
10.150000	 -75.196016
10.200000	 -75.189360
10.250000	 -75.182843
10.300000	 -75.176462
10.350000	 -75.170217
10.400000	 -75.164106
10.450000	 -75.158126
10.500000	 -75.152278
10.550000	 -75.146558
10.600000	 -75.140966
10.650000	 -75.135500
10.700000	 -75.130158
10.750000	 -75.124938
10.800000	 -75.119840
10.850000	 -75.114861
10.900000	 -75.110000
10.950000	 -75.105255
11.000000	 -75.100624
11.050000	 -75.096106
11.100000	 -75.091700
11.150000	 -75.087404
11.200000	 -75.083215
11.250000	 -75.079133
11.300000	 -75.075156
11.350000	 -75.071283
11.400000	 -75.067511
11.450000	 -75.063839
11.500000	 -75.060266
11.550000	 -75.056790
11.600000	 -75.053410
11.650000	 -75.050123
11.700000	 -75.046930
11.750000	 -75.043827
11.800000	 -75.040813
11.850000	 -75.037888
11.900000	 -75.035049
11.950000	 -75.032295
12.000000	 -75.029625
12.050000	 -75.027037
12.100000	 -75.024529
12.150000	 -75.022101
12.200000	 -75.019751
12.250000	 -75.017478
12.300000	 -75.015279
12.350000	 -75.013155
12.400000	 -75.011103
12.450000	 -75.009122
12.500000	 -75.007211
12.550000	 -75.005369
12.600000	 -75.003593
12.650000	 -75.001884
12.700000	 -75.000240
12.750000	 -74.998659
12.800000	 -74.997141
12.850000	 -74.995683
12.900000	 -74.994286
12.950000	 -74.992947
13.000000	 -74.991666
13.050000	 -74.990441
13.100000	 -74.989272
13.150000	 -74.988157
13.200000	 -74.987095
13.250000	 -74.986085
13.300000	 -74.985127
13.350000	 -74.984218
13.400000	 -74.983358
13.450000	 -74.982546
13.500000	 -74.981781
13.550000	 -74.981062
13.600000	 -74.980388
13.650000	 -74.979758
13.700000	 -74.979172
13.750000	 -74.978627
13.800000	 -74.978124
13.850000	 -74.977661
13.900000	 -74.977238
13.950000	 -74.976853
14.000000	 -74.976506
14.050000	 -74.976196
14.100000	 -74.975923
14.150000	 -74.975685
14.200000	 -74.975481
14.250000	 -74.975311
14.300000	 -74.975174
14.350000	 -74.975070
14.400000	 -74.974997
14.450000	 -74.974955
14.500000	 -74.974944
14.550000	 -74.974961
14.600000	 -74.975008
14.650000	 -74.975083
14.700000	 -74.975185
14.750000	 -74.975314
14.800000	 -74.975469
14.850000	 -74.975650
14.900000	 -74.975856
14.950000	 -74.976086
15.000000	 -74.976341
15.050000	 -74.976618
15.100000	 -74.976918
15.150000	 -74.977241
15.200000	 -74.977585
15.250000	 -74.977950
15.300000	 -74.978335
15.350000	 -74.978741
15.400000	 -74.979167
15.450000	 -74.979611
15.500000	 -74.980075
15.550000	 -74.980556
15.600000	 -74.981056
15.650000	 -74.981572
15.700000	 -74.982106
15.750000	 -74.982656
15.800000	 -74.983222
15.850000	 -74.983804
15.900000	 -74.984401
15.950000	 -74.985013
16.000000	 -74.985640
16.050000	 -74.986280
16.100000	 -74.986935
16.150000	 -74.987603
16.200000	 -74.988284
16.250000	 -74.988978
16.300000	 -74.989685
16.350000	 -74.990403
16.400000	 -74.991133
16.450000	 -74.991875
16.500000	 -74.992629
16.550000	 -74.993393
16.600000	 -74.994168
16.650000	 -74.994953
16.700000	 -74.995748
16.750000	 -74.996554
16.800000	 -74.997368
16.850000	 -74.998193
16.900000	 -74.999026
16.950000	 -74.999869
17.000000	 -75.000720
17.050000	 -75.001579
17.100000	 -75.002447
17.150000	 -75.003323
17.200000	 -75.004206
17.250000	 -75.005098
17.300000	 -75.005996
17.350000	 -75.006902
17.400000	 -75.007816
17.450000	 -75.008735
17.500000	 -75.009662
17.550000	 -75.010595
17.600000	 -75.011535
17.650000	 -75.012481
17.700000	 -75.013433
17.750000	 -75.014391
17.800000	 -75.015354
17.850000	 -75.016323
17.900000	 -75.017298
17.950000	 -75.018278
18.000000	 -75.019264
18.050000	 -75.020254
18.100000	 -75.021249
18.150000	 -75.022250
18.200000	 -75.023255
18.250000	 -75.024264
18.300000	 -75.025279
18.350000	 -75.026297
18.400000	 -75.027320
18.450000	 -75.028347
18.500000	 -75.029379
18.550000	 -75.030414
18.600000	 -75.031453
18.650000	 -75.032497
18.700000	 -75.033544
18.750000	 -75.034594
18.800000	 -75.035648
18.850000	 -75.036706
18.900000	 -75.037768
18.950000	 -75.038832
19.000000	 -75.039900
19.050000	 -75.040971
19.100000	 -75.042046
19.150000	 -75.043124
19.200000	 -75.044204
19.250000	 -75.045288
19.300000	 -75.046375
19.350000	 -75.047464
19.400000	 -75.048557
19.450000	 -75.049652
19.500000	 -75.050750
19.550000	 -75.051851
19.600000	 -75.052955
19.650000	 -75.054061
19.700000	 -75.055170
19.750000	 -75.056281
19.800000	 -75.057395
19.850000	 -75.058511
19.900000	 -75.059630
19.950000	 -75.060751
20.000000	 -75.061875
20.050000	 -75.063001
20.100000	 -75.064129
20.150000	 -75.065259
20.200000	 -75.066392
20.250000	 -75.067527
20.300000	 -75.068665
20.350000	 -75.069804
20.400000	 -75.070946
20.450000	 -75.072090
20.500000	 -75.073236
20.550000	 -75.074385
20.600000	 -75.075535
20.650000	 -75.076687
20.700000	 -75.077842
20.750000	 -75.078998
20.800000	 -75.080157
20.850000	 -75.081318
20.900000	 -75.082481
20.950000	 -75.083645
21.000000	 -75.084812
21.050000	 -75.085981
21.100000	 -75.087152
21.150000	 -75.088324
21.200000	 -75.089499
21.250000	 -75.090676
21.300000	 -75.091854
21.350000	 -75.093035
21.400000	 -75.094217
21.450000	 -75.095402
21.500000	 -75.096588
21.550000	 -75.097776
21.600000	 -75.098967
21.650000	 -75.100159
21.700000	 -75.101353
21.750000	 -75.102549
21.800000	 -75.103747
21.850000	 -75.104947
21.900000	 -75.106148
21.950000	 -75.107352
22.000000	 -75.108558
22.050000	 -75.109765
22.100000	 -75.110974
22.150000	 -75.112186
22.200000	 -75.113399
22.250000	 -75.114614
22.300000	 -75.115831
22.350000	 -75.117050
22.400000	 -75.118271
22.450000	 -75.119494
22.500000	 -75.120718
22.550000	 -75.121945
22.600000	 -75.123173
22.650000	 -75.124404
22.700000	 -75.125636
22.750000	 -75.126871
22.800000	 -75.128107
22.850000	 -75.129345
22.900000	 -75.130585
22.950000	 -75.131827
23.000000	 -75.133071
23.050000	 -75.134317
23.100000	 -75.135565
23.150000	 -75.136815
23.200000	 -75.138066
23.250000	 -75.139320
23.300000	 -75.140576
23.350000	 -75.141834
23.400000	 -75.143093
23.450000	 -75.144355
23.500000	 -75.145618
23.550000	 -75.146884
23.600000	 -75.148151
23.650000	 -75.149421
23.700000	 -75.150692
23.750000	 -75.151966
23.800000	 -75.153241
23.850000	 -75.154519
23.900000	 -75.155798
23.950000	 -75.157080
24.000000	 -75.158363
24.050000	 -75.159649
24.100000	 -75.160936
24.150000	 -75.162226
24.200000	 -75.163517
24.250000	 -75.164811
24.300000	 -75.166107
24.350000	 -75.167404
24.400000	 -75.168704
24.450000	 -75.170005
24.500000	 -75.171309
24.550000	 -75.172615
24.600000	 -75.173923
24.650000	 -75.175233
24.700000	 -75.176544
24.750000	 -75.177858
24.800000	 -75.179174
24.850000	 -75.180492
24.900000	 -75.181812
24.950000	 -75.183135
25.000000	 -75.184459
25.050000	 -75.185786
25.100000	 -75.187117
25.150000	 -75.188453
25.200000	 -75.189793
25.250000	 -75.191139
25.300000	 -75.192488
25.350000	 -75.193842
25.400000	 -75.195199
25.450000	 -75.196559
25.500000	 -75.197922
25.550000	 -75.199287
25.600000	 -75.200655
25.650000	 -75.202025
25.700000	 -75.203398
25.750000	 -75.204772
25.800000	 -75.206147
25.850000	 -75.207525
25.900000	 -75.208904
25.950000	 -75.210285
26.000000	 -75.211667
26.050000	 -75.213051
26.100000	 -75.214437
26.150000	 -75.215824
26.200000	 -75.217213
26.250000	 -75.218603
26.300000	 -75.219995
26.350000	 -75.221388
26.400000	 -75.222783
26.450000	 -75.224179
26.500000	 -75.225578
26.550000	 -75.226977
26.600000	 -75.228378
26.650000	 -75.229781
26.700000	 -75.231186
26.750000	 -75.232592
26.800000	 -75.234000
26.850000	 -75.235409
26.900000	 -75.236820
26.950000	 -75.238233
27.000000	 -75.239647
27.050000	 -75.241063
27.100000	 -75.242481
27.150000	 -75.243901
27.200000	 -75.245322
27.250000	 -75.246745
27.300000	 -75.248170
27.350000	 -75.249596
27.400000	 -75.251024
27.450000	 -75.252454
27.500000	 -75.253886
27.550000	 -75.255319
27.600000	 -75.256754
27.650000	 -75.258191
27.700000	 -75.259630
27.750000	 -75.261070
27.800000	 -75.262513
27.850000	 -75.263957
27.900000	 -75.265402
27.950000	 -75.266850
28.000000	 -75.268299
28.050000	 -75.269750
28.100000	 -75.271203
28.150000	 -75.272658
28.200000	 -75.274114
28.250000	 -75.275573
28.300000	 -75.277032
28.350000	 -75.278494
28.400000	 -75.279958
28.450000	 -75.281423
28.500000	 -75.282890
28.550000	 -75.284359
28.600000	 -75.285829
28.650000	 -75.287302
28.700000	 -75.288776
28.750000	 -75.290252
28.800000	 -75.291729
28.850000	 -75.293209
28.900000	 -75.294690
28.950000	 -75.296172
29.000000	 -75.297657
29.050000	 -75.299143
29.100000	 -75.300631
29.150000	 -75.302121
29.200000	 -75.303612
29.250000	 -75.305105
29.300000	 -75.306600
29.350000	 -75.308097
29.400000	 -75.309595
29.450000	 -75.311095
29.500000	 -75.312597
29.550000	 -75.314100
29.600000	 -75.315605
29.650000	 -75.317111
29.700000	 -75.318620
29.750000	 -75.320130
29.800000	 -75.321641
29.850000	 -75.323154
29.900000	 -75.324669
29.950000	 -75.326186
30.000000	 -75.327704
30.050000	 -75.329224
30.100000	 -75.330745
30.150000	 -75.332268
30.200000	 -75.333792
30.250000	 -75.335318
30.300000	 -75.336846
30.350000	 -75.338375
30.400000	 -75.339906
30.450000	 -75.341438
30.500000	 -75.342972
30.550000	 -75.344508
30.600000	 -75.346045
30.650000	 -75.347583
30.700000	 -75.349123
30.750000	 -75.350665
30.800000	 -75.352208
30.850000	 -75.353752
30.900000	 -75.355298
30.950000	 -75.356846
31.000000	 -75.358395
31.050000	 -75.359945
31.100000	 -75.361497
31.150000	 -75.363050
31.200000	 -75.364605
31.250000	 -75.366161
31.300000	 -75.367718
31.350000	 -75.369277
31.400000	 -75.370838
31.450000	 -75.372399
31.500000	 -75.373962
31.550000	 -75.375527
31.600000	 -75.377092
31.650000	 -75.378660
31.700000	 -75.380228
31.750000	 -75.381798
31.800000	 -75.383369
31.850000	 -75.384941
31.900000	 -75.386515
31.950000	 -75.388090
32.000000	 -75.389666
32.050000	 -75.391244
32.100000	 -75.392822
32.150000	 -75.394402
32.200000	 -75.395984
32.250000	 -75.397566
32.300000	 -75.399150
32.350000	 -75.400735
32.400000	 -75.402321
32.450000	 -75.403908
32.500000	 -75.405497
32.550000	 -75.407086
32.600000	 -75.408677
32.650000	 -75.410269
32.700000	 -75.411862
32.750000	 -75.413456
32.800000	 -75.415052
32.850000	 -75.416648
32.900000	 -75.418246
32.950000	 -75.419844
33.000000	 -75.421444
33.050000	 -75.423045
33.100000	 -75.424647
33.150000	 -75.426250
33.200000	 -75.427853
33.250000	 -75.429458
33.300000	 -75.431064
33.350000	 -75.432671
33.400000	 -75.434279
33.450000	 -75.435888
33.500000	 -75.437498
33.550000	 -75.439109
33.600000	 -75.440720
33.650000	 -75.442333
33.700000	 -75.443947
33.750000	 -75.445561
33.800000	 -75.447177
33.850000	 -75.448793
33.900000	 -75.450410
33.950000	 -75.452028
34.000000	 -75.453647
34.050000	 -75.455267
34.100000	 -75.456888
34.150000	 -75.458509
34.200000	 -75.460131
34.250000	 -75.461754
34.300000	 -75.463378
34.350000	 -75.465003
34.400000	 -75.466628
34.450000	 -75.468255
34.500000	 -75.469882
34.550000	 -75.471509
34.600000	 -75.473138
34.650000	 -75.474767
34.700000	 -75.476397
34.750000	 -75.478027
34.800000	 -75.479659
34.850000	 -75.481290
34.900000	 -75.482923
34.950000	 -75.484556
35.000000	 -75.486190
35.050000	 -75.487825
35.100000	 -75.489460
35.150000	 -75.491096
35.200000	 -75.492732
35.250000	 -75.494369
35.300000	 -75.496006
35.350000	 -75.497645
35.400000	 -75.499283
35.450000	 -75.500922
35.500000	 -75.502562
35.550000	 -75.504202
35.600000	 -75.505843
35.650000	 -75.507484
35.700000	 -75.509126
35.750000	 -75.510769
35.800000	 -75.512411
35.850000	 -75.514054
35.900000	 -75.515698
35.950000	 -75.517342
36.000000	 -75.518987
36.050000	 -75.520632
36.100000	 -75.522277
36.150000	 -75.523923
36.200000	 -75.525569
36.250000	 -75.527215
36.300000	 -75.528862
36.350000	 -75.530509
36.400000	 -75.532157
36.450000	 -75.533805
36.500000	 -75.535453
36.550000	 -75.537101
36.600000	 -75.538750
36.650000	 -75.540399
36.700000	 -75.542048
36.750000	 -75.543698
36.800000	 -75.545348
36.850000	 -75.546998
36.900000	 -75.548648
36.950000	 -75.550299
37.000000	 -75.551950
37.050000	 -75.553601
37.100000	 -75.555252
37.150000	 -75.556903
37.200000	 -75.558555
37.250000	 -75.560207
37.300000	 -75.561858
37.350000	 -75.563510
37.400000	 -75.565163
37.450000	 -75.566815
37.500000	 -75.568467
37.550000	 -75.570120
37.600000	 -75.571772
37.650000	 -75.573425
37.700000	 -75.575078
37.750000	 -75.576730
37.800000	 -75.578383
37.850000	 -75.580036
37.900000	 -75.581689
37.950000	 -75.583342
38.000000	 -75.584995
38.050000	 -75.586648
38.100000	 -75.588300
38.150000	 -75.589953
38.200000	 -75.591606
38.250000	 -75.593259
38.300000	 -75.594912
38.350000	 -75.596564
38.400000	 -75.598217
38.450000	 -75.599869
38.500000	 -75.601522
38.550000	 -75.603174
38.600000	 -75.604826
38.650000	 -75.606478
38.700000	 -75.608130
38.750000	 -75.609782
38.800000	 -75.611434
38.850000	 -75.613085
38.900000	 -75.614736
38.950000	 -75.616387
39.000000	 -75.618038
39.050000	 -75.619689
39.100000	 -75.621340
39.150000	 -75.622990
39.200000	 -75.624640
39.250000	 -75.626290
39.300000	 -75.627939
39.350000	 -75.629589
39.400000	 -75.631238
39.450000	 -75.632886
39.500000	 -75.634535
39.550000	 -75.636183
39.600000	 -75.637831
39.650000	 -75.639478
39.700000	 -75.641125
39.750000	 -75.642772
39.800000	 -75.644419
39.850000	 -75.646065
39.900000	 -75.647711
39.950000	 -75.649356
40.000000	 -75.651001
40.050000	 -75.652646
40.100000	 -75.654290
40.150000	 -75.655934
40.200000	 -75.657577
40.250000	 -75.659220
40.300000	 -75.660863
40.350000	 -75.662505
40.400000	 -75.664146
40.450000	 -75.665787
40.500000	 -75.667428
40.550000	 -75.669068
40.600000	 -75.670708
40.650000	 -75.672347
40.700000	 -75.673986
40.750000	 -75.675624
40.800000	 -75.677262
40.850000	 -75.678899
40.900000	 -75.680535
40.950000	 -75.682171
41.000000	 -75.683807
41.050000	 -75.685441
41.100000	 -75.687076
41.150000	 -75.688709
41.200000	 -75.690342
41.250000	 -75.691975
41.300000	 -75.693607
41.350000	 -75.695238
41.400000	 -75.696868
41.450000	 -75.698498
41.500000	 -75.700127
41.550000	 -75.701756
41.600000	 -75.703384
41.650000	 -75.705011
41.700000	 -75.706638
41.750000	 -75.708263
41.800000	 -75.709889
41.850000	 -75.711513
41.900000	 -75.713137
41.950000	 -75.714760
42.000000	 -75.716382
42.050000	 -75.718003
42.100000	 -75.719624
42.150000	 -75.721244
42.200000	 -75.722863
42.250000	 -75.724482
42.300000	 -75.726099
42.350000	 -75.727716
42.400000	 -75.729332
42.450000	 -75.730947
42.500000	 -75.732562
42.550000	 -75.734175
42.600000	 -75.735788
42.650000	 -75.737400
42.700000	 -75.739011
42.750000	 -75.740621
42.800000	 -75.742230
42.850000	 -75.743838
42.900000	 -75.745446
42.950000	 -75.747052
43.000000	 -75.748658
43.050000	 -75.750263
43.100000	 -75.751867
43.150000	 -75.753470
43.200000	 -75.755072
43.250000	 -75.756673
43.300000	 -75.758273
43.350000	 -75.759872
43.400000	 -75.761470
43.450000	 -75.763067
43.500000	 -75.764663
43.550000	 -75.766259
43.600000	 -75.767853
43.650000	 -75.769446
43.700000	 -75.771038
43.750000	 -75.772629
43.800000	 -75.774219
43.850000	 -75.775808
43.900000	 -75.777396
43.950000	 -75.778983
44.000000	 -75.780569
44.050000	 -75.782154
44.100000	 -75.783738
44.150000	 -75.785320
44.200000	 -75.786902
44.250000	 -75.788482
44.300000	 -75.790062
44.350000	 -75.791640
44.400000	 -75.793217
44.450000	 -75.794793
44.500000	 -75.796367
44.550000	 -75.797941
44.600000	 -75.799514
44.650000	 -75.801085
44.700000	 -75.802655
44.750000	 -75.804224
44.800000	 -75.805792
44.850000	 -75.807358
44.900000	 -75.808923
44.950000	 -75.810487
45.000000	 -75.812050
45.050000	 -75.813612
45.100000	 -75.815172
45.150000	 -75.816732
45.200000	 -75.818290
45.250000	 -75.819846
45.300000	 -75.821402
45.350000	 -75.822956
45.400000	 -75.824508
45.450000	 -75.826060
45.500000	 -75.827610
45.550000	 -75.829159
45.600000	 -75.830707
45.650000	 -75.832253
45.700000	 -75.833798
45.750000	 -75.835342
45.800000	 -75.836884
45.850000	 -75.838425
45.900000	 -75.839964
45.950000	 -75.841502
46.000000	 -75.843039
46.050000	 -75.844574
46.100000	 -75.846108
46.150000	 -75.847641
46.200000	 -75.849172
46.250000	 -75.850702
46.300000	 -75.852230
46.350000	 -75.853757
46.400000	 -75.855282
46.450000	 -75.856806
46.500000	 -75.858329
46.550000	 -75.859850
46.600000	 -75.861370
46.650000	 -75.862888
46.700000	 -75.864404
46.750000	 -75.865919
46.800000	 -75.867433
46.850000	 -75.868945
46.900000	 -75.870456
46.950000	 -75.871965
47.000000	 -75.873472
47.050000	 -75.874978
47.100000	 -75.876483
47.150000	 -75.877986
47.200000	 -75.879487
47.250000	 -75.880987
47.300000	 -75.882485
47.350000	 -75.883982
47.400000	 -75.885477
47.450000	 -75.886971
47.500000	 -75.888463
47.550000	 -75.889953
47.600000	 -75.891442
47.650000	 -75.892929
47.700000	 -75.894415
47.750000	 -75.895898
47.800000	 -75.897381
47.850000	 -75.898861
47.900000	 -75.900340
47.950000	 -75.901818
48.000000	 -75.903294
48.050000	 -75.904768
48.100000	 -75.906240
48.150000	 -75.907711
48.200000	 -75.909180
48.250000	 -75.910647
48.300000	 -75.912113
48.350000	 -75.913577
48.400000	 -75.915039
48.450000	 -75.916500
48.500000	 -75.917959
48.550000	 -75.919416
48.600000	 -75.920872
48.650000	 -75.922325
48.700000	 -75.923778
48.750000	 -75.925228
48.800000	 -75.926677
48.850000	 -75.928123
48.900000	 -75.929569
48.950000	 -75.931012
49.000000	 -75.932454
49.050000	 -75.933893
49.100000	 -75.935331
49.150000	 -75.936768
49.200000	 -75.938202
49.250000	 -75.939635
49.300000	 -75.941066
49.350000	 -75.942495
49.400000	 -75.943923
49.450000	 -75.945348
49.500000	 -75.946772
49.550000	 -75.948194
49.600000	 -75.949615
49.650000	 -75.951033
49.700000	 -75.952449
49.750000	 -75.953864
49.800000	 -75.955277
49.850000	 -75.956688
49.900000	 -75.958098
49.950000	 -75.959505
50.000000	 -75.960911
50.050000	 -75.962314
50.100000	 -75.963716
50.150000	 -75.965116
50.200000	 -75.966514
50.250000	 -75.967911
50.300000	 -75.969305
50.350000	 -75.970698
50.400000	 -75.972088
50.450000	 -75.973477
50.500000	 -75.974864
50.550000	 -75.976249
50.600000	 -75.977632
50.650000	 -75.979013
50.700000	 -75.980393
50.750000	 -75.981770
50.800000	 -75.983146
50.850000	 -75.984519
50.900000	 -75.985891
50.950000	 -75.987261
51.000000	 -75.988629
51.050000	 -75.989995
51.100000	 -75.991359
51.150000	 -75.992721
51.200000	 -75.994081
51.250000	 -75.995439
51.300000	 -75.996796
51.350000	 -75.998150
51.400000	 -75.999502
51.450000	 -76.000853
51.500000	 -76.002201
51.550000	 -76.003548
51.600000	 -76.004892
51.650000	 -76.006235
51.700000	 -76.007575
51.750000	 -76.008914
51.800000	 -76.010251
51.850000	 -76.011585
51.900000	 -76.012918
51.950000	 -76.014249
52.000000	 -76.015578
52.050000	 -76.016904
52.100000	 -76.018229
52.150000	 -76.019552
52.200000	 -76.020873
52.250000	 -76.022192
52.300000	 -76.023508
52.350000	 -76.024823
52.400000	 -76.026136
52.450000	 -76.027447
52.500000	 -76.028755
52.550000	 -76.030062
52.600000	 -76.031367
52.650000	 -76.032670
52.700000	 -76.033970
52.750000	 -76.035269
52.800000	 -76.036565
52.850000	 -76.037860
52.900000	 -76.039153
52.950000	 -76.040443
53.000000	 -76.041732
53.050000	 -76.043018
53.100000	 -76.044302
53.150000	 -76.045585
53.200000	 -76.046865
53.250000	 -76.048143
53.300000	 -76.049419
53.350000	 -76.050694
53.400000	 -76.051966
53.450000	 -76.053236
53.500000	 -76.054504
53.550000	 -76.055769
53.600000	 -76.057033
53.650000	 -76.058295
53.700000	 -76.059555
53.750000	 -76.060812
53.800000	 -76.062068
53.850000	 -76.063321
53.900000	 -76.064573
53.950000	 -76.065822
54.000000	 -76.067069
54.050000	 -76.068314
54.100000	 -76.069557
54.150000	 -76.070798
54.200000	 -76.072037
54.250000	 -76.073274
54.300000	 -76.074508
54.350000	 -76.075741
54.400000	 -76.076971
54.450000	 -76.078200
54.500000	 -76.079426
54.550000	 -76.080650
54.600000	 -76.081872
54.650000	 -76.083092
54.700000	 -76.084310
54.750000	 -76.085526
54.800000	 -76.086739
54.850000	 -76.087951
54.900000	 -76.089160
54.950000	 -76.090367
55.000000	 -76.091572
55.050000	 -76.092775
55.100000	 -76.093976
55.150000	 -76.095175
55.200000	 -76.096372
55.250000	 -76.097566
55.300000	 -76.098758
55.350000	 -76.099949
55.400000	 -76.101137
55.450000	 -76.102323
55.500000	 -76.103506
55.550000	 -76.104688
55.600000	 -76.105868
55.650000	 -76.107045
55.700000	 -76.108220
55.750000	 -76.109393
55.800000	 -76.110564
55.850000	 -76.111733
55.900000	 -76.112900
55.950000	 -76.114064
56.000000	 -76.115227
56.050000	 -76.116387
56.100000	 -76.117545
56.150000	 -76.118701
56.200000	 -76.119855
56.250000	 -76.121006
56.300000	 -76.122156
56.350000	 -76.123303
56.400000	 -76.124448
56.450000	 -76.125591
56.500000	 -76.126732
56.550000	 -76.127871
56.600000	 -76.129007
56.650000	 -76.130141
56.700000	 -76.131274
56.750000	 -76.132404
56.800000	 -76.133531
56.850000	 -76.134657
56.900000	 -76.135781
56.950000	 -76.136902
57.000000	 -76.138021
57.050000	 -76.139138
57.100000	 -76.140253
57.150000	 -76.141365
57.200000	 -76.142476
57.250000	 -76.143584
57.300000	 -76.144690
57.350000	 -76.145794
57.400000	 -76.146896
57.450000	 -76.147996
57.500000	 -76.149093
57.550000	 -76.150188
57.600000	 -76.151281
57.650000	 -76.152372
57.700000	 -76.153461
57.750000	 -76.154548
57.800000	 -76.155632
57.850000	 -76.156714
57.900000	 -76.157794
57.950000	 -76.158872
58.000000	 -76.159947
58.050000	 -76.161021
58.100000	 -76.162092
58.150000	 -76.163161
58.200000	 -76.164228
58.250000	 -76.165293
58.300000	 -76.166355
58.350000	 -76.167416
58.400000	 -76.168474
58.450000	 -76.169530
58.500000	 -76.170583
58.550000	 -76.171635
58.600000	 -76.172684
58.650000	 -76.173732
58.700000	 -76.174777
58.750000	 -76.175819
58.800000	 -76.176860
58.850000	 -76.177899
58.900000	 -76.178935
58.950000	 -76.179969
59.000000	 -76.181001
59.050000	 -76.182031
59.100000	 -76.183058
59.150000	 -76.184083
59.200000	 -76.185107
59.250000	 -76.186128
59.300000	 -76.187146
59.350000	 -76.188163
59.400000	 -76.189177
59.450000	 -76.190190
59.500000	 -76.191200
59.550000	 -76.192207
59.600000	 -76.193213
59.650000	 -76.194217
59.700000	 -76.195218
59.750000	 -76.196217
59.800000	 -76.197214
59.850000	 -76.198208
59.900000	 -76.199201
59.950000	 -76.200191
60.000000	 -76.201180
60.050000	 -76.202165
60.100000	 -76.203149
60.150000	 -76.204131
60.200000	 -76.205110
60.250000	 -76.206088
60.300000	 -76.207063
60.350000	 -76.208035
60.400000	 -76.209006
60.450000	 -76.209975
60.500000	 -76.210941
60.550000	 -76.211905
60.600000	 -76.212867
60.650000	 -76.213827
60.700000	 -76.214784
60.750000	 -76.215740
60.800000	 -76.216693
60.850000	 -76.217644
60.900000	 -76.218593
60.950000	 -76.219540
61.000000	 -76.220484
61.050000	 -76.221426
61.100000	 -76.222367
61.150000	 -76.223305
61.200000	 -76.224240
61.250000	 -76.225174
61.300000	 -76.226105
61.350000	 -76.227035
61.400000	 -76.227962
61.450000	 -76.228887
61.500000	 -76.229810
61.550000	 -76.230730
61.600000	 -76.231649
61.650000	 -76.232565
61.700000	 -76.233479
61.750000	 -76.234391
61.800000	 -76.235301
61.850000	 -76.236208
61.900000	 -76.237114
61.950000	 -76.238017
62.000000	 -76.238918
62.050000	 -76.239817
62.100000	 -76.240714
62.150000	 -76.241608
62.200000	 -76.242501
62.250000	 -76.243391
62.300000	 -76.244279
62.350000	 -76.245165
62.400000	 -76.246049
62.450000	 -76.246930
62.500000	 -76.247810
62.550000	 -76.248687
62.600000	 -76.249562
62.650000	 -76.250435
62.700000	 -76.251306
62.750000	 -76.252175
62.800000	 -76.253042
62.850000	 -76.253906
62.900000	 -76.254768
62.950000	 -76.255628
63.000000	 -76.256486
63.050000	 -76.257342
63.100000	 -76.258196
63.150000	 -76.259047
63.200000	 -76.259897
63.250000	 -76.260744
63.300000	 -76.261589
63.350000	 -76.262432
63.400000	 -76.263273
63.450000	 -76.264112
63.500000	 -76.264948
63.550000	 -76.265783
63.600000	 -76.266615
63.650000	 -76.267445
63.700000	 -76.268273
63.750000	 -76.269099
63.800000	 -76.269923
63.850000	 -76.270744
63.900000	 -76.271564
63.950000	 -76.272381
64.000000	 -76.273197
64.050000	 -76.274010
64.100000	 -76.274821
64.150000	 -76.275630
64.200000	 -76.276436
64.250000	 -76.277241
64.300000	 -76.278044
64.350000	 -76.278844
64.400000	 -76.279642
64.450000	 -76.280439
64.500000	 -76.281233
64.550000	 -76.282025
64.600000	 -76.282815
64.650000	 -76.283602
64.700000	 -76.284388
64.750000	 -76.285172
64.800000	 -76.285953
64.850000	 -76.286733
64.900000	 -76.287510
64.950000	 -76.288285
65.000000	 -76.289058
65.050000	 -76.289829
65.100000	 -76.290598
65.150000	 -76.291365
65.200000	 -76.292129
65.250000	 -76.292892
65.300000	 -76.293652
65.350000	 -76.294411
65.400000	 -76.295167
65.450000	 -76.295922
65.500000	 -76.296674
65.550000	 -76.297424
65.600000	 -76.298172
65.650000	 -76.298918
65.700000	 -76.299662
65.750000	 -76.300403
65.800000	 -76.301143
65.850000	 -76.301881
65.900000	 -76.302616
65.950000	 -76.303350
66.000000	 -76.304081
66.050000	 -76.304811
66.100000	 -76.305538
66.150000	 -76.306263
66.200000	 -76.306987
66.250000	 -76.307708
66.300000	 -76.308427
66.350000	 -76.309144
66.400000	 -76.309859
66.450000	 -76.310572
66.500000	 -76.311283
66.550000	 -76.311992
66.600000	 -76.312698
66.650000	 -76.313403
66.700000	 -76.314106
66.750000	 -76.314807
66.800000	 -76.315505
66.850000	 -76.316202
66.900000	 -76.316896
66.950000	 -76.317589
67.000000	 -76.318279
67.050000	 -76.318968
67.100000	 -76.319654
67.150000	 -76.320339
67.200000	 -76.321021
67.250000	 -76.321701
67.300000	 -76.322380
67.350000	 -76.323056
67.400000	 -76.323731
67.450000	 -76.324403
67.500000	 -76.325073
67.550000	 -76.325741
67.600000	 -76.326408
67.650000	 -76.327072
67.700000	 -76.327734
67.750000	 -76.328395
67.800000	 -76.329053
67.850000	 -76.329709
67.900000	 -76.330363
67.950000	 -76.331016
68.000000	 -76.331666
68.050000	 -76.332314
68.100000	 -76.332961
68.150000	 -76.333605
68.200000	 -76.334247
68.250000	 -76.334888
68.300000	 -76.335526
68.350000	 -76.336162
68.400000	 -76.336797
68.450000	 -76.337429
68.500000	 -76.338060
68.550000	 -76.338688
68.600000	 -76.339315
68.650000	 -76.339939
68.700000	 -76.340562
68.750000	 -76.341183
68.800000	 -76.341801
68.850000	 -76.342418
68.900000	 -76.343033
68.950000	 -76.343646
69.000000	 -76.344257
69.050000	 -76.344866
69.100000	 -76.345473
69.150000	 -76.346078
69.200000	 -76.346681
69.250000	 -76.347282
69.300000	 -76.347881
69.350000	 -76.348479
69.400000	 -76.349074
69.450000	 -76.349667
69.500000	 -76.350259
69.550000	 -76.350849
69.600000	 -76.351436
69.650000	 -76.352022
69.700000	 -76.352606
69.750000	 -76.353188
69.800000	 -76.353768
69.850000	 -76.354346
69.900000	 -76.354922
69.950000	 -76.355496
70.000000	 -76.356069
70.050000	 -76.356639
70.100000	 -76.357208
70.150000	 -76.357774
70.200000	 -76.358339
70.250000	 -76.358902
70.300000	 -76.359463
70.350000	 -76.360022
70.400000	 -76.360579
70.450000	 -76.361134
70.500000	 -76.361688
70.550000	 -76.362239
70.600000	 -76.362789
70.650000	 -76.363337
70.700000	 -76.363883
70.750000	 -76.364427
70.800000	 -76.364969
70.850000	 -76.365509
70.900000	 -76.366048
70.950000	 -76.366584
71.000000	 -76.367119
71.050000	 -76.367652
71.100000	 -76.368183
71.150000	 -76.368712
71.200000	 -76.369239
71.250000	 -76.369765
71.300000	 -76.370288
71.350000	 -76.370810
71.400000	 -76.371330
71.450000	 -76.371848
71.500000	 -76.372365
71.550000	 -76.372879
71.600000	 -76.373392
71.650000	 -76.373902
71.700000	 -76.374411
71.750000	 -76.374918
71.800000	 -76.375424
71.850000	 -76.375927
71.900000	 -76.376429
71.950000	 -76.376929
72.000000	 -76.377427
72.050000	 -76.377923
72.100000	 -76.378418
72.150000	 -76.378910
72.200000	 -76.379401
72.250000	 -76.379890
72.300000	 -76.380377
72.350000	 -76.380863
72.400000	 -76.381346
72.450000	 -76.381828
72.500000	 -76.382308
72.550000	 -76.382787
72.600000	 -76.383263
72.650000	 -76.383738
72.700000	 -76.384211
72.750000	 -76.384682
72.800000	 -76.385152
72.850000	 -76.385619
72.900000	 -76.386085
72.950000	 -76.386549
73.000000	 -76.387012
73.050000	 -76.387472
73.100000	 -76.387931
73.150000	 -76.388388
73.200000	 -76.388844
73.250000	 -76.389297
73.300000	 -76.389749
73.350000	 -76.390199
73.400000	 -76.390648
73.450000	 -76.391094
73.500000	 -76.391539
73.550000	 -76.391982
73.600000	 -76.392424
73.650000	 -76.392863
73.700000	 -76.393301
73.750000	 -76.393738
73.800000	 -76.394172
73.850000	 -76.394605
73.900000	 -76.395036
73.950000	 -76.395466
74.000000	 -76.395893
74.050000	 -76.396319
74.100000	 -76.396744
74.150000	 -76.397166
74.200000	 -76.397587
74.250000	 -76.398006
74.300000	 -76.398424
74.350000	 -76.398840
74.400000	 -76.399254
74.450000	 -76.399666
74.500000	 -76.400077
74.550000	 -76.400486
74.600000	 -76.400894
74.650000	 -76.401299
74.700000	 -76.401703
74.750000	 -76.402106
74.800000	 -76.402506
74.850000	 -76.402906
74.900000	 -76.403303
74.950000	 -76.403699
75.000000	 -76.404093
75.050000	 -76.404485
75.100000	 -76.404876
75.150000	 -76.405265
75.200000	 -76.405653
75.250000	 -76.406038
75.300000	 -76.406423
75.350000	 -76.406805
75.400000	 -76.407186
75.450000	 -76.407566
75.500000	 -76.407943
75.550000	 -76.408319
75.600000	 -76.408694
75.650000	 -76.409067
75.700000	 -76.409438
75.750000	 -76.409807
75.800000	 -76.410175
75.850000	 -76.410542
75.900000	 -76.410906
75.950000	 -76.411269
76.000000	 -76.411631
76.050000	 -76.411991
76.100000	 -76.412349
76.150000	 -76.412706
76.200000	 -76.413061
76.250000	 -76.413415
76.300000	 -76.413767
76.350000	 -76.414117
76.400000	 -76.414466
76.450000	 -76.414813
76.500000	 -76.415159
76.550000	 -76.415503
76.600000	 -76.415846
76.650000	 -76.416187
76.700000	 -76.416526
76.750000	 -76.416864
76.800000	 -76.417200
76.850000	 -76.417535
76.900000	 -76.417868
76.950000	 -76.418200
77.000000	 -76.418530
77.050000	 -76.418858
77.100000	 -76.419185
77.150000	 -76.419511
77.200000	 -76.419835
77.250000	 -76.420157
77.300000	 -76.420478
77.350000	 -76.420797
77.400000	 -76.421115
77.450000	 -76.421431
77.500000	 -76.421746
77.550000	 -76.422059
77.600000	 -76.422371
77.650000	 -76.422681
77.700000	 -76.422990
77.750000	 -76.423297
77.800000	 -76.423603
77.850000	 -76.423907
77.900000	 -76.424210
77.950000	 -76.424511
78.000000	 -76.424811
78.050000	 -76.425109
78.100000	 -76.425405
78.150000	 -76.425701
78.200000	 -76.425994
78.250000	 -76.426287
78.300000	 -76.426578
78.350000	 -76.426867
78.400000	 -76.427155
78.450000	 -76.427441
78.500000	 -76.427726
78.550000	 -76.428010
78.600000	 -76.428292
78.650000	 -76.428572
78.700000	 -76.428851
78.750000	 -76.429129
78.800000	 -76.429405
78.850000	 -76.429680
78.900000	 -76.429953
78.950000	 -76.430225
79.000000	 -76.430496
79.050000	 -76.430765
79.100000	 -76.431032
79.150000	 -76.431298
79.200000	 -76.431563
79.250000	 -76.431826
79.300000	 -76.432088
79.350000	 -76.432349
79.400000	 -76.432608
79.450000	 -76.432865
79.500000	 -76.433122
79.550000	 -76.433377
79.600000	 -76.433630
79.650000	 -76.433882
79.700000	 -76.434133
79.750000	 -76.434382
79.800000	 -76.434630
79.850000	 -76.434876
79.900000	 -76.435121
79.950000	 -76.435365
80.000000	 -76.435607
80.050000	 -76.435848
80.100000	 -76.436088
80.150000	 -76.436326
80.200000	 -76.436563
80.250000	 -76.436798
80.300000	 -76.437032
80.350000	 -76.437265
80.400000	 -76.437496
80.450000	 -76.437726
80.500000	 -76.437955
80.550000	 -76.438182
80.600000	 -76.438408
80.650000	 -76.438633
80.700000	 -76.438856
80.750000	 -76.439078
80.800000	 -76.439298
80.850000	 -76.439518
80.900000	 -76.439735
80.950000	 -76.439952
81.000000	 -76.440167
81.050000	 -76.440381
81.100000	 -76.440594
81.150000	 -76.440805
81.200000	 -76.441015
81.250000	 -76.441224
81.300000	 -76.441431
81.350000	 -76.441637
81.400000	 -76.441842
81.450000	 -76.442045
81.500000	 -76.442248
81.550000	 -76.442448
81.600000	 -76.442648
81.650000	 -76.442846
81.700000	 -76.443043
81.750000	 -76.443239
81.800000	 -76.443433
81.850000	 -76.443627
81.900000	 -76.443818
81.950000	 -76.444009
82.000000	 -76.444198
82.050000	 -76.444386
82.100000	 -76.444573
82.150000	 -76.444759
82.200000	 -76.444943
82.250000	 -76.445126
82.300000	 -76.445308
82.350000	 -76.445488
82.400000	 -76.445668
82.450000	 -76.445846
82.500000	 -76.446022
82.550000	 -76.446198
82.600000	 -76.446372
82.650000	 -76.446545
82.700000	 -76.446717
82.750000	 -76.446888
82.800000	 -76.447057
82.850000	 -76.447225
82.900000	 -76.447392
82.950000	 -76.447558
83.000000	 -76.447722
83.050000	 -76.447886
83.100000	 -76.448048
83.150000	 -76.448209
83.200000	 -76.448368
83.250000	 -76.448527
83.300000	 -76.448684
83.350000	 -76.448840
83.400000	 -76.448995
83.450000	 -76.449149
83.500000	 -76.449301
83.550000	 -76.449453
83.600000	 -76.449603
83.650000	 -76.449752
83.700000	 -76.449899
83.750000	 -76.450046
83.800000	 -76.450191
83.850000	 -76.450336
83.900000	 -76.450479
83.950000	 -76.450621
84.000000	 -76.450762
84.050000	 -76.450901
84.100000	 -76.451040
84.150000	 -76.451177
84.200000	 -76.451313
84.250000	 -76.451448
84.300000	 -76.451582
84.350000	 -76.451715
84.400000	 -76.451846
84.450000	 -76.451977
84.500000	 -76.452106
84.550000	 -76.452234
84.600000	 -76.452361
84.650000	 -76.452487
84.700000	 -76.452612
84.750000	 -76.452736
84.800000	 -76.452858
84.850000	 -76.452980
84.900000	 -76.453100
84.950000	 -76.453219
85.000000	 -76.453338
85.050000	 -76.453455
85.100000	 -76.453571
85.150000	 -76.453685
85.200000	 -76.453799
85.250000	 -76.453912
85.300000	 -76.454023
85.350000	 -76.454134
85.400000	 -76.454243
85.450000	 -76.454352
85.500000	 -76.454459
85.550000	 -76.454565
85.600000	 -76.454670
85.650000	 -76.454774
85.700000	 -76.454877
85.750000	 -76.454979
85.800000	 -76.455080
85.850000	 -76.455179
85.900000	 -76.455278
85.950000	 -76.455376
86.000000	 -76.455472
86.050000	 -76.455568
86.100000	 -76.455662
86.150000	 -76.455756
86.200000	 -76.455848
86.250000	 -76.455940
86.300000	 -76.456030
86.350000	 -76.456119
86.400000	 -76.456207
86.450000	 -76.456295
86.500000	 -76.456381
86.550000	 -76.456466
86.600000	 -76.456550
86.650000	 -76.456633
86.700000	 -76.456715
86.750000	 -76.456797
86.800000	 -76.456877
86.850000	 -76.456956
86.900000	 -76.457034
86.950000	 -76.457111
87.000000	 -76.457187
87.050000	 -76.457262
87.100000	 -76.457336
87.150000	 -76.457409
87.200000	 -76.457481
87.250000	 -76.457553
87.300000	 -76.457623
87.350000	 -76.457692
87.400000	 -76.457760
87.450000	 -76.457827
87.500000	 -76.457893
87.550000	 -76.457959
87.600000	 -76.458023
87.650000	 -76.458086
87.700000	 -76.458149
87.750000	 -76.458210
87.800000	 -76.458271
87.850000	 -76.458330
87.900000	 -76.458389
87.950000	 -76.458446
88.000000	 -76.458503
88.050000	 -76.458558
88.100000	 -76.458613
88.150000	 -76.458667
88.200000	 -76.458720
88.250000	 -76.458772
88.300000	 -76.458823
88.350000	 -76.458873
88.400000	 -76.458922
88.450000	 -76.458970
88.500000	 -76.459018
88.550000	 -76.459064
88.600000	 -76.459109
88.650000	 -76.459154
88.700000	 -76.459198
88.750000	 -76.459240
88.800000	 -76.459282
88.850000	 -76.459323
88.900000	 -76.459363
88.950000	 -76.459402
89.000000	 -76.459440
89.050000	 -76.459478
89.100000	 -76.459514
89.150000	 -76.459550
89.200000	 -76.459584
89.250000	 -76.459618
89.300000	 -76.459651
89.350000	 -76.459683
89.400000	 -76.459714
89.450000	 -76.459745
89.500000	 -76.459774
89.550000	 -76.459802
89.600000	 -76.459830
89.650000	 -76.459857
89.700000	 -76.459883
89.750000	 -76.459908
89.800000	 -76.459932
89.850000	 -76.459955
89.900000	 -76.459978
89.950000	 -76.460000
90.000000	 -76.460020
90.050000	 -76.460040
90.100000	 -76.460060
90.150000	 -76.460078
90.200000	 -76.460095
90.250000	 -76.460112
90.300000	 -76.460128
90.350000	 -76.460143
90.400000	 -76.460157
90.450000	 -76.460170
90.500000	 -76.460183
90.550000	 -76.460194
90.600000	 -76.460205
90.650000	 -76.460215
90.700000	 -76.460224
90.750000	 -76.460233
90.800000	 -76.460240
90.850000	 -76.460247
90.900000	 -76.460253
90.950000	 -76.460258
91.000000	 -76.460263
91.050000	 -76.460266
91.100000	 -76.460269
91.150000	 -76.460271
91.200000	 -76.460272
91.250000	 -76.460273
91.300000	 -76.460273
91.350000	 -76.460271
91.400000	 -76.460270
91.450000	 -76.460267
91.500000	 -76.460263
91.550000	 -76.460259
91.600000	 -76.460254
91.650000	 -76.460248
91.700000	 -76.460242
91.750000	 -76.460235
91.800000	 -76.460227
91.850000	 -76.460218
91.900000	 -76.460208
91.950000	 -76.460198
92.000000	 -76.460187
92.050000	 -76.460175
92.100000	 -76.460163
92.150000	 -76.460149
92.200000	 -76.460135
92.250000	 -76.460121
92.300000	 -76.460105
92.350000	 -76.460089
92.400000	 -76.460072
92.450000	 -76.460054
92.500000	 -76.460036
92.550000	 -76.460017
92.600000	 -76.459997
92.650000	 -76.459976
92.700000	 -76.459955
92.750000	 -76.459933
92.800000	 -76.459910
92.850000	 -76.459887
92.900000	 -76.459863
92.950000	 -76.459838
93.000000	 -76.459812
93.050000	 -76.459786
93.100000	 -76.459759
93.150000	 -76.459731
93.200000	 -76.459703
93.250000	 -76.459674
93.300000	 -76.459644
93.350000	 -76.459614
93.400000	 -76.459583
93.450000	 -76.459551
93.500000	 -76.459519
93.550000	 -76.459486
93.600000	 -76.459452
93.650000	 -76.459417
93.700000	 -76.459382
93.750000	 -76.459346
93.800000	 -76.459310
93.850000	 -76.459273
93.900000	 -76.459235
93.950000	 -76.459197
94.000000	 -76.459157
94.050000	 -76.459118
94.100000	 -76.459077
94.150000	 -76.459036
94.200000	 -76.458994
94.250000	 -76.458952
94.300000	 -76.458909
94.350000	 -76.458865
94.400000	 -76.458821
94.450000	 -76.458776
94.500000	 -76.458731
94.550000	 -76.458684
94.600000	 -76.458638
94.650000	 -76.458590
94.700000	 -76.458542
94.750000	 -76.458493
94.800000	 -76.458444
94.850000	 -76.458394
94.900000	 -76.458344
94.950000	 -76.458292
95.000000	 -76.458241
95.050000	 -76.458188
95.100000	 -76.458135
95.150000	 -76.458082
95.200000	 -76.458027
95.250000	 -76.457973
95.300000	 -76.457917
95.350000	 -76.457861
95.400000	 -76.457805
95.450000	 -76.457747
95.500000	 -76.457690
95.550000	 -76.457631
95.600000	 -76.457572
95.650000	 -76.457513
95.700000	 -76.457453
95.750000	 -76.457392
95.800000	 -76.457331
95.850000	 -76.457269
95.900000	 -76.457206
95.950000	 -76.457143
96.000000	 -76.457080
96.050000	 -76.457016
96.100000	 -76.456951
96.150000	 -76.456886
96.200000	 -76.456820
96.250000	 -76.456753
96.300000	 -76.456686
96.350000	 -76.456619
96.400000	 -76.456551
96.450000	 -76.456482
96.500000	 -76.456413
96.550000	 -76.456343
96.600000	 -76.456273
96.650000	 -76.456202
96.700000	 -76.456131
96.750000	 -76.456059
96.800000	 -76.455987
96.850000	 -76.455914
96.900000	 -76.455840
96.950000	 -76.455766
97.000000	 -76.455692
97.050000	 -76.455617
97.100000	 -76.455541
97.150000	 -76.455465
97.200000	 -76.455389
97.250000	 -76.455311
97.300000	 -76.455234
97.350000	 -76.455156
97.400000	 -76.455077
97.450000	 -76.454998
97.500000	 -76.454918
97.550000	 -76.454838
97.600000	 -76.454757
97.650000	 -76.454676
97.700000	 -76.454594
97.750000	 -76.454512
97.800000	 -76.454429
97.850000	 -76.454346
97.900000	 -76.454263
97.950000	 -76.454178
98.000000	 -76.454094
98.050000	 -76.454009
98.100000	 -76.453923
98.150000	 -76.453837
98.200000	 -76.453750
98.250000	 -76.453663
98.300000	 -76.453576
98.350000	 -76.453488
98.400000	 -76.453399
98.450000	 -76.453310
98.500000	 -76.453221
98.550000	 -76.453131
98.600000	 -76.453041
98.650000	 -76.452950
98.700000	 -76.452859
98.750000	 -76.452767
98.800000	 -76.452675
98.850000	 -76.452582
98.900000	 -76.452489
98.950000	 -76.452396
99.000000	 -76.452302
99.050000	 -76.452207
99.100000	 -76.452113
99.150000	 -76.452017
99.200000	 -76.451922
99.250000	 -76.451825
99.300000	 -76.451729
99.350000	 -76.451632
99.400000	 -76.451534
99.450000	 -76.451436
99.500000	 -76.451338
99.550000	 -76.451239
99.600000	 -76.451140
99.650000	 -76.451041
99.700000	 -76.450941
99.750000	 -76.450840
99.800000	 -76.450739
99.850000	 -76.450638
99.900000	 -76.450536
99.950000	 -76.450434
100.000000	 -76.450332
