0.000000	 -76.331845
0.050000	 -76.331845
0.100000	 -76.331845
0.150000	 -76.331845
0.200000	 -76.331844
0.250000	 -76.331844
0.300000	 -76.331844
0.350000	 -76.331844
0.400000	 -76.331844
0.450000	 -76.331844
0.500000	 -76.331844
0.550000	 -76.331844
0.600000	 -76.331844
0.650000	 -76.331844
0.700000	 -76.331844
0.750000	 -76.331843
0.800000	 -76.331843
0.850000	 -76.331843
0.900000	 -76.331843
0.950000	 -76.331843
1.000000	 -76.331843
1.050000	 -76.331843
1.100000	 -76.331843
1.150000	 -76.331843
1.200000	 -76.331843
1.250000	 -76.331843
1.300000	 -76.331843
1.350000	 -76.331842
1.400000	 -76.331842
1.450000	 -76.331842
1.500000	 -76.331842
1.550000	 -76.331842
1.600000	 -76.331842
1.650000	 -76.331842
1.700000	 -76.331842
1.750000	 -76.331842
1.800000	 -76.331842
1.850000	 -76.331842
1.900000	 -76.331841
1.950000	 -76.331841
2.000000	 -76.331841
2.050000	 -76.331841
2.100000	 -76.331841
2.150000	 -76.331841
2.200000	 -76.331841
2.250000	 -76.331841
2.300000	 -76.331841
2.350000	 -76.331841
2.400000	 -76.331841
2.450000	 -76.331840
2.500000	 -76.331840
2.550000	 -76.331840
2.600000	 -76.331840
2.650000	 -76.331840
2.700000	 -76.331840
2.750000	 -76.331840
2.800000	 -76.331840
2.850000	 -76.331840
2.900000	 -76.331840
2.950000	 -76.331840
3.000000	 -76.331840
3.050000	 -76.331839
3.100000	 -76.331839
3.150000	 -76.331839
3.200000	 -76.331839
3.250000	 -76.331839
3.300000	 -76.331839
3.350000	 -76.331839
3.400000	 -76.331839
3.450000	 -76.331839
3.500000	 -76.331839
3.550000	 -76.331839
3.600000	 -76.331838
3.650000	 -76.331838
3.700000	 -76.331838
3.750000	 -76.331838
3.800000	 -76.331838
3.850000	 -76.331838
3.900000	 -76.331838
3.950000	 -76.331838
4.000000	 -76.331838
4.050000	 -76.331838
4.100000	 -76.331838
4.150000	 -76.331837
4.200000	 -76.331837
4.250000	 -76.331837
4.300000	 -76.331837
4.350000	 -76.331837
4.400000	 -76.331837
4.450000	 -76.331837
4.500000	 -76.331837
4.550000	 -76.331837
4.600000	 -76.331837
4.650000	 -76.331837
4.700000	 -76.331837
4.750000	 -76.331836
4.800000	 -76.331836
4.850000	 -76.331836
4.900000	 -76.331836
4.950000	 -76.331836
5.000000	 -76.331836
5.050000	 -76.331822
5.100000	 -76.331748
5.150000	 -76.331548
5.200000	 -76.331146
5.250000	 -76.330471
5.300000	 -76.329466
5.350000	 -76.328087
5.400000	 -76.326304
5.450000	 -76.324099
5.500000	 -76.321464
5.550000	 -76.318399
5.600000	 -76.314912
5.650000	 -76.311013
5.700000	 -76.306718
5.750000	 -76.302045
5.800000	 -76.297014
5.850000	 -76.291646
5.900000	 -76.285963
5.950000	 -76.279986
6.000000	 -76.273739
6.050000	 -76.267242
6.100000	 -76.260516
6.150000	 -76.253582
6.200000	 -76.246459
6.250000	 -76.239166
6.300000	 -76.231722
6.350000	 -76.224143
6.400000	 -76.216445
6.450000	 -76.208643
6.500000	 -76.200753
6.550000	 -76.192788
6.600000	 -76.184759
6.650000	 -76.176680
6.700000	 -76.168562
6.750000	 -76.160415
6.800000	 -76.152249
6.850000	 -76.144073
6.900000	 -76.135895
6.950000	 -76.127725
7.000000	 -76.119569
7.050000	 -76.111434
7.100000	 -76.103326
7.150000	 -76.095253
7.200000	 -76.087218
7.250000	 -76.079228
7.300000	 -76.071288
7.350000	 -76.063401
7.400000	 -76.055572
7.450000	 -76.047805
7.500000	 -76.040104
7.550000	 -76.032470
7.600000	 -76.024909
7.650000	 -76.017421
7.700000	 -76.010010
7.750000	 -76.002679
7.800000	 -75.995428
7.850000	 -75.988261
7.900000	 -75.981178
7.950000	 -75.974182
8.000000	 -75.967273
8.050000	 -75.960453
8.100000	 -75.953724
8.150000	 -75.947085
8.200000	 -75.940538
8.250000	 -75.934084
8.300000	 -75.927723
8.350000	 -75.921456
8.400000	 -75.915283
8.450000	 -75.909204
8.500000	 -75.903220
8.550000	 -75.897330
8.600000	 -75.891535
8.650000	 -75.885835
8.700000	 -75.880230
8.750000	 -75.874719
8.800000	 -75.869303
8.850000	 -75.863980
8.900000	 -75.858752
8.950000	 -75.853616
9.000000	 -75.848573
9.050000	 -75.843623
9.100000	 -75.838765
9.150000	 -75.833998
9.200000	 -75.829321
9.250000	 -75.824735
9.300000	 -75.820238
9.350000	 -75.815830
9.400000	 -75.811510
9.450000	 -75.807277
9.500000	 -75.803130
9.550000	 -75.799069
9.600000	 -75.795093
9.650000	 -75.791200
9.700000	 -75.787391
9.750000	 -75.783664
9.800000	 -75.780018
9.850000	 -75.776453
9.900000	 -75.772967
9.950000	 -75.769559
10.000000	 -75.766229
10.050000	 -75.762976
10.100000	 -75.759799
10.150000	 -75.756696
10.200000	 -75.753667
10.250000	 -75.750711
10.300000	 -75.747826
10.350000	 -75.745012
10.400000	 -75.742269
10.450000	 -75.739594
10.500000	 -75.736986
10.550000	 -75.734446
10.600000	 -75.731972
10.650000	 -75.729562
10.700000	 -75.727217
10.750000	 -75.724934
10.800000	 -75.722714
10.850000	 -75.720554
10.900000	 -75.718454
10.950000	 -75.716414
11.000000	 -75.714432
11.050000	 -75.712506
11.100000	 -75.710638
11.150000	 -75.708824
11.200000	 -75.707065
11.250000	 -75.705359
11.300000	 -75.703705
11.350000	 -75.702104
11.400000	 -75.700553
11.450000	 -75.699051
11.500000	 -75.697599
11.550000	 -75.696195
11.600000	 -75.694838
11.650000	 -75.693527
11.700000	 -75.692262
11.750000	 -75.691041
11.800000	 -75.689864
11.850000	 -75.688730
11.900000	 -75.687638
11.950000	 -75.686587
12.000000	 -75.685577
12.050000	 -75.684607
12.100000	 -75.683676
12.150000	 -75.682783
12.200000	 -75.681927
12.250000	 -75.681108
12.300000	 -75.680325
12.350000	 -75.679577
12.400000	 -75.678864
12.450000	 -75.678185
12.500000	 -75.677539
12.550000	 -75.676925
12.600000	 -75.676343
12.650000	 -75.675792
12.700000	 -75.675271
12.750000	 -75.674781
12.800000	 -75.674319
12.850000	 -75.673886
12.900000	 -75.673481
12.950000	 -75.673103
13.000000	 -75.672752
13.050000	 -75.672427
13.100000	 -75.672128
13.150000	 -75.671853
13.200000	 -75.671603
13.250000	 -75.671377
13.300000	 -75.671175
13.350000	 -75.670995
13.400000	 -75.670837
13.450000	 -75.670701
13.500000	 -75.670587
13.550000	 -75.670493
13.600000	 -75.670419
13.650000	 -75.670366
13.700000	 -75.670332
13.750000	 -75.670316
13.800000	 -75.670319
13.850000	 -75.670340
13.900000	 -75.670379
13.950000	 -75.670435
14.000000	 -75.670508
14.050000	 -75.670596
14.100000	 -75.670701
14.150000	 -75.670822
14.200000	 -75.670957
14.250000	 -75.671108
14.300000	 -75.671272
14.350000	 -75.671451
14.400000	 -75.671644
14.450000	 -75.671850
14.500000	 -75.672068
14.550000	 -75.672300
14.600000	 -75.672544
14.650000	 -75.672800
14.700000	 -75.673067
14.750000	 -75.673346
14.800000	 -75.673637
14.850000	 -75.673938
14.900000	 -75.674249
14.950000	 -75.674571
15.000000	 -75.674903
15.050000	 -75.675244
15.100000	 -75.675595
15.150000	 -75.675955
15.200000	 -75.676325
15.250000	 -75.676702
15.300000	 -75.677089
15.350000	 -75.677483
15.400000	 -75.677886
15.450000	 -75.678296
15.500000	 -75.678714
15.550000	 -75.679139
15.600000	 -75.679571
15.650000	 -75.680011
15.700000	 -75.680457
15.750000	 -75.680909
15.800000	 -75.681368
15.850000	 -75.681833
15.900000	 -75.682305
15.950000	 -75.682782
16.000000	 -75.683264
16.050000	 -75.683752
16.100000	 -75.684246
16.150000	 -75.684744
16.200000	 -75.685248
16.250000	 -75.685757
16.300000	 -75.686270
16.350000	 -75.686788
16.400000	 -75.687310
16.450000	 -75.687836
16.500000	 -75.688367
16.550000	 -75.688902
16.600000	 -75.689440
16.650000	 -75.689983
16.700000	 -75.690529
16.750000	 -75.691079
16.800000	 -75.691632
16.850000	 -75.692188
16.900000	 -75.692748
16.950000	 -75.693311
17.000000	 -75.693877
17.050000	 -75.694445
17.100000	 -75.695017
17.150000	 -75.695592
17.200000	 -75.696169
17.250000	 -75.696748
17.300000	 -75.697330
17.350000	 -75.697915
17.400000	 -75.698502
17.450000	 -75.699091
17.500000	 -75.699682
17.550000	 -75.700275
17.600000	 -75.700871
17.650000	 -75.701468
17.700000	 -75.702068
17.750000	 -75.702669
17.800000	 -75.703272
17.850000	 -75.703876
17.900000	 -75.704482
17.950000	 -75.705090
18.000000	 -75.705700
18.050000	 -75.706310
18.100000	 -75.706923
18.150000	 -75.707536
18.200000	 -75.708151
18.250000	 -75.708768
18.300000	 -75.709385
18.350000	 -75.710004
18.400000	 -75.710624
18.450000	 -75.711245
18.500000	 -75.711867
18.550000	 -75.712491
18.600000	 -75.713115
18.650000	 -75.713740
18.700000	 -75.714366
18.750000	 -75.714993
18.800000	 -75.715621
18.850000	 -75.716250
18.900000	 -75.716880
18.950000	 -75.717510
19.000000	 -75.718141
19.050000	 -75.718773
19.100000	 -75.719406
19.150000	 -75.720039
19.200000	 -75.720673
19.250000	 -75.721308
19.300000	 -75.721943
19.350000	 -75.722579
19.400000	 -75.723216
19.450000	 -75.723853
19.500000	 -75.724490
19.550000	 -75.725129
19.600000	 -75.725767
19.650000	 -75.726407
19.700000	 -75.727046
19.750000	 -75.727687
19.800000	 -75.728327
19.850000	 -75.728968
19.900000	 -75.729610
19.950000	 -75.730252
20.000000	 -75.730894
20.050000	 -75.731537
20.100000	 -75.732180
20.150000	 -75.732824
20.200000	 -75.733468
20.250000	 -75.734113
20.300000	 -75.734757
20.350000	 -75.735403
20.400000	 -75.736048
20.450000	 -75.736694
20.500000	 -75.737340
20.550000	 -75.737987
20.600000	 -75.738634
20.650000	 -75.739281
20.700000	 -75.739929
20.750000	 -75.740577
20.800000	 -75.741225
20.850000	 -75.741873
20.900000	 -75.742522
20.950000	 -75.743172
21.000000	 -75.743821
21.050000	 -75.744471
21.100000	 -75.745121
21.150000	 -75.745772
21.200000	 -75.746423
21.250000	 -75.747074
21.300000	 -75.747725
21.350000	 -75.748377
21.400000	 -75.749029
21.450000	 -75.749682
21.500000	 -75.750334
21.550000	 -75.750987
21.600000	 -75.751641
21.650000	 -75.752295
21.700000	 -75.752949
21.750000	 -75.753603
21.800000	 -75.754258
21.850000	 -75.754913
21.900000	 -75.755568
21.950000	 -75.756224
22.000000	 -75.756880
22.050000	 -75.757536
22.100000	 -75.758193
22.150000	 -75.758850
22.200000	 -75.759507
22.250000	 -75.760165
22.300000	 -75.760823
22.350000	 -75.761482
22.400000	 -75.762140
22.450000	 -75.762800
22.500000	 -75.763459
22.550000	 -75.764119
22.600000	 -75.764779
22.650000	 -75.765440
22.700000	 -75.766101
22.750000	 -75.766763
22.800000	 -75.767424
22.850000	 -75.768087
22.900000	 -75.768749
22.950000	 -75.769412
23.000000	 -75.770076
23.050000	 -75.770739
23.100000	 -75.771404
23.150000	 -75.772068
23.200000	 -75.772733
23.250000	 -75.773399
23.300000	 -75.774065
23.350000	 -75.774731
23.400000	 -75.775398
23.450000	 -75.776065
23.500000	 -75.776733
23.550000	 -75.777401
23.600000	 -75.778069
23.650000	 -75.778738
23.700000	 -75.779408
23.750000	 -75.780078
23.800000	 -75.780748
23.850000	 -75.781419
23.900000	 -75.782090
23.950000	 -75.782762
24.000000	 -75.783434
24.050000	 -75.784107
24.100000	 -75.784780
24.150000	 -75.785454
24.200000	 -75.786128
24.250000	 -75.786803
24.300000	 -75.787478
24.350000	 -75.788153
24.400000	 -75.788830
24.450000	 -75.789506
24.500000	 -75.790183
24.550000	 -75.790861
24.600000	 -75.791539
24.650000	 -75.792218
24.700000	 -75.792897
24.750000	 -75.793577
24.800000	 -75.794257
24.850000	 -75.794938
24.900000	 -75.795620
24.950000	 -75.796301
25.000000	 -75.796984
25.050000	 -75.797667
25.100000	 -75.798352
25.150000	 -75.799039
25.200000	 -75.799728
25.250000	 -75.800419
25.300000	 -75.801112
25.350000	 -75.801806
25.400000	 -75.802501
25.450000	 -75.803197
25.500000	 -75.803894
25.550000	 -75.804592
25.600000	 -75.805290
25.650000	 -75.805989
25.700000	 -75.806689
25.750000	 -75.807389
25.800000	 -75.808089
25.850000	 -75.808790
25.900000	 -75.809491
25.950000	 -75.810192
26.000000	 -75.810894
26.050000	 -75.811596
26.100000	 -75.812298
26.150000	 -75.813001
26.200000	 -75.813704
26.250000	 -75.814407
26.300000	 -75.815111
26.350000	 -75.815815
26.400000	 -75.816519
26.450000	 -75.817224
26.500000	 -75.817929
26.550000	 -75.818634
26.600000	 -75.819340
26.650000	 -75.820046
26.700000	 -75.820752
26.750000	 -75.821459
26.800000	 -75.822166
26.850000	 -75.822874
26.900000	 -75.823582
26.950000	 -75.824291
27.000000	 -75.824999
27.050000	 -75.825709
27.100000	 -75.826419
27.150000	 -75.827129
27.200000	 -75.827839
27.250000	 -75.828551
27.300000	 -75.829262
27.350000	 -75.829974
27.400000	 -75.830687
27.450000	 -75.831400
27.500000	 -75.832113
27.550000	 -75.832827
27.600000	 -75.833541
27.650000	 -75.834256
27.700000	 -75.834971
27.750000	 -75.835687
27.800000	 -75.836403
27.850000	 -75.837120
27.900000	 -75.837837
27.950000	 -75.838555
28.000000	 -75.839273
28.050000	 -75.839992
28.100000	 -75.840711
28.150000	 -75.841431
28.200000	 -75.842151
28.250000	 -75.842872
28.300000	 -75.843593
28.350000	 -75.844314
28.400000	 -75.845036
28.450000	 -75.845759
28.500000	 -75.846482
28.550000	 -75.847206
28.600000	 -75.847930
28.650000	 -75.848655
28.700000	 -75.849380
28.750000	 -75.850105
28.800000	 -75.850831
28.850000	 -75.851558
28.900000	 -75.852285
28.950000	 -75.853013
29.000000	 -75.853741
29.050000	 -75.854469
29.100000	 -75.855198
29.150000	 -75.855928
29.200000	 -75.856658
29.250000	 -75.857388
29.300000	 -75.858119
29.350000	 -75.858851
29.400000	 -75.859583
29.450000	 -75.860315
29.500000	 -75.861048
29.550000	 -75.861782
29.600000	 -75.862515
29.650000	 -75.863250
29.700000	 -75.863985
29.750000	 -75.864720
29.800000	 -75.865456
29.850000	 -75.866192
29.900000	 -75.866929
29.950000	 -75.867666
30.000000	 -75.868403
30.050000	 -75.869141
30.100000	 -75.869880
30.150000	 -75.870619
30.200000	 -75.871358
30.250000	 -75.872098
30.300000	 -75.872839
30.350000	 -75.873579
30.400000	 -75.874321
30.450000	 -75.875062
30.500000	 -75.875804
30.550000	 -75.876547
30.600000	 -75.877290
30.650000	 -75.878033
30.700000	 -75.878777
30.750000	 -75.879521
30.800000	 -75.880266
30.850000	 -75.881011
30.900000	 -75.881757
30.950000	 -75.882502
31.000000	 -75.883249
31.050000	 -75.883995
31.100000	 -75.884743
31.150000	 -75.885490
31.200000	 -75.886238
31.250000	 -75.886986
31.300000	 -75.887735
31.350000	 -75.888484
31.400000	 -75.889234
31.450000	 -75.889983
31.500000	 -75.890734
31.550000	 -75.891484
31.600000	 -75.892235
31.650000	 -75.892987
31.700000	 -75.893738
31.750000	 -75.894490
31.800000	 -75.895243
31.850000	 -75.895996
31.900000	 -75.896749
31.950000	 -75.897502
32.000000	 -75.898256
32.050000	 -75.899010
32.100000	 -75.899765
32.150000	 -75.900519
32.200000	 -75.901275
32.250000	 -75.902030
32.300000	 -75.902786
32.350000	 -75.903542
32.400000	 -75.904298
32.450000	 -75.905055
32.500000	 -75.905812
32.550000	 -75.906569
32.600000	 -75.907327
32.650000	 -75.908085
32.700000	 -75.908843
32.750000	 -75.909602
32.800000	 -75.910361
32.850000	 -75.911120
32.900000	 -75.911879
32.950000	 -75.912639
33.000000	 -75.913398
33.050000	 -75.914159
33.100000	 -75.914919
33.150000	 -75.915680
33.200000	 -75.916441
33.250000	 -75.917202
33.300000	 -75.917963
33.350000	 -75.918725
33.400000	 -75.919487
33.450000	 -75.920249
33.500000	 -75.921011
33.550000	 -75.921774
33.600000	 -75.922537
33.650000	 -75.923300
33.700000	 -75.924063
33.750000	 -75.924826
33.800000	 -75.925590
33.850000	 -75.926354
33.900000	 -75.927118
33.950000	 -75.927882
34.000000	 -75.928646
34.050000	 -75.929411
34.100000	 -75.930176
34.150000	 -75.930941
34.200000	 -75.931706
34.250000	 -75.932471
34.300000	 -75.933236
34.350000	 -75.934002
34.400000	 -75.934768
34.450000	 -75.935534
34.500000	 -75.936300
34.550000	 -75.937066
34.600000	 -75.937832
34.650000	 -75.938599
34.700000	 -75.939365
34.750000	 -75.940132
34.800000	 -75.940899
34.850000	 -75.941666
34.900000	 -75.942433
34.950000	 -75.943200
35.000000	 -75.943967
35.050000	 -75.944735
35.100000	 -75.945502
35.150000	 -75.946270
35.200000	 -75.947037
35.250000	 -75.947805
35.300000	 -75.948573
35.350000	 -75.949341
35.400000	 -75.950109
35.450000	 -75.950877
35.500000	 -75.951645
35.550000	 -75.952413
35.600000	 -75.953181
35.650000	 -75.953950
35.700000	 -75.954718
35.750000	 -75.955486
35.800000	 -75.956255
35.850000	 -75.957023
35.900000	 -75.957792
35.950000	 -75.958560
36.000000	 -75.959329
36.050000	 -75.960097
36.100000	 -75.960866
36.150000	 -75.961634
36.200000	 -75.962403
36.250000	 -75.963171
36.300000	 -75.963940
36.350000	 -75.964708
36.400000	 -75.965477
36.450000	 -75.966245
36.500000	 -75.967014
36.550000	 -75.967782
36.600000	 -75.968551
36.650000	 -75.969319
36.700000	 -75.970087
36.750000	 -75.970856
36.800000	 -75.971624
36.850000	 -75.972392
36.900000	 -75.973160
36.950000	 -75.973928
37.000000	 -75.974696
37.050000	 -75.975464
37.100000	 -75.976232
37.150000	 -75.977000
37.200000	 -75.977768
37.250000	 -75.978535
37.300000	 -75.979303
37.350000	 -75.980070
37.400000	 -75.980838
37.450000	 -75.981605
37.500000	 -75.982372
37.550000	 -75.983139
37.600000	 -75.983906
37.650000	 -75.984673
37.700000	 -75.985440
37.750000	 -75.986207
37.800000	 -75.986973
37.850000	 -75.987739
37.900000	 -75.988506
37.950000	 -75.989272
38.000000	 -75.990038
38.050000	 -75.990803
38.100000	 -75.991569
38.150000	 -75.992334
38.200000	 -75.993100
38.250000	 -75.993865
38.300000	 -75.994630
38.350000	 -75.995395
38.400000	 -75.996159
38.450000	 -75.996924
38.500000	 -75.997688
38.550000	 -75.998452
38.600000	 -75.999216
38.650000	 -75.999980
38.700000	 -76.000743
38.750000	 -76.001506
38.800000	 -76.002269
38.850000	 -76.003032
38.900000	 -76.003795
38.950000	 -76.004557
39.000000	 -76.005320
39.050000	 -76.006082
39.100000	 -76.006843
39.150000	 -76.007605
39.200000	 -76.008366
39.250000	 -76.009127
39.300000	 -76.009888
39.350000	 -76.010648
39.400000	 -76.011409
39.450000	 -76.012169
39.500000	 -76.012928
39.550000	 -76.013688
39.600000	 -76.014447
39.650000	 -76.015206
39.700000	 -76.015965
39.750000	 -76.016723
39.800000	 -76.017481
39.850000	 -76.018239
39.900000	 -76.018997
39.950000	 -76.019754
40.000000	 -76.020511
40.050000	 -76.021267
40.100000	 -76.022024
40.150000	 -76.022780
40.200000	 -76.023535
40.250000	 -76.024291
40.300000	 -76.025046
40.350000	 -76.025801
40.400000	 -76.026555
40.450000	 -76.027309
40.500000	 -76.028063
40.550000	 -76.028816
40.600000	 -76.029569
40.650000	 -76.030322
40.700000	 -76.031074
40.750000	 -76.031826
40.800000	 -76.032578
40.850000	 -76.033329
40.900000	 -76.034080
40.950000	 -76.034831
41.000000	 -76.035581
41.050000	 -76.036331
41.100000	 -76.037080
41.150000	 -76.037829
41.200000	 -76.038578
41.250000	 -76.039326
41.300000	 -76.040074
41.350000	 -76.040822
41.400000	 -76.041569
41.450000	 -76.042316
41.500000	 -76.043062
41.550000	 -76.043808
41.600000	 -76.044553
41.650000	 -76.045298
41.700000	 -76.046043
41.750000	 -76.046787
41.800000	 -76.047531
41.850000	 -76.048274
41.900000	 -76.049017
41.950000	 -76.049760
42.000000	 -76.050502
42.050000	 -76.051243
42.100000	 -76.051985
42.150000	 -76.052725
42.200000	 -76.053465
42.250000	 -76.054205
42.300000	 -76.054945
42.350000	 -76.055684
42.400000	 -76.056422
42.450000	 -76.057160
42.500000	 -76.057897
42.550000	 -76.058634
42.600000	 -76.059371
42.650000	 -76.060107
42.700000	 -76.060843
42.750000	 -76.061578
42.800000	 -76.062312
42.850000	 -76.063046
42.900000	 -76.063780
42.950000	 -76.064513
43.000000	 -76.065246
43.050000	 -76.065978
43.100000	 -76.066709
43.150000	 -76.067440
43.200000	 -76.068171
43.250000	 -76.068901
43.300000	 -76.069630
43.350000	 -76.070359
43.400000	 -76.071088
43.450000	 -76.071816
43.500000	 -76.072543
43.550000	 -76.073270
43.600000	 -76.073996
43.650000	 -76.074722
43.700000	 -76.075447
43.750000	 -76.076172
43.800000	 -76.076896
43.850000	 -76.077619
43.900000	 -76.078342
43.950000	 -76.079065
44.000000	 -76.079787
44.050000	 -76.080508
44.100000	 -76.081229
44.150000	 -76.081949
44.200000	 -76.082668
44.250000	 -76.083387
44.300000	 -76.084106
44.350000	 -76.084824
44.400000	 -76.085541
44.450000	 -76.086258
44.500000	 -76.086974
44.550000	 -76.087689
44.600000	 -76.088404
44.650000	 -76.089118
44.700000	 -76.089832
44.750000	 -76.090545
44.800000	 -76.091257
44.850000	 -76.091969
44.900000	 -76.092680
44.950000	 -76.093391
45.000000	 -76.094101
45.050000	 -76.094810
45.100000	 -76.095519
45.150000	 -76.096227
45.200000	 -76.096934
45.250000	 -76.097641
45.300000	 -76.098347
45.350000	 -76.099053
45.400000	 -76.099758
45.450000	 -76.100462
45.500000	 -76.101166
45.550000	 -76.101869
45.600000	 -76.102571
45.650000	 -76.103272
45.700000	 -76.103973
45.750000	 -76.104674
45.800000	 -76.105373
45.850000	 -76.106072
45.900000	 -76.106771
45.950000	 -76.107468
46.000000	 -76.108165
46.050000	 -76.108862
46.100000	 -76.109557
46.150000	 -76.110252
46.200000	 -76.110946
46.250000	 -76.111640
46.300000	 -76.112333
46.350000	 -76.113025
46.400000	 -76.113717
46.450000	 -76.114407
46.500000	 -76.115097
46.550000	 -76.115787
46.600000	 -76.116476
46.650000	 -76.117164
46.700000	 -76.117851
46.750000	 -76.118537
46.800000	 -76.119223
46.850000	 -76.119909
46.900000	 -76.120593
46.950000	 -76.121277
47.000000	 -76.121960
47.050000	 -76.122642
47.100000	 -76.123324
47.150000	 -76.124004
47.200000	 -76.124684
47.250000	 -76.125364
47.300000	 -76.126042
47.350000	 -76.126720
47.400000	 -76.127398
47.450000	 -76.128074
47.500000	 -76.128750
47.550000	 -76.129425
47.600000	 -76.130099
47.650000	 -76.130772
47.700000	 -76.131445
47.750000	 -76.132117
47.800000	 -76.132788
47.850000	 -76.133458
47.900000	 -76.134128
47.950000	 -76.134797
48.000000	 -76.135465
48.050000	 -76.136133
48.100000	 -76.136799
48.150000	 -76.137465
48.200000	 -76.138130
48.250000	 -76.138794
48.300000	 -76.139458
48.350000	 -76.140121
48.400000	 -76.140783
48.450000	 -76.141444
48.500000	 -76.142104
48.550000	 -76.142764
48.600000	 -76.143423
48.650000	 -76.144081
48.700000	 -76.144738
48.750000	 -76.145394
48.800000	 -76.146050
48.850000	 -76.146705
48.900000	 -76.147359
48.950000	 -76.148012
49.000000	 -76.148665
49.050000	 -76.149316
49.100000	 -76.149967
49.150000	 -76.150617
49.200000	 -76.151266
49.250000	 -76.151915
49.300000	 -76.152562
49.350000	 -76.153209
49.400000	 -76.153855
49.450000	 -76.154500
49.500000	 -76.155145
49.550000	 -76.155788
49.600000	 -76.156431
49.650000	 -76.157073
49.700000	 -76.157714
49.750000	 -76.158354
49.800000	 -76.158993
49.850000	 -76.159632
49.900000	 -76.160270
49.950000	 -76.160907
50.000000	 -76.161543
50.050000	 -76.162178
50.100000	 -76.162812
50.150000	 -76.163446
50.200000	 -76.164079
50.250000	 -76.164710
50.300000	 -76.165341
50.350000	 -76.165972
50.400000	 -76.166601
50.450000	 -76.167229
50.500000	 -76.167857
50.550000	 -76.168484
50.600000	 -76.169110
50.650000	 -76.169735
50.700000	 -76.170359
50.750000	 -76.170982
50.800000	 -76.171605
50.850000	 -76.172226
50.900000	 -76.172847
50.950000	 -76.173467
51.000000	 -76.174086
51.050000	 -76.174704
51.100000	 -76.175321
51.150000	 -76.175938
51.200000	 -76.176553
51.250000	 -76.177168
51.300000	 -76.177782
51.350000	 -76.178395
51.400000	 -76.179007
51.450000	 -76.179618
51.500000	 -76.180228
51.550000	 -76.180838
51.600000	 -76.181446
51.650000	 -76.182054
51.700000	 -76.182661
51.750000	 -76.183266
51.800000	 -76.183871
51.850000	 -76.184475
51.900000	 -76.185079
51.950000	 -76.185681
52.000000	 -76.186282
52.050000	 -76.186883
52.100000	 -76.187483
52.150000	 -76.188081
52.200000	 -76.188679
52.250000	 -76.189276
52.300000	 -76.189872
52.350000	 -76.190467
52.400000	 -76.191062
52.450000	 -76.191655
52.500000	 -76.192247
52.550000	 -76.192839
52.600000	 -76.193430
52.650000	 -76.194019
52.700000	 -76.194608
52.750000	 -76.195196
52.800000	 -76.195783
52.850000	 -76.196369
52.900000	 -76.196954
52.950000	 -76.197538
53.000000	 -76.198122
53.050000	 -76.198704
53.100000	 -76.199286
53.150000	 -76.199866
53.200000	 -76.200446
53.250000	 -76.201025
53.300000	 -76.201603
53.350000	 -76.202180
53.400000	 -76.202756
53.450000	 -76.203331
53.500000	 -76.203905
53.550000	 -76.204478
53.600000	 -76.205050
53.650000	 -76.205622
53.700000	 -76.206192
53.750000	 -76.206762
53.800000	 -76.207330
53.850000	 -76.207898
53.900000	 -76.208465
53.950000	 -76.209031
54.000000	 -76.209595
54.050000	 -76.210159
54.100000	 -76.210722
54.150000	 -76.211284
54.200000	 -76.211846
54.250000	 -76.212406
54.300000	 -76.212965
54.350000	 -76.213523
54.400000	 -76.214081
54.450000	 -76.214637
54.500000	 -76.215193
54.550000	 -76.215747
54.600000	 -76.216301
54.650000	 -76.216854
54.700000	 -76.217405
54.750000	 -76.217956
54.800000	 -76.218506
54.850000	 -76.219055
54.900000	 -76.219603
54.950000	 -76.220150
55.000000	 -76.220696
55.050000	 -76.221241
55.100000	 -76.221785
55.150000	 -76.222329
55.200000	 -76.222871
55.250000	 -76.223412
55.300000	 -76.223953
55.350000	 -76.224492
55.400000	 -76.225030
55.450000	 -76.225568
55.500000	 -76.226105
55.550000	 -76.226640
55.600000	 -76.227175
55.650000	 -76.227709
55.700000	 -76.228241
55.750000	 -76.228773
55.800000	 -76.229304
55.850000	 -76.229834
55.900000	 -76.230363
55.950000	 -76.230891
56.000000	 -76.231418
56.050000	 -76.231944
56.100000	 -76.232469
56.150000	 -76.232993
56.200000	 -76.233516
56.250000	 -76.234038
56.300000	 -76.234560
56.350000	 -76.235080
56.400000	 -76.235599
56.450000	 -76.236118
56.500000	 -76.236635
56.550000	 -76.237151
56.600000	 -76.237667
56.650000	 -76.238181
56.700000	 -76.238695
56.750000	 -76.239208
56.800000	 -76.239719
56.850000	 -76.240230
56.900000	 -76.240740
56.950000	 -76.241248
57.000000	 -76.241756
57.050000	 -76.242263
57.100000	 -76.242769
57.150000	 -76.243274
57.200000	 -76.243777
57.250000	 -76.244280
57.300000	 -76.244782
57.350000	 -76.245283
57.400000	 -76.245783
57.450000	 -76.246282
57.500000	 -76.246780
57.550000	 -76.247278
57.600000	 -76.247774
57.650000	 -76.248269
57.700000	 -76.248763
57.750000	 -76.249256
57.800000	 -76.249749
57.850000	 -76.250240
57.900000	 -76.250730
57.950000	 -76.251220
58.000000	 -76.251708
58.050000	 -76.252195
58.100000	 -76.252682
58.150000	 -76.253167
58.200000	 -76.253652
58.250000	 -76.254135
58.300000	 -76.254618
58.350000	 -76.255099
58.400000	 -76.255580
58.450000	 -76.256060
58.500000	 -76.256538
58.550000	 -76.257016
58.600000	 -76.257493
58.650000	 -76.257968
58.700000	 -76.258443
58.750000	 -76.258917
58.800000	 -76.259390
58.850000	 -76.259862
58.900000	 -76.260332
58.950000	 -76.260802
59.000000	 -76.261271
59.050000	 -76.261739
59.100000	 -76.262206
59.150000	 -76.262672
59.200000	 -76.263137
59.250000	 -76.263601
59.300000	 -76.264064
59.350000	 -76.264526
59.400000	 -76.264987
59.450000	 -76.265448
59.500000	 -76.265907
59.550000	 -76.266365
59.600000	 -76.266822
59.650000	 -76.267278
59.700000	 -76.267734
59.750000	 -76.268188
59.800000	 -76.268641
59.850000	 -76.269094
59.900000	 -76.269545
59.950000	 -76.269995
60.000000	 -76.270445
60.050000	 -76.270893
60.100000	 -76.271341
60.150000	 -76.271787
60.200000	 -76.272233
60.250000	 -76.272677
60.300000	 -76.273121
60.350000	 -76.273564
60.400000	 -76.274005
60.450000	 -76.274446
60.500000	 -76.274886
60.550000	 -76.275324
60.600000	 -76.275762
60.650000	 -76.276199
60.700000	 -76.276635
60.750000	 -76.277070
60.800000	 -76.277503
60.850000	 -76.277936
60.900000	 -76.278368
60.950000	 -76.278799
61.000000	 -76.279229
61.050000	 -76.279658
61.100000	 -76.280086
61.150000	 -76.280513
61.200000	 -76.280939
61.250000	 -76.281365
61.300000	 -76.281789
61.350000	 -76.282212
61.400000	 -76.282634
61.450000	 -76.283055
61.500000	 -76.283476
61.550000	 -76.283895
61.600000	 -76.284313
61.650000	 -76.284731
61.700000	 -76.285147
61.750000	 -76.285563
61.800000	 -76.285977
61.850000	 -76.286391
61.900000	 -76.286803
61.950000	 -76.287215
62.000000	 -76.287625
62.050000	 -76.288035
62.100000	 -76.288444
62.150000	 -76.288851
62.200000	 -76.289258
62.250000	 -76.289664
62.300000	 -76.290069
62.350000	 -76.290472
62.400000	 -76.290875
62.450000	 -76.291277
62.500000	 -76.291678
62.550000	 -76.292078
62.600000	 -76.292477
62.650000	 -76.292875
62.700000	 -76.293273
62.750000	 -76.293669
62.800000	 -76.294064
62.850000	 -76.294458
62.900000	 -76.294851
62.950000	 -76.295244
63.000000	 -76.295635
63.050000	 -76.296025
63.100000	 -76.296415
63.150000	 -76.296803
63.200000	 -76.297191
63.250000	 -76.297578
63.300000	 -76.297963
63.350000	 -76.298348
63.400000	 -76.298731
63.450000	 -76.299114
63.500000	 -76.299496
63.550000	 -76.299877
63.600000	 -76.300257
63.650000	 -76.300636
63.700000	 -76.301014
63.750000	 -76.301391
63.800000	 -76.301767
63.850000	 -76.302142
63.900000	 -76.302516
63.950000	 -76.302889
64.000000	 -76.303262
64.050000	 -76.303633
64.100000	 -76.304003
64.150000	 -76.304373
64.200000	 -76.304741
64.250000	 -76.305109
64.300000	 -76.305475
64.350000	 -76.305841
64.400000	 -76.306206
64.450000	 -76.306570
64.500000	 -76.306932
64.550000	 -76.307294
64.600000	 -76.307655
64.650000	 -76.308015
64.700000	 -76.308374
64.750000	 -76.308732
64.800000	 -76.309089
64.850000	 -76.309446
64.900000	 -76.309801
64.950000	 -76.310155
65.000000	 -76.310509
65.050000	 -76.310861
65.100000	 -76.311213
65.150000	 -76.311563
65.200000	 -76.311913
65.250000	 -76.312262
65.300000	 -76.312610
65.350000	 -76.312956
65.400000	 -76.313302
65.450000	 -76.313647
65.500000	 -76.313991
65.550000	 -76.314334
65.600000	 -76.314677
65.650000	 -76.315018
65.700000	 -76.315358
65.750000	 -76.315698
65.800000	 -76.316036
65.850000	 -76.316374
65.900000	 -76.316710
65.950000	 -76.317046
66.000000	 -76.317381
66.050000	 -76.317715
66.100000	 -76.318048
66.150000	 -76.318380
66.200000	 -76.318711
66.250000	 -76.319041
66.300000	 -76.319370
66.350000	 -76.319699
66.400000	 -76.320026
66.450000	 -76.320352
66.500000	 -76.320678
66.550000	 -76.321003
66.600000	 -76.321326
66.650000	 -76.321649
66.700000	 -76.321971
66.750000	 -76.322292
66.800000	 -76.322612
66.850000	 -76.322931
66.900000	 -76.323250
66.950000	 -76.323567
67.000000	 -76.323883
67.050000	 -76.324199
67.100000	 -76.324514
67.150000	 -76.324827
67.200000	 -76.325140
67.250000	 -76.325452
67.300000	 -76.325763
67.350000	 -76.326073
67.400000	 -76.326382
67.450000	 -76.326691
67.500000	 -76.326998
67.550000	 -76.327304
67.600000	 -76.327610
67.650000	 -76.327915
67.700000	 -76.328218
67.750000	 -76.328521
67.800000	 -76.328823
67.850000	 -76.329124
67.900000	 -76.329425
67.950000	 -76.329724
68.000000	 -76.330022
68.050000	 -76.330320
68.100000	 -76.330616
68.150000	 -76.330912
68.200000	 -76.331207
68.250000	 -76.331501
68.300000	 -76.331794
68.350000	 -76.332086
68.400000	 -76.332377
68.450000	 -76.332668
68.500000	 -76.332957
68.550000	 -76.333246
68.600000	 -76.333534
68.650000	 -76.333821
68.700000	 -76.334107
68.750000	 -76.334392
68.800000	 -76.334676
68.850000	 -76.334959
68.900000	 -76.335242
68.950000	 -76.335523
69.000000	 -76.335804
69.050000	 -76.336084
69.100000	 -76.336363
69.150000	 -76.336641
69.200000	 -76.336918
69.250000	 -76.337194
69.300000	 -76.337470
69.350000	 -76.337745
69.400000	 -76.338018
69.450000	 -76.338291
69.500000	 -76.338563
69.550000	 -76.338834
69.600000	 -76.339105
69.650000	 -76.339374
69.700000	 -76.339642
69.750000	 -76.339910
69.800000	 -76.340177
69.850000	 -76.340443
69.900000	 -76.340708
69.950000	 -76.340972
70.000000	 -76.341236
70.050000	 -76.341498
70.100000	 -76.341760
70.150000	 -76.342021
70.200000	 -76.342281
70.250000	 -76.342540
70.300000	 -76.342798
70.350000	 -76.343055
70.400000	 -76.343312
70.450000	 -76.343568
70.500000	 -76.343822
70.550000	 -76.344076
70.600000	 -76.344330
70.650000	 -76.344582
70.700000	 -76.344833
70.750000	 -76.345084
70.800000	 -76.345334
70.850000	 -76.345583
70.900000	 -76.345831
70.950000	 -76.346078
71.000000	 -76.346325
71.050000	 -76.346570
71.100000	 -76.346815
71.150000	 -76.347059
71.200000	 -76.347302
71.250000	 -76.347544
71.300000	 -76.347786
71.350000	 -76.348026
71.400000	 -76.348266
71.450000	 -76.348505
71.500000	 -76.348743
71.550000	 -76.348980
71.600000	 -76.349217
71.650000	 -76.349452
71.700000	 -76.349687
71.750000	 -76.349921
71.800000	 -76.350154
71.850000	 -76.350387
71.900000	 -76.350618
71.950000	 -76.350849
72.000000	 -76.351079
72.050000	 -76.351308
72.100000	 -76.351536
72.150000	 -76.351764
72.200000	 -76.351990
72.250000	 -76.352216
72.300000	 -76.352441
72.350000	 -76.352665
72.400000	 -76.352889
72.450000	 -76.353111
72.500000	 -76.353333
72.550000	 -76.353554
72.600000	 -76.353774
72.650000	 -76.353994
72.700000	 -76.354212
72.750000	 -76.354430
72.800000	 -76.354647
72.850000	 -76.354863
72.900000	 -76.355079
72.950000	 -76.355293
73.000000	 -76.355507
73.050000	 -76.355720
73.100000	 -76.355932
73.150000	 -76.356143
73.200000	 -76.356354
73.250000	 -76.356564
73.300000	 -76.356773
73.350000	 -76.356981
73.400000	 -76.357189
73.450000	 -76.357395
73.500000	 -76.357601
73.550000	 -76.357806
73.600000	 -76.358011
73.650000	 -76.358214
73.700000	 -76.358417
73.750000	 -76.358619
73.800000	 -76.358820
73.850000	 -76.359021
73.900000	 -76.359220
73.950000	 -76.359419
74.000000	 -76.359617
74.050000	 -76.359814
74.100000	 -76.360011
74.150000	 -76.360207
74.200000	 -76.360402
74.250000	 -76.360596
74.300000	 -76.360790
74.350000	 -76.360982
74.400000	 -76.361174
74.450000	 -76.361365
74.500000	 -76.361556
74.550000	 -76.361746
74.600000	 -76.361934
74.650000	 -76.362123
74.700000	 -76.362310
74.750000	 -76.362497
74.800000	 -76.362682
74.850000	 -76.362868
74.900000	 -76.363052
74.950000	 -76.363236
75.000000	 -76.363418
75.050000	 -76.363601
75.100000	 -76.363782
75.150000	 -76.363963
75.200000	 -76.364142
75.250000	 -76.364322
75.300000	 -76.364500
75.350000	 -76.364678
75.400000	 -76.364855
75.450000	 -76.365031
75.500000	 -76.365206
75.550000	 -76.365381
75.600000	 -76.365555
75.650000	 -76.365728
75.700000	 -76.365901
75.750000	 -76.366072
75.800000	 -76.366243
75.850000	 -76.366414
75.900000	 -76.366583
75.950000	 -76.366752
76.000000	 -76.366920
76.050000	 -76.367087
76.100000	 -76.367254
76.150000	 -76.367420
76.200000	 -76.367585
76.250000	 -76.367750
76.300000	 -76.367913
76.350000	 -76.368077
76.400000	 -76.368239
76.450000	 -76.368400
76.500000	 -76.368561
76.550000	 -76.368722
76.600000	 -76.368881
76.650000	 -76.369040
76.700000	 -76.369198
76.750000	 -76.369355
76.800000	 -76.369512
76.850000	 -76.369668
76.900000	 -76.369823
76.950000	 -76.369977
77.000000	 -76.370131
77.050000	 -76.370284
77.100000	 -76.370437
77.150000	 -76.370588
77.200000	 -76.370739
77.250000	 -76.370890
77.300000	 -76.371039
77.350000	 -76.371188
77.400000	 -76.371336
77.450000	 -76.371484
77.500000	 -76.371631
77.550000	 -76.371777
77.600000	 -76.371922
77.650000	 -76.372067
77.700000	 -76.372211
77.750000	 -76.372355
77.800000	 -76.372497
77.850000	 -76.372639
77.900000	 -76.372781
77.950000	 -76.372921
78.000000	 -76.373061
78.050000	 -76.373201
78.100000	 -76.373339
78.150000	 -76.373477
78.200000	 -76.373614
78.250000	 -76.373751
78.300000	 -76.373887
78.350000	 -76.374022
78.400000	 -76.374157
78.450000	 -76.374291
78.500000	 -76.374424
78.550000	 -76.374557
78.600000	 -76.374688
78.650000	 -76.374820
78.700000	 -76.374950
78.750000	 -76.375080
78.800000	 -76.375210
78.850000	 -76.375338
78.900000	 -76.375466
78.950000	 -76.375593
79.000000	 -76.375720
79.050000	 -76.375846
79.100000	 -76.375971
79.150000	 -76.376096
79.200000	 -76.376220
79.250000	 -76.376343
79.300000	 -76.376466
79.350000	 -76.376588
79.400000	 -76.376710
79.450000	 -76.376830
79.500000	 -76.376951
79.550000	 -76.377070
79.600000	 -76.377189
79.650000	 -76.377307
79.700000	 -76.377425
79.750000	 -76.377542
79.800000	 -76.377658
79.850000	 -76.377774
79.900000	 -76.377889
79.950000	 -76.378003
80.000000	 -76.378117
80.050000	 -76.378230
80.100000	 -76.378343
80.150000	 -76.378455
80.200000	 -76.378566
80.250000	 -76.378676
80.300000	 -76.378786
80.350000	 -76.378896
80.400000	 -76.379005
80.450000	 -76.379113
80.500000	 -76.379220
80.550000	 -76.379327
80.600000	 -76.379434
80.650000	 -76.379539
80.700000	 -76.379644
80.750000	 -76.379749
80.800000	 -76.379853
80.850000	 -76.379956
80.900000	 -76.380059
80.950000	 -76.380161
81.000000	 -76.380262
81.050000	 -76.380363
81.100000	 -76.380463
81.150000	 -76.380563
81.200000	 -76.380662
81.250000	 -76.380760
81.300000	 -76.380858
81.350000	 -76.380955
81.400000	 -76.381052
81.450000	 -76.381148
81.500000	 -76.381243
81.550000	 -76.381338
81.600000	 -76.381432
81.650000	 -76.381526
81.700000	 -76.381619
81.750000	 -76.381711
81.800000	 -76.381803
81.850000	 -76.381894
81.900000	 -76.381985
81.950000	 -76.382075
82.000000	 -76.382165
82.050000	 -76.382254
82.100000	 -76.382342
82.150000	 -76.382430
82.200000	 -76.382517
82.250000	 -76.382604
82.300000	 -76.382690
82.350000	 -76.382775
82.400000	 -76.382860
82.450000	 -76.382945
82.500000	 -76.383028
82.550000	 -76.383112
82.600000	 -76.383194
82.650000	 -76.383276
82.700000	 -76.383358
82.750000	 -76.383439
82.800000	 -76.383519
82.850000	 -76.383599
82.900000	 -76.383678
82.950000	 -76.383757
83.000000	 -76.383835
83.050000	 -76.383913
83.100000	 -76.383990
83.150000	 -76.384066
83.200000	 -76.384142
83.250000	 -76.384218
83.300000	 -76.384292
83.350000	 -76.384367
83.400000	 -76.384440
83.450000	 -76.384514
83.500000	 -76.384586
83.550000	 -76.384658
83.600000	 -76.384730
83.650000	 -76.384801
83.700000	 -76.384871
83.750000	 -76.384941
83.800000	 -76.385011
83.850000	 -76.385080
83.900000	 -76.385148
83.950000	 -76.385216
84.000000	 -76.385283
84.050000	 -76.385350
84.100000	 -76.385416
84.150000	 -76.385481
84.200000	 -76.385547
84.250000	 -76.385611
84.300000	 -76.385675
84.350000	 -76.385739
84.400000	 -76.385802
84.450000	 -76.385864
84.500000	 -76.385926
84.550000	 -76.385988
84.600000	 -76.386049
84.650000	 -76.386109
84.700000	 -76.386169
84.750000	 -76.386228
84.800000	 -76.386287
84.850000	 -76.386346
84.900000	 -76.386404
84.950000	 -76.386461
85.000000	 -76.386518
85.050000	 -76.386574
85.100000	 -76.386630
85.150000	 -76.386685
85.200000	 -76.386740
85.250000	 -76.386794
85.300000	 -76.386848
85.350000	 -76.386901
85.400000	 -76.386954
85.450000	 -76.387006
85.500000	 -76.387058
85.550000	 -76.387110
85.600000	 -76.387160
85.650000	 -76.387211
85.700000	 -76.387261
85.750000	 -76.387310
85.800000	 -76.387359
85.850000	 -76.387407
85.900000	 -76.387455
85.950000	 -76.387502
86.000000	 -76.387549
86.050000	 -76.387596
86.100000	 -76.387642
86.150000	 -76.387687
86.200000	 -76.387732
86.250000	 -76.387776
86.300000	 -76.387820
86.350000	 -76.387864
86.400000	 -76.387907
86.450000	 -76.387950
86.500000	 -76.387992
86.550000	 -76.388033
86.600000	 -76.388075
86.650000	 -76.388115
86.700000	 -76.388155
86.750000	 -76.388195
86.800000	 -76.388235
86.850000	 -76.388273
86.900000	 -76.388312
86.950000	 -76.388350
87.000000	 -76.388387
87.050000	 -76.388424
87.100000	 -76.388461
87.150000	 -76.388497
87.200000	 -76.388532
87.250000	 -76.388567
87.300000	 -76.388602
87.350000	 -76.388636
87.400000	 -76.388670
87.450000	 -76.388703
87.500000	 -76.388736
87.550000	 -76.388769
87.600000	 -76.388801
87.650000	 -76.388832
87.700000	 -76.388863
87.750000	 -76.388894
87.800000	 -76.388924
87.850000	 -76.388954
87.900000	 -76.388983
87.950000	 -76.389012
88.000000	 -76.389041
88.050000	 -76.389069
88.100000	 -76.389096
88.150000	 -76.389123
88.200000	 -76.389150
88.250000	 -76.389176
88.300000	 -76.389202
88.350000	 -76.389228
88.400000	 -76.389253
88.450000	 -76.389277
88.500000	 -76.389301
88.550000	 -76.389325
88.600000	 -76.389348
88.650000	 -76.389371
88.700000	 -76.389393
88.750000	 -76.389415
88.800000	 -76.389437
88.850000	 -76.389458
88.900000	 -76.389479
88.950000	 -76.389499
89.000000	 -76.389519
89.050000	 -76.389539
89.100000	 -76.389558
89.150000	 -76.389577
89.200000	 -76.389595
89.250000	 -76.389613
89.300000	 -76.389630
89.350000	 -76.389647
89.400000	 -76.389664
89.450000	 -76.389680
89.500000	 -76.389696
89.550000	 -76.389711
89.600000	 -76.389726
89.650000	 -76.389741
89.700000	 -76.389755
89.750000	 -76.389769
89.800000	 -76.389782
89.850000	 -76.389796
89.900000	 -76.389808
89.950000	 -76.389820
90.000000	 -76.389832
90.050000	 -76.389844
90.100000	 -76.389855
90.150000	 -76.389865
90.200000	 -76.389876
90.250000	 -76.389886
90.300000	 -76.389895
90.350000	 -76.389904
90.400000	 -76.389913
90.450000	 -76.389921
90.500000	 -76.389929
90.550000	 -76.389937
90.600000	 -76.389944
90.650000	 -76.389951
90.700000	 -76.389958
90.750000	 -76.389964
90.800000	 -76.389969
90.850000	 -76.389975
90.900000	 -76.389980
90.950000	 -76.389984
91.000000	 -76.389989
91.050000	 -76.389992
91.100000	 -76.389996
91.150000	 -76.389999
91.200000	 -76.390002
91.250000	 -76.390004
91.300000	 -76.390006
91.350000	 -76.390008
91.400000	 -76.390009
91.450000	 -76.390010
91.500000	 -76.390011
91.550000	 -76.390011
91.600000	 -76.390011
91.650000	 -76.390010
91.700000	 -76.390010
91.750000	 -76.390008
91.800000	 -76.390007
91.850000	 -76.390005
91.900000	 -76.390003
91.950000	 -76.390000
92.000000	 -76.389997
92.050000	 -76.389994
92.100000	 -76.389990
92.150000	 -76.389986
92.200000	 -76.389982
92.250000	 -76.389977
92.300000	 -76.389972
92.350000	 -76.389967
92.400000	 -76.389961
92.450000	 -76.389955
92.500000	 -76.389949
92.550000	 -76.389942
92.600000	 -76.389935
92.650000	 -76.389928
92.700000	 -76.389920
92.750000	 -76.389912
92.800000	 -76.389904
92.850000	 -76.389895
92.900000	 -76.389886
92.950000	 -76.389876
93.000000	 -76.389867
93.050000	 -76.389857
93.100000	 -76.389846
93.150000	 -76.389836
93.200000	 -76.389825
93.250000	 -76.389813
93.300000	 -76.389802
93.350000	 -76.389790
93.400000	 -76.389778
93.450000	 -76.389765
93.500000	 -76.389752
93.550000	 -76.389739
93.600000	 -76.389725
93.650000	 -76.389711
93.700000	 -76.389697
93.750000	 -76.389683
93.800000	 -76.389668
93.850000	 -76.389653
93.900000	 -76.389637
93.950000	 -76.389622
94.000000	 -76.389606
94.050000	 -76.389589
94.100000	 -76.389573
94.150000	 -76.389556
94.200000	 -76.389539
94.250000	 -76.389521
94.300000	 -76.389503
94.350000	 -76.389485
94.400000	 -76.389467
94.450000	 -76.389448
94.500000	 -76.389429
94.550000	 -76.389410
94.600000	 -76.389390
94.650000	 -76.389370
94.700000	 -76.389350
94.750000	 -76.389329
94.800000	 -76.389309
94.850000	 -76.389288
94.900000	 -76.389266
94.950000	 -76.389245
95.000000	 -76.389223
95.050000	 -76.389200
95.100000	 -76.389178
95.150000	 -76.389155
95.200000	 -76.389132
95.250000	 -76.389109
95.300000	 -76.389085
95.350000	 -76.389061
95.400000	 -76.389037
95.450000	 -76.389012
95.500000	 -76.388988
95.550000	 -76.388963
95.600000	 -76.388937
95.650000	 -76.388912
95.700000	 -76.388886
95.750000	 -76.388860
95.800000	 -76.388834
95.850000	 -76.388807
95.900000	 -76.388780
95.950000	 -76.388753
96.000000	 -76.388725
96.050000	 -76.388698
96.100000	 -76.388670
96.150000	 -76.388641
96.200000	 -76.388613
96.250000	 -76.388584
96.300000	 -76.388555
96.350000	 -76.388526
96.400000	 -76.388496
96.450000	 -76.388467
96.500000	 -76.388436
96.550000	 -76.388406
96.600000	 -76.388376
96.650000	 -76.388345
96.700000	 -76.388314
96.750000	 -76.388282
96.800000	 -76.388251
96.850000	 -76.388219
96.900000	 -76.388187
96.950000	 -76.388155
97.000000	 -76.388122
97.050000	 -76.388089
97.100000	 -76.388056
97.150000	 -76.388023
97.200000	 -76.387989
97.250000	 -76.387955
97.300000	 -76.387921
97.350000	 -76.387887
97.400000	 -76.387853
97.450000	 -76.387818
97.500000	 -76.387783
97.550000	 -76.387748
97.600000	 -76.387712
97.650000	 -76.387677
97.700000	 -76.387641
97.750000	 -76.387604
97.800000	 -76.387568
97.850000	 -76.387531
97.900000	 -76.387495
97.950000	 -76.387457
98.000000	 -76.387420
98.050000	 -76.387383
98.100000	 -76.387345
98.150000	 -76.387307
98.200000	 -76.387269
98.250000	 -76.387230
98.300000	 -76.387192
98.350000	 -76.387153
98.400000	 -76.387114
98.450000	 -76.387074
98.500000	 -76.387035
98.550000	 -76.386995
98.600000	 -76.386955
98.650000	 -76.386915
98.700000	 -76.386874
98.750000	 -76.386834
98.800000	 -76.386793
98.850000	 -76.386752
98.900000	 -76.386710
98.950000	 -76.386669
99.000000	 -76.386627
99.050000	 -76.386585
99.100000	 -76.386543
99.150000	 -76.386501
99.200000	 -76.386458
99.250000	 -76.386416
99.300000	 -76.386373
99.350000	 -76.386330
99.400000	 -76.386286
99.450000	 -76.386243
99.500000	 -76.386199
99.550000	 -76.386155
99.600000	 -76.386111
99.650000	 -76.386067
99.700000	 -76.386022
99.750000	 -76.385977
99.800000	 -76.385932
99.850000	 -76.385887
99.900000	 -76.385842
99.950000	 -76.385796
100.000000	 -76.385751
