-96
-95.442
-94.8571
-94.2543
-93.6389
-93.0155
-92.3874
-91.7539
-91.1062
-90.4229
-89.6428
-88.687
-87.59
-86.503
-85.5395
-84.7665
-84.1972
-83.7503
-83.3307
-82.8997
-82.449
-81.98
-81.4971
-81.0055
-80.5111
-80.0199
-79.5373
-79.067
-78.611
-78.169
-77.7398
-77.3209
-76.9098
-76.5042
-76.1021
-75.7021
-75.3031
-74.9044
-74.5054
-74.1057
-73.7047
-73.3018
-72.8963
-72.4869
-72.0725
-71.6513
-71.2213
-70.7802
-70.3251
-69.8525
-69.3582
-68.8365
-68.2803
-67.6798
-67.0214
-66.2849
-65.4388
-64.431
-63.1665
-61.4481
-58.7821
-53.4906
-36.6545
16.094
3.95524
-27.5337
-39.9919
-50.7124
-58.1927
-61.0074
-61.2194
-60.2733
-58.5938
-55.9899
-51.7031
-43.8908
-26.6011
1.98441
-15.5904
-29.8096
-39.4047
-47.783
-53.5375
-55.5617
-55.0696
-53.2093
-50.2948
-45.8858
-38.1873
-22.0081
-6.24671
-19.1324
-30.436
-39.1397
-47.0329
-52.817
-55.2683
-55.2889
-53.977
-51.7427
-48.3875
-42.8839
-31.738
-11.1615
-10.3072
-24.8329
-34.747
-43.4718
-51.2936
-56.0782
-57.6152
-57.3094
-56.0542
-54.084
-51.172
-46.4815
-37.3783
-16.9135
-2.91442
-21.0885
-32.6264
-42.0805
-51.1191
-57.3813
-59.8981
-60.2658
-59.6792
-58.5966
-57.0964
-55.0298
-51.9426
-46.5528
-34.472
-6.96596
-3.81243
-24.5439
-35.8312
-45.8808
-55.0468
-60.3959
-62.3336
-62.6958
-62.4286
-61.8661
-61.0892
-60.0803
-58.7774
-57.0742
-54.7583
-51.2636
-44.5574
-26.0859
7.17003
-12.909
-29.1898
-39.8335
-50.1666
-58.5056
-62.6528
-64.1663
-64.5944
-64.5868
-64.3533
-63.9298
-63.2898
-62.3906
-61.19
-59.6389
-57.6619
-55.0824
-51.2612
-43.4772
-20.6096
12.4537
-16.2103
-31.3099
-42.0186
-52.5133
-60.2811
-63.9639
-65.4424
-66.051
-66.3152
-66.3949
-66.3044
-66.0015
-65.4202
-64.5004
-63.2171
-61.5679
-59.5521
-57.154
-54.1347
-49.2823
-36.7162
-2.74949
6.68354
-23.5162
-36.199
-46.992
-56.78
-62.6263
-65.2365
-66.4393
-67.1189
-67.5916
-67.9426
-68.1785
-68.2774
-68.1937
-67.8455
-67.1005
-65.8034
-63.8081
-60.9608
-57.2376
-52.191
-42.5353
-13.1082
17.7012
-19.3105
-33.9173
-45.1238
-55.7448
-62.588
-65.6896
-67.0879
-67.8552
-68.3887
-68.8174
-69.1866
-69.521
-69.838
-70.1443
-70.4292
-70.6625
-70.7972
-70.7693
-70.509
-70.005
-69.3831
-68.8158
-68.4131
-68.2307
-68.2708
-68.4949
-68.8543
-69.3042
-69.7964
-70.27
-70.6304
-70.6673
-70.2523
-69.5016
-68.6962
-68.1424
-67.9289
-67.9746
-68.1374
-68.3098
-68.5362
-68.8878
-69.3847
-69.9742
-70.5569
-71.1035
-71.6481
-72.2229
-72.8375
-73.4706
-74.0824
-74.6519
-75.1763
-75.6574
-76.0958
-76.4906
-76.8373
-77.1222
-77.3148
-77.3682
-77.2095
-76.7504
-76.0915
-75.5531
-75.2943
-75.3863
-75.8006
-76.3695
-76.9358
-77.4451
-77.8976
-78.3042
-78.6726
-79.0077
-79.3139
-79.5962
-79.8595
-80.1084
-80.3464
-80.5753
-80.7952
-81.0055
-81.2056
-81.3951
-81.5744
-81.7437
-81.9035
-82.0544
-82.197
-82.3318
-82.4593
-82.58
-82.6944
-82.8027
-82.9055
-83.003
-83.0955
-83.1833
-83.2667
-83.3459
-83.4211
-83.4925
-83.5604
-83.6248
-83.6859
-83.744
-83.7991
-83.8513
-83.9008
-83.9478
-83.9922
-84.0343
-84.0741
-84.1117
-84.1471
-84.1806
-84.2121
-84.2417
-84.2696
-84.2957
-84.3201
-84.3429
-84.3642
-84.3839
-84.4022
-84.4191
-84.4347
-84.449
-84.462
-84.4738
-84.4844
-84.4939
-84.5023
-84.5096
-84.5159
-84.5212
-84.5255
-84.5289
-84.5315
-84.5331
-84.5339
-84.534
-84.5332
-84.5316
-84.5294
-84.5264
-84.5228
-84.5184
-84.5135
-84.5079
-84.5018
-84.4951
-84.4878
-84.48
-84.4716
-84.4628
-84.4535
-84.4438
-84.4336
-84.423
-84.412
-84.4006
-84.3888
-84.3766
-84.3641
-84.3513
-84.3382
-84.3248
-84.3111
-84.2971
-84.2828
-84.2683
-84.2536
-84.2386
-84.2234
-84.2081
-84.1925
-84.1768
-84.1609
-84.1448
-84.1286
-84.1122
-84.0957
-84.0791
-84.0624
-84.0456
-84.0287
-84.0117
-83.9947
-83.9775
-83.9603
-83.9431
-83.9258
-83.9084
-83.8911
-83.8737
-83.8563
-83.8389
-83.8214
-83.804
-83.7866
-83.7691
-83.7517
-83.7344
-83.717
-83.6997
-83.6824
-83.6651
-83.6479
-83.6308
-83.6137
-83.5966
-83.5796
-83.5627
-83.5459
-83.5291
-83.5124
-83.4957
-83.4792
-83.4627
-83.4463
-83.43
-83.4138
-83.3977
-83.3817
-83.3657
-83.3499
-83.3342
-83.3186
-83.303
-83.2876
-83.2723
-83.2571
-83.242
-83.227
-83.2122
-83.1974
-83.1828
-83.1683
-83.1539
-83.1396
-83.1254
-83.1114
-83.0975
-83.0837
-83.07
-83.0564
-83.043
-83.0297
-83.0165
-83.0034
-82.9905
-82.9777
-82.965
-82.9524
-82.94
-82.9277
-82.9155
-82.9034
-82.8915
-82.8797
-82.868
-82.8564
-82.845
-82.8336
-82.8224
-82.8114
-82.8004
-82.7896
-82.7789
-82.7683
-82.7578
-82.7475
-82.7373
-82.7272
-82.7172
-82.7073
-82.6976
-82.688
-82.6785
-82.6691
-82.6598
-82.6506
-82.6416
-82.6326
-82.6238
-82.6151
-82.6065
-82.598
-82.5896
-82.5814
-82.5732
-82.5651
-82.5572
-82.5493
-82.5416
-82.534
-82.5264
-82.519
-82.5117
-82.5044
-82.4973
-82.4903
-82.4833
-82.4765
-82.4698
-82.4631
-82.4566
-82.4501
-82.4437
-82.4374
-82.4313
-82.4252
-82.4191
-82.4132
-82.4074
-82.4016
-82.396
-82.3904
-82.3849
-82.3795
-82.3741
-82.3689
-82.3637
-82.3586
-82.3535
-82.3486
-82.3437
-82.3389
-82.3342
-82.3295
-82.325
-82.3204
-82.316
-82.3116
-82.3073
-82.3031
-82.2989
-82.2948
-82.2908
-82.2868
-82.2829
-82.279
-82.2753
-82.2715
-82.2679
-82.2643
-82.2607
-82.2572
-82.2538
-82.2504
-82.2471
-82.2438
-82.2406
-82.2374
-82.2343
-82.2313
-82.2283
-82.2253
-82.2224
-82.2196
-82.2167
-82.214
-82.2113
-82.2086
-82.206
-82.2034
-82.2009
-82.1984
-82.1959
-82.1935
-82.1912
-82.1888
-82.1866
-82.1843
-82.1821
-82.18
-82.1778
-82.1757
-82.1737
-82.1717
-82.1697
-82.1678
-82.1658
-82.164
-82.1621
-82.1603
-82.1586
-82.1568
-82.1551
-82.1534
-82.1518
-82.1501
-82.1486
-82.147
-82.1455
-82.144
-82.1425
-82.141
-82.1396
-82.1382
-82.1369
-82.1355
-82.1342
-82.1329
-82.1316
-82.1304
-82.1292
-82.128
-82.1268
-82.1256
-82.1245
-82.1234
-82.1223
-82.1212
-82.1202
-82.1192
-82.1182
-82.1172
-82.1162
-82.1153
-82.1143
-82.1134
-82.1125
-82.1116
-82.1108
-82.1099
-82.1091
-82.1083
-82.1075
-82.1067
-82.106
-82.1052
-82.1045
-82.1038
-82.103
-82.1024
-82.1017
-82.101
-82.1004
-82.0997
-82.0991
-82.0985
-82.0979
-82.0973
-82.0967
-82.0962
-82.0956
-82.0951
-82.0945
-82.094
-82.0935
-82.093
-82.0925
-82.092
-82.0916
-82.0911
-82.0907
-82.0902
-82.0898
-82.0894
-82.0889
-82.0885
-82.0881
-82.0878
-82.0874
-82.087
-82.0866
-82.0863
-82.0859
-82.0856
-82.0852
-82.0849
-82.0846
-82.0843
-82.0839
-82.0836
-82.0833
-82.0831
-82.0828
-82.0825
-82.0822
-82.0819
-82.0817
-82.0814
-82.0812
-82.0809
-82.0807
-82.0804
-82.0802
-82.08
-82.0797
-82.0795
-82.0793
-82.0791
-82.0789
-82.0787
-82.0785
-82.0783
-82.0781
-82.0779
-82.0777
-82.0775
-82.0774
-82.0772
-82.077
-82.0769
-82.0767
-82.0765
-82.0764
-82.0762
-82.0761
-82.0759
-82.0758
-82.0756
-82.0755
-82.0753
-82.0752
-82.0751
-82.0749
-82.0748
-82.0747
-82.0746
-82.0744
-82.0743
-82.0742
-82.0741
-82.074
-82.0739
-82.0737
-82.0736
-82.0735
-82.0734
-82.0733
-82.0732
-82.0731
-82.073
-82.0729
-82.0728
-82.0727
-82.0726
-82.0726
-82.0725
-82.0724
-82.0723
-82.0722
-82.0721
-82.072
-82.0719
-82.0719
-82.0718
-82.0717
-82.0716
-82.0715
-82.0715
-82.0714
-82.0713
-82.0712
-82.0712
-82.0711
-82.071
-82.071
-82.0709
-82.0708
-82.0708
-82.0707
-82.0706
-82.0706
-82.0705
-82.0704
-82.0704
-82.0703
-82.0702
-82.0702
-82.0701
-82.0701
-82.07
-82.0699
-82.0699
-82.0698
-82.0698
-82.0697
-82.0696
-82.0696
-82.0695
-82.0695
-82.0694
-82.0694
-82.0693
-82.0693
-82.0692
-82.0691
-82.0691
-82.069
-82.069
-82.0689
-82.0689
-82.0688
-82.0688
-82.0687
-82.0687
-82.0686
-82.0686
-82.0685
-82.0685
-82.0684
-82.0684
-82.0683
-82.0683
-82.0682
-82.0682
-82.0681
-82.0681
-82.068
-82.068
-82.0679
-82.0679
-82.0679
-82.0678
-82.0678
-82.0677
-82.0677
-82.0676
-82.0676
-82.0675
-82.0675
-82.0674
-82.0674
-82.0674
-82.0673
-82.0673
-82.0672
-82.0672
-82.0671
-82.0671
-82.067
-82.067
-82.067
-82.0669
-82.0669
-82.0668
-82.0668
-82.0667
-82.0667
-82.0667
-82.0666
-82.0666
-82.0665
-82.0665
-82.0665
-82.0664
-82.0664
-82.0663
-82.0663
-82.0662
-82.0662
-82.0662
-82.0661
-82.0661
-82.066
-82.066
-82.066
-82.0659
-82.0659
-82.0658
-82.0658
-82.0658
-82.0657
-82.0657
-82.0656
-82.0656
-82.0656
-82.0655
-82.0655
-82.0655
-82.0654
-82.0654
-82.0653
-82.0653
-82.0653
-82.0652
-82.0652
-82.0652
-82.0651
-82.0651
-82.065
-82.065
-82.065
-82.0649
-82.0649
-82.0649
-82.0648
-82.0648
-82.0647
-82.0647
-82.0647
-82.0646
-82.0646
-82.0646
-82.0645
-82.0645
-82.0645
-82.0644
-82.0644
-82.0644
-82.0643
-82.0643
-82.0643
-82.0642
-82.0642
-82.0642
-82.0641
-82.0641
-82.0641
-82.064
-82.064
-82.064
-82.0639
-82.0639
-82.0639
-82.0638
-82.0638
-82.0638
-82.0637
-82.0637
-82.0637
-82.0636
-82.0636
-82.0636
-82.0635
-82.0635
-82.0635
-82.0634
-82.0634
-82.0634
-82.0633
-82.0633
-82.0633
-82.0633
-82.0632
-82.0632
-82.0632
-82.0631
-82.0631
-82.0631
-82.063
-82.063
-82.063
-82.063
-82.0629
-82.0629
-82.0629
-82.0628
-82.0628
-82.0628
-82.0628
-82.0627
-82.0627
-82.0627
-82.0626
-82.0626
-82.0626
-82.0626
-82.0625
-82.0625
-82.0625
-82.0625
-82.0624
-82.0624
-82.0624
-82.0624
-82.0623
-82.0623
-82.0623
-82.0622
-82.0622
-82.0622
-82.0622
-82.0621
-82.0621
-82.0621
-82.0621
-82.062
-82.062
-82.062
-82.062
-82.062
-82.0619
-82.0619
-82.0619
-82.0619
-82.0618
-82.0618
-82.0618
-82.0618
-82.0617
-82.0617
-82.0617
-82.0617
-82.0616
-82.0616
-82.0616
-82.0616
-82.0616
-82.0615
-82.0615
-82.0615
-82.0615
-82.0614
-82.0614
-82.0614
-82.0614
-82.0614
-82.0613
-82.0613
-82.0613
-82.0613
-82.0613
-82.0612
-82.0612
-82.0612
-82.0612
-82.0612
-82.0611
-82.0611
-82.0611
-82.0611
-82.0611
-82.061
-82.061
-82.061
-82.061
-82.061
-82.0609
-82.0609
-82.0609
-82.0609
-82.0609
-82.0609
-82.0608
-82.0608
-82.0608
-82.0608
-82.0608
-82.0607
-82.0607
-82.0607
-82.0607
-82.0607
-82.0607
-82.0606
-82.0606
-82.0606
-82.0606
-82.0606
-82.0606
-82.0605
-82.0605
-82.0605
-82.0605
-82.0605
-82.0605
-82.0604
-82.0604
-82.0604
-82.0604
-82.0604
-82.0604
-82.0604
-82.0603
-82.0603
-82.0603
-82.0603
-82.0603
-82.0603
-82.0603
-82.0602
-82.0602
-82.0602
-82.0602
-82.0602

