-87
-86.6529
-86.2619
-85.8346
-85.3854
-84.9282
-84.4732
-84.0271
-83.5937
-83.1752
-82.7725
-82.3855
-82.0139
-81.6569
-81.3137
-80.9835
-80.6655
-80.359
-80.0632
-79.7774
-79.501
-79.2331
-78.9732
-78.7205
-78.4745
-78.2344
-77.9997
-77.7699
-77.5444
-77.3229
-77.1048
-76.8899
-76.6778
-76.4682
-76.2607
-76.0552
-75.8515
-75.6492
-75.4482
-75.2483
-75.0494
-74.8512
-74.6538
-74.4568
-74.2601
-74.0636
-73.8672
-73.6707
-73.4741
-73.2773
-73.08
-72.8824
-72.6842
-72.4855
-72.2861
-72.086
-71.8852
-71.6835
-71.4811
-71.2777
-71.0735
-70.8684
-70.6623
-70.4554
-70.2475
-70.0387
-69.829
-69.6184
-69.407
-69.1947
-68.9817
-68.768
-68.5535
-68.3384
-68.1227
-67.9065
-67.6899
-67.4729
-67.2556
-67.0382
-66.8206
-66.6031
-66.3857
-66.1685
-65.9517
-65.7354
-65.5197
-65.3048
-65.0908
-64.8779
-64.6664
-64.4564
-64.2481
-64.0418
-63.8376
-63.6359
-63.4371
-63.2414
-63.0491
-62.8606
-62.6764
-62.497
-62.3229
-62.1547
-61.9929
-61.8383
-61.6915
-61.5534
-61.425
-61.3072
-61.201
-61.1073
-61.0273
-60.9621
-60.9127
-60.8803
-60.8658
-60.8699
-60.8936
-60.9371
-61.0007
-61.0844
-61.1878
-61.3102
-61.4509
-61.6087
-61.7823
-61.9703
-62.1712
-62.3836
-62.606
-62.8374
-63.0764
-63.3219
-63.5731
-63.829
-64.0889
-64.3522
-64.6182
-64.8865
-65.1565
-65.4279
-65.7001
-65.9729
-66.2459
-66.5188
-66.7913
-67.063
-67.3338
-67.6034
-67.8715
-68.1379
-68.4024
-68.6647
-68.9247
-69.1822
-69.4371
-69.6891
-69.938
-70.1838
-70.4263
-70.6655
-70.901
-71.133
-71.3611
-71.5855
-71.806
-72.0224
-72.2348
-72.4431
-72.6473
-72.8473
-73.0431
-73.2346
-73.4218
-73.6048
-73.7835
-73.9579
-74.1281
-74.294
-74.4557
-74.6131
-74.7664
-74.9156
-75.0606
-75.2016
-75.3386
-75.4716
-75.6007
-75.7259
-75.8473
-75.965
-76.079
-76.1893
-76.2961
-76.3994
-76.4992
-76.5957
-76.6889
-76.7788
-76.8656
-76.9493
-77.0299
-77.1076
-77.1824
-77.2544
-77.3235
-77.39
-77.4539
-77.5151
-77.5739
-77.6302
-77.6841
-77.7357
-77.785
-77.8322
-77.8772
-77.9201
-77.9609
-77.9998
-78.0368
-78.0719
-78.1052
-78.1368
-78.1666
-78.1947
-78.2212
-78.2461
-78.2695
-78.2914
-78.3118
-78.3309
-78.3485
-78.3649
-78.3799
-78.3937
-78.4063
-78.4178
-78.428
-78.4372
-78.4453
-78.4524
-78.4585
-78.4636
-78.4677
-78.471
-78.4733
-78.4749
-78.4755
-78.4754
-78.4745
-78.4729
-78.4705
-78.4674
-78.4637
-78.4593
-78.4543
-78.4487
-78.4424
-78.4357
-78.4283
-78.4205
-78.4121
-78.4033
-78.3939
-78.3842
-78.374
-78.3634
-78.3523
-78.3409
-78.3291
-78.317
-78.3046
-78.2918
-78.2787
-78.2653
-78.2516
-78.2376
-78.2234
-78.2089
-78.1943
-78.1793
-78.1642
-78.1489
-78.1334
-78.1177
-78.1019
-78.0858
-78.0697
-78.0534
-78.037
-78.0204
-78.0038
-77.987
-77.9702
-77.9532
-77.9362
-77.9191
-77.902
-77.8848
-77.8675
-77.8502
-77.8329
-77.8155
-77.7981
-77.7807
-77.7632
-77.7458
-77.7283
-77.7109
-77.6934
-77.676
-77.6586
-77.6412
-77.6238
-77.6065
-77.5892
-77.572
-77.5548
-77.5377
-77.5206
-77.5035
-77.4866
-77.4697
-77.4529
-77.4361
-77.4195
-77.4029
-77.3864
-77.37
-77.3537
-77.3375
-77.3214
-77.3054
-77.2895
-77.2737
-77.258
-77.2425
-77.2271
-77.2117
-77.1965
-77.1815
-77.1665
-77.1517
-77.137
-77.1224
-77.108
-77.0937
-77.0796
-77.0656
-77.0517
-77.038
-77.0244
-77.011
-76.9977
-76.9845
-76.9716
-76.9587
-76.946
-76.9335
-76.9211
-76.9089
-76.8968
-76.8848
-76.8731
-76.8614
-76.85
-76.8387
-76.8275
-76.8165
-76.8056
-76.7949
-76.7844
-76.774
-76.7638
-76.7537
-76.7438
-76.734
-76.7244
-76.7149
-76.7056
-76.6964
-76.6874
-76.6785
-76.6698
-76.6613
-76.6528
-76.6446
-76.6365
-76.6285
-76.6207
-76.613
-76.6055
-76.5982
-76.591
-76.5839
-76.577
-76.5702
-76.5635
-76.5571
-76.5507
-76.5445
-76.5384
-76.5325
-76.5267
-76.5211
-76.5156
-76.5102
-76.505
-76.4999
-76.4949
-76.4901
-76.4854
-76.4808
-76.4764
-76.4721
-76.4679
-76.4639
-76.4599
-76.4561
-76.4524
-76.4489
-76.4454
-76.4421
-76.4389
-76.4358
-76.4329
-76.43
-76.4272
-76.4246
-76.4221
-76.4197
-76.4173
-76.4151
-76.413
-76.411
-76.4091
-76.4073
-76.4056
-76.404
-76.4025
-76.401
-76.3997
-76.3984
-76.3973
-76.3962
-76.3952
-76.3943
-76.3935
-76.3928
-76.3921
-76.3915
-76.391
-76.3906
-76.3902
-76.3899
-76.3897
-76.3895
-76.3895
-76.3894
-76.3895
-76.3896
-76.3898
-76.39
-76.3903
-76.3906
-76.391
-76.3915
-76.392
-76.3925
-76.3931
-76.3938
-76.3945
-76.3953
-76.396
-76.3969
-76.3978
-76.3987
-76.3996
-76.4006
-76.4016
-76.4027
-76.4038
-76.4049
-76.4061
-76.4073
-76.4085
-76.4098
-76.411
-76.4124
-76.4137
-76.415
-76.4164
-76.4178
-76.4192
-76.4207
-76.4221
-76.4236
-76.4251
-76.4266
-76.4281
-76.4296
-76.4312
-76.4327
-76.4343
-76.4358
-76.4374
-76.439
-76.4406
-76.4422
-76.4438
-76.4455
-76.4471
-76.4487
-76.4503
-76.452
-76.4536
-76.4552
-76.4568
-76.4585
-76.4601
-76.4617
-76.4633
-76.465
-76.4666
-76.4682
-76.4698
-76.4714
-76.473
-76.4746
-76.4762
-76.4777
-76.4793
-76.4809
-76.4824
-76.484
-76.4855
-76.487
-76.4885
-76.49
-76.4915
-76.493
-76.4945
-76.4959
-76.4974
-76.4988
-76.5002
-76.5016
-76.503
-76.5044
-76.5057
-76.5071
-76.5084
-76.5097
-76.511
-76.5123
-76.5136
-76.5149
-76.5161
-76.5173
-76.5186
-76.5198
-76.5209
-76.5221
-76.5232
-76.5244
-76.5255
-76.5266
-76.5277
-76.5288
-76.5298
-76.5308
-76.5319
-76.5329
-76.5338
-76.5348
-76.5358
-76.5367
-76.5376
-76.5385
-76.5394
-76.5403
-76.5411
-76.542
-76.5428
-76.5436
-76.5444
-76.5452
-76.5459
-76.5467
-76.5474
-76.5481
-76.5488
-76.5495
-76.5501
-76.5508
-76.5514
-76.552
-76.5526
-76.5532
-76.5538
-76.5543
-76.5549
-76.5554
-76.5559
-76.5564
-76.5569
-76.5574
-76.5578
-76.5582
-76.5587
-76.5591
-76.5595
-76.5599
-76.5603
-76.5606
-76.561
-76.5613
-76.5616
-76.5619
-76.5622
-76.5625
-76.5628
-76.5631
-76.5633
-76.5636
-76.5638
-76.564
-76.5642
-76.5644
-76.5646
-76.5648
-76.5649
-76.5651
-76.5652
-76.5654
-76.5655
-76.5656
-76.5657
-76.5658
-76.5659
-76.566
-76.5661
-76.5662
-76.5662
-76.5663
-76.5663
-76.5664
-76.5664
-76.5664
-76.5664
-76.5664
-76.5664
-76.5664
-76.5664
-76.5664
-76.5664
-76.5663
-76.5663
-76.5662
-76.5662
-76.5661
-76.5661
-76.566
-76.5659
-76.5659
-76.5658
-76.5657
-76.5656
-76.5655
-76.5654
-76.5653
-76.5652
-76.5651
-76.565
-76.5649
-76.5648
-76.5646
-76.5645
-76.5644
-76.5642
-76.5641
-76.564
-76.5638
-76.5637
-76.5635
-76.5634
-76.5633
-76.5631
-76.5629
-76.5628
-76.5626
-76.5625
-76.5623
-76.5622
-76.562
-76.5618
-76.5617
-76.5615
-76.5613
-76.5612
-76.561
-76.5608
-76.5607
-76.5605
-76.5603
-76.5602
-76.56
-76.5598
-76.5596
-76.5595
-76.5593
-76.5591
-76.559
-76.5588
-76.5586
-76.5585
-76.5583
-76.5581
-76.558
-76.5578
-76.5576
-76.5575
-76.5573
-76.5571
-76.557
-76.5568
-76.5566
-76.5565
-76.5563
-76.5562
-76.556
-76.5558
-76.5557
-76.5555
-76.5554
-76.5552
-76.5551
-76.5549
-76.5548
-76.5546
-76.5545
-76.5543
-76.5542
-76.5541
-76.5539
-76.5538
-76.5536
-76.5535
-76.5534
-76.5533
-76.5531
-76.553
-76.5529
-76.5527
-76.5526
-76.5525
-76.5524
-76.5523
-76.5521
-76.552
-76.5519
-76.5518
-76.5517
-76.5516
-76.5515
-76.5514
-76.5513
-76.5512
-76.5511
-76.551
-76.5509
-76.5508
-76.5507
-76.5506
-76.5505
-76.5504
-76.5504
-76.5503
-76.5502
-76.5501
-76.55
-76.55
-76.5499
-76.5498
-76.5498
-76.5497
-76.5496
-76.5496
-76.5495
-76.5494
-76.5494
-76.5493
-76.5493
-76.5492
-76.5491
-76.5491
-76.549
-76.549
-76.5489
-76.5489
-76.5489
-76.5488
-76.5488
-76.5487
-76.5487
-76.5487
-76.5486
-76.5486
-76.5486
-76.5485
-76.5485
-76.5485
-76.5484
-76.5484
-76.5484
-76.5484
-76.5483
-76.5483
-76.5483
-76.5483
-76.5483
-76.5482
-76.5482
-76.5482
-76.5482
-76.5482
-76.5482
-76.5482
-76.5482
-76.5481
-76.5481
-76.5481
-76.5481
-76.5481
-76.5481
-76.5481
-76.5481
-76.5481
-76.5481
-76.5481
-76.5481
-76.5481
-76.5481
-76.5481
-76.5481
-76.5481
-76.5482
-76.5482
-76.5482
-76.5482
-76.5482
-76.5482
-76.5482
-76.5482
-76.5482
-76.5482
-76.5483
-76.5483
-76.5483
-76.5483
-76.5483
-76.5483
-76.5483
-76.5484
-76.5484
-76.5484
-76.5484
-76.5484
-76.5484
-76.5485
-76.5485
-76.5485
-76.5485
-76.5485
-76.5486
-76.5486
-76.5486
-76.5486
-76.5486
-76.5487
-76.5487
-76.5487
-76.5487
-76.5487
-76.5488
-76.5488
-76.5488
-76.5488
-76.5489
-76.5489
-76.5489
-76.5489
-76.5489
-76.549
-76.549
-76.549
-76.549
-76.5491
-76.5491
-76.5491
-76.5491
-76.5492
-76.5492
-76.5492
-76.5492
-76.5492
-76.5493
-76.5493
-76.5493
-76.5493
-76.5494
-76.5494
-76.5494
-76.5494
-76.5495
-76.5495
-76.5495
-76.5495
-76.5495
-76.5496
-76.5496
-76.5496
-76.5496
-76.5497
-76.5497
-76.5497
-76.5497
-76.5497
-76.5498
-76.5498
-76.5498
-76.5498
-76.5498
-76.5499
-76.5499
-76.5499
-76.5499
-76.5499
-76.55
-76.55
-76.55
-76.55
-76.55
-76.5501
-76.5501
-76.5501
-76.5501
-76.5501
-76.5501
-76.5502
-76.5502
-76.5502
-76.5502
-76.5502
-76.5502
-76.5503
-76.5503
-76.5503
-76.5503
-76.5503
-76.5503
-76.5503
-76.5504
-76.5504
-76.5504
-76.5504
-76.5504
-76.5504
-76.5504
-76.5505
-76.5505
-76.5505
-76.5505
-76.5505
-76.5505
-76.5505
-76.5505
-76.5506
-76.5506
-76.5506
-76.5506
-76.5506
-76.5506
-76.5506
-76.5506
-76.5506
-76.5506
-76.5507
-76.5507
-76.5507
-76.5507
-76.5507
-76.5507
-76.5507
-76.5507
-76.5507
-76.5507
-76.5507
-76.5507
-76.5508
-76.5508
-76.5508
-76.5508
-76.5508
-76.5508
-76.5508
-76.5508
-76.5508
-76.5508
-76.5508
-76.5508
-76.5508
-76.5508
-76.5508
-76.5508
-76.5509
-76.5509
-76.5509
-76.5509
-76.5509
-76.5509
-76.5509
-76.5509
-76.5509
-76.5509
-76.5509
-76.5509
-76.5509
-76.5509
-76.5509
-76.5509
-76.5509
-76.5509
-76.5509
-76.5509
-76.5509
-76.5509
-76.5509
-76.5509
-76.5509
-76.5509
-76.5509
-76.5509
-76.5509
-76.5509
-76.5509
-76.5509
-76.5509
-76.5509
-76.5509
-76.5509
-76.5509
-76.551
-76.551
-76.551
-76.551
-76.551
-76.551
-76.551
-76.551
-76.551
-76.551
-76.551
-76.551
-76.551
-76.551
-76.551
-76.551
-76.551
-76.551
-76.551
-76.551
-76.551
-76.551
-76.551
-76.551
-76.551
-76.551
-76.551
-76.551
-76.551
-76.551
-76.551
-76.551
-76.551
-76.551
-76.551
-76.551
-76.551
-76.551
-76.551
-76.551
-76.551
-76.551
-76.551
-76.551
-76.551
-76.551
-76.551
-76.551

