0.000000	 -76.550956
0.050000	 -76.550956
0.100000	 -76.550956
0.150000	 -76.550956
0.200000	 -76.550956
0.250000	 -76.550956
0.300000	 -76.550956
0.350000	 -76.550956
0.400000	 -76.550956
0.450000	 -76.550956
0.500000	 -76.550955
0.550000	 -76.550955
0.600000	 -76.550955
0.650000	 -76.550955
0.700000	 -76.550955
0.750000	 -76.550955
0.800000	 -76.550955
0.850000	 -76.550955
0.900000	 -76.550955
0.950000	 -76.550955
1.000000	 -76.550955
1.050000	 -76.550955
1.100000	 -76.550955
1.150000	 -76.550955
1.200000	 -76.550955
1.250000	 -76.550955
1.300000	 -76.550955
1.350000	 -76.550955
1.400000	 -76.550955
1.450000	 -76.550955
1.500000	 -76.550955
1.550000	 -76.550955
1.600000	 -76.550955
1.650000	 -76.550955
1.700000	 -76.550955
1.750000	 -76.550954
1.800000	 -76.550954
1.850000	 -76.550954
1.900000	 -76.550954
1.950000	 -76.550954
2.000000	 -76.550954
2.050000	 -76.550954
2.100000	 -76.550954
2.150000	 -76.550954
2.200000	 -76.550954
2.250000	 -76.550954
2.300000	 -76.550954
2.350000	 -76.550954
2.400000	 -76.550954
2.450000	 -76.550954
2.500000	 -76.550954
2.550000	 -76.550954
2.600000	 -76.550954
2.650000	 -76.550954
2.700000	 -76.550954
2.750000	 -76.550954
2.800000	 -76.550954
2.850000	 -76.550954
2.900000	 -76.550954
2.950000	 -76.550954
3.000000	 -76.550953
3.050000	 -76.550953
3.100000	 -76.550953
3.150000	 -76.550953
3.200000	 -76.550953
3.250000	 -76.550953
3.300000	 -76.550953
3.350000	 -76.550953
3.400000	 -76.550953
3.450000	 -76.550953
3.500000	 -76.550953
3.550000	 -76.550953
3.600000	 -76.550953
3.650000	 -76.550953
3.700000	 -76.550953
3.750000	 -76.550953
3.800000	 -76.550953
3.850000	 -76.550953
3.900000	 -76.550953
3.950000	 -76.550953
4.000000	 -76.550953
4.050000	 -76.550953
4.100000	 -76.550953
4.150000	 -76.550953
4.200000	 -76.550952
4.250000	 -76.550952
4.300000	 -76.550952
4.350000	 -76.550952
4.400000	 -76.550952
4.450000	 -76.550952
4.500000	 -76.550952
4.550000	 -76.550952
4.600000	 -76.550952
4.650000	 -76.550952
4.700000	 -76.550952
4.750000	 -76.550952
4.800000	 -76.550952
4.850000	 -76.550952
4.900000	 -76.550952
4.950000	 -76.550952
5.000000	 -76.550952
5.050000	 -76.550951
5.100000	 -76.550946
5.150000	 -76.550927
5.200000	 -76.550879
5.250000	 -76.550775
5.300000	 -76.550587
5.350000	 -76.550277
5.400000	 -76.549810
5.450000	 -76.549146
5.500000	 -76.548251
5.550000	 -76.547089
5.600000	 -76.545633
5.650000	 -76.543854
5.700000	 -76.541733
5.750000	 -76.539251
5.800000	 -76.536396
5.850000	 -76.533156
5.900000	 -76.529528
5.950000	 -76.525506
6.000000	 -76.521092
6.050000	 -76.516289
6.100000	 -76.511100
6.150000	 -76.505533
6.200000	 -76.499595
6.250000	 -76.493296
6.300000	 -76.486646
6.350000	 -76.479656
6.400000	 -76.472339
6.450000	 -76.464706
6.500000	 -76.456769
6.550000	 -76.448542
6.600000	 -76.440036
6.650000	 -76.431264
6.700000	 -76.422239
6.750000	 -76.412971
6.800000	 -76.403473
6.850000	 -76.393756
6.900000	 -76.383831
6.950000	 -76.373709
7.000000	 -76.363398
7.050000	 -76.352910
7.100000	 -76.342253
7.150000	 -76.331435
7.200000	 -76.320466
7.250000	 -76.309352
7.300000	 -76.298103
7.350000	 -76.286723
7.400000	 -76.275222
7.450000	 -76.263603
7.500000	 -76.251875
7.550000	 -76.240042
7.600000	 -76.228110
7.650000	 -76.216085
7.700000	 -76.203970
7.750000	 -76.191772
7.800000	 -76.179494
7.850000	 -76.167141
7.900000	 -76.154717
7.950000	 -76.142226
8.000000	 -76.129672
8.050000	 -76.117060
8.100000	 -76.104393
8.150000	 -76.091675
8.200000	 -76.078909
8.250000	 -76.066099
8.300000	 -76.053250
8.350000	 -76.040363
8.400000	 -76.027445
8.450000	 -76.014497
8.500000	 -76.001523
8.550000	 -75.988528
8.600000	 -75.975515
8.650000	 -75.962488
8.700000	 -75.949449
8.750000	 -75.936404
8.800000	 -75.923356
8.850000	 -75.910308
8.900000	 -75.897264
8.950000	 -75.884228
9.000000	 -75.871203
9.050000	 -75.858194
9.100000	 -75.845203
9.150000	 -75.832235
9.200000	 -75.819293
9.250000	 -75.806380
9.300000	 -75.793499
9.350000	 -75.780654
9.400000	 -75.767849
9.450000	 -75.755085
9.500000	 -75.742367
9.550000	 -75.729696
9.600000	 -75.717075
9.650000	 -75.704508
9.700000	 -75.691996
9.750000	 -75.679542
9.800000	 -75.667147
9.850000	 -75.654814
9.900000	 -75.642544
9.950000	 -75.630338
10.000000	 -75.618199
10.050000	 -75.606127
10.100000	 -75.594124
10.150000	 -75.582189
10.200000	 -75.570324
10.250000	 -75.558530
10.300000	 -75.546806
10.350000	 -75.535153
10.400000	 -75.523571
10.450000	 -75.512059
10.500000	 -75.500618
10.550000	 -75.489247
10.600000	 -75.477944
10.650000	 -75.466711
10.700000	 -75.455545
10.750000	 -75.444447
10.800000	 -75.433414
10.850000	 -75.422446
10.900000	 -75.411542
10.950000	 -75.400700
11.000000	 -75.389919
11.050000	 -75.379197
11.100000	 -75.368534
11.150000	 -75.357928
11.200000	 -75.347377
11.250000	 -75.336879
11.300000	 -75.326434
11.350000	 -75.316039
11.400000	 -75.305693
11.450000	 -75.295394
11.500000	 -75.285140
11.550000	 -75.274931
11.600000	 -75.264764
11.650000	 -75.254638
11.700000	 -75.244551
11.750000	 -75.234501
11.800000	 -75.224488
11.850000	 -75.214509
11.900000	 -75.204564
11.950000	 -75.194650
12.000000	 -75.184766
12.050000	 -75.174911
12.100000	 -75.165084
12.150000	 -75.155282
12.200000	 -75.145506
12.250000	 -75.135753
12.300000	 -75.126023
12.350000	 -75.116315
12.400000	 -75.106626
12.450000	 -75.096957
12.500000	 -75.087305
12.550000	 -75.077671
12.600000	 -75.068053
12.650000	 -75.058451
12.700000	 -75.048863
12.750000	 -75.039288
12.800000	 -75.029726
12.850000	 -75.020177
12.900000	 -75.010639
12.950000	 -75.001112
13.000000	 -74.991595
13.050000	 -74.982087
13.100000	 -74.972588
13.150000	 -74.963098
13.200000	 -74.953616
13.250000	 -74.944142
13.300000	 -74.934675
13.350000	 -74.925214
13.400000	 -74.915760
13.450000	 -74.906312
13.500000	 -74.896870
13.550000	 -74.887433
13.600000	 -74.878002
13.650000	 -74.868576
13.700000	 -74.859155
13.750000	 -74.849738
13.800000	 -74.840326
13.850000	 -74.830919
13.900000	 -74.821516
13.950000	 -74.812117
14.000000	 -74.802723
14.050000	 -74.793333
14.100000	 -74.783947
14.150000	 -74.774565
14.200000	 -74.765188
14.250000	 -74.755815
14.300000	 -74.746447
14.350000	 -74.737083
14.400000	 -74.727723
14.450000	 -74.718368
14.500000	 -74.709018
14.550000	 -74.699673
14.600000	 -74.690332
14.650000	 -74.680997
14.700000	 -74.671667
14.750000	 -74.662343
14.800000	 -74.653024
14.850000	 -74.643711
14.900000	 -74.634404
14.950000	 -74.625103
15.000000	 -74.615809
15.050000	 -74.606521
15.100000	 -74.597240
15.150000	 -74.587967
15.200000	 -74.578700
15.250000	 -74.569441
15.300000	 -74.560191
15.350000	 -74.550948
15.400000	 -74.541713
15.450000	 -74.532487
15.500000	 -74.523270
15.550000	 -74.514062
15.600000	 -74.504864
15.650000	 -74.495675
15.700000	 -74.486497
15.750000	 -74.477328
15.800000	 -74.468170
15.850000	 -74.459023
15.900000	 -74.449887
15.950000	 -74.440763
16.000000	 -74.431650
16.050000	 -74.422549
16.100000	 -74.413460
16.150000	 -74.404384
16.200000	 -74.395321
16.250000	 -74.386270
16.300000	 -74.377234
16.350000	 -74.368211
16.400000	 -74.359202
16.450000	 -74.350207
16.500000	 -74.341227
16.550000	 -74.332261
16.600000	 -74.323311
16.650000	 -74.314376
16.700000	 -74.305457
16.750000	 -74.296553
16.800000	 -74.287666
16.850000	 -74.278795
16.900000	 -74.269942
16.950000	 -74.261105
17.000000	 -74.252285
17.050000	 -74.243483
17.100000	 -74.234699
17.150000	 -74.225933
17.200000	 -74.217185
17.250000	 -74.208456
17.300000	 -74.199745
17.350000	 -74.191054
17.400000	 -74.182382
17.450000	 -74.173730
17.500000	 -74.165097
17.550000	 -74.156485
17.600000	 -74.147893
17.650000	 -74.139321
17.700000	 -74.130770
17.750000	 -74.122241
17.800000	 -74.113732
17.850000	 -74.105245
17.900000	 -74.096780
17.950000	 -74.088336
18.000000	 -74.079915
18.050000	 -74.071516
18.100000	 -74.063140
18.150000	 -74.054786
18.200000	 -74.046455
18.250000	 -74.038148
18.300000	 -74.029864
18.350000	 -74.021604
18.400000	 -74.013368
18.450000	 -74.005155
18.500000	 -73.996967
18.550000	 -73.988804
18.600000	 -73.980665
18.650000	 -73.972551
18.700000	 -73.964462
18.750000	 -73.956398
18.800000	 -73.948360
18.850000	 -73.940347
18.900000	 -73.932360
18.950000	 -73.924400
19.000000	 -73.916465
19.050000	 -73.908557
19.100000	 -73.900675
19.150000	 -73.892820
19.200000	 -73.884992
19.250000	 -73.877192
19.300000	 -73.869418
19.350000	 -73.861672
19.400000	 -73.853954
19.450000	 -73.846263
19.500000	 -73.838601
19.550000	 -73.830967
19.600000	 -73.823361
19.650000	 -73.815783
19.700000	 -73.808235
19.750000	 -73.800715
19.800000	 -73.793224
19.850000	 -73.785763
19.900000	 -73.778331
19.950000	 -73.770928
20.000000	 -73.763556
20.050000	 -73.756213
20.100000	 -73.748900
20.150000	 -73.741618
20.200000	 -73.734365
20.250000	 -73.727144
20.300000	 -73.719953
20.350000	 -73.712793
20.400000	 -73.705665
20.450000	 -73.698567
20.500000	 -73.691501
20.550000	 -73.684467
20.600000	 -73.677464
20.650000	 -73.670493
20.700000	 -73.663554
20.750000	 -73.656648
20.800000	 -73.649774
20.850000	 -73.642932
20.900000	 -73.636123
20.950000	 -73.629347
21.000000	 -73.622604
21.050000	 -73.615894
21.100000	 -73.609218
21.150000	 -73.602575
21.200000	 -73.595965
21.250000	 -73.589390
21.300000	 -73.582848
21.350000	 -73.576341
21.400000	 -73.569867
21.450000	 -73.563428
21.500000	 -73.557024
21.550000	 -73.550654
21.600000	 -73.544319
21.650000	 -73.538019
21.700000	 -73.531755
21.750000	 -73.525525
21.800000	 -73.519331
21.850000	 -73.513173
21.900000	 -73.507050
21.950000	 -73.500963
22.000000	 -73.494912
22.050000	 -73.488897
22.100000	 -73.482919
22.150000	 -73.476977
22.200000	 -73.471072
22.250000	 -73.465203
22.300000	 -73.459371
22.350000	 -73.453576
22.400000	 -73.447818
22.450000	 -73.442098
22.500000	 -73.436415
22.550000	 -73.430769
22.600000	 -73.425161
22.650000	 -73.419591
22.700000	 -73.414059
22.750000	 -73.408565
22.800000	 -73.403109
22.850000	 -73.397691
22.900000	 -73.392312
22.950000	 -73.386971
23.000000	 -73.381669
23.050000	 -73.376406
23.100000	 -73.371182
23.150000	 -73.365996
23.200000	 -73.360850
23.250000	 -73.355743
23.300000	 -73.350675
23.350000	 -73.345647
23.400000	 -73.340658
23.450000	 -73.335709
23.500000	 -73.330800
23.550000	 -73.325930
23.600000	 -73.321101
23.650000	 -73.316312
23.700000	 -73.311562
23.750000	 -73.306853
23.800000	 -73.302185
23.850000	 -73.297556
23.900000	 -73.292969
23.950000	 -73.288421
24.000000	 -73.283915
24.050000	 -73.279449
24.100000	 -73.275024
24.150000	 -73.270640
24.200000	 -73.266297
24.250000	 -73.261995
24.300000	 -73.257734
24.350000	 -73.253514
24.400000	 -73.249336
24.450000	 -73.245198
24.500000	 -73.241102
24.550000	 -73.237048
24.600000	 -73.233035
24.650000	 -73.229063
24.700000	 -73.225133
24.750000	 -73.221244
24.800000	 -73.217397
24.850000	 -73.213592
24.900000	 -73.209828
24.950000	 -73.206106
25.000000	 -73.202426
25.050000	 -73.198788
25.100000	 -73.195191
25.150000	 -73.191636
25.200000	 -73.188124
25.250000	 -73.184653
25.300000	 -73.181225
25.350000	 -73.177839
25.400000	 -73.174495
25.450000	 -73.171194
25.500000	 -73.167935
25.550000	 -73.164718
25.600000	 -73.161544
25.650000	 -73.158412
25.700000	 -73.155322
25.750000	 -73.152275
25.800000	 -73.149269
25.850000	 -73.146306
25.900000	 -73.143385
25.950000	 -73.140505
26.000000	 -73.137668
26.050000	 -73.134873
26.100000	 -73.132119
26.150000	 -73.129407
26.200000	 -73.126737
26.250000	 -73.124108
26.300000	 -73.121521
26.350000	 -73.118975
26.400000	 -73.116471
26.450000	 -73.114008
26.500000	 -73.111586
26.550000	 -73.109206
26.600000	 -73.106866
26.650000	 -73.104568
26.700000	 -73.102310
26.750000	 -73.100094
26.800000	 -73.097918
26.850000	 -73.095783
26.900000	 -73.093688
26.950000	 -73.091634
27.000000	 -73.089621
27.050000	 -73.087648
27.100000	 -73.085715
27.150000	 -73.083822
27.200000	 -73.081969
27.250000	 -73.080157
27.300000	 -73.078384
27.350000	 -73.076651
27.400000	 -73.074957
27.450000	 -73.073304
27.500000	 -73.071689
27.550000	 -73.070114
27.600000	 -73.068579
27.650000	 -73.067082
27.700000	 -73.065625
27.750000	 -73.064206
27.800000	 -73.062827
27.850000	 -73.061486
27.900000	 -73.060184
27.950000	 -73.058920
28.000000	 -73.057694
28.050000	 -73.056507
28.100000	 -73.055358
28.150000	 -73.054247
28.200000	 -73.053173
28.250000	 -73.052138
28.300000	 -73.051140
28.350000	 -73.050180
28.400000	 -73.049257
28.450000	 -73.048371
28.500000	 -73.047522
28.550000	 -73.046711
28.600000	 -73.045936
28.650000	 -73.045198
28.700000	 -73.044496
28.750000	 -73.043831
28.800000	 -73.043203
28.850000	 -73.042610
28.900000	 -73.042054
28.950000	 -73.041533
29.000000	 -73.041048
29.050000	 -73.040599
29.100000	 -73.040186
29.150000	 -73.039807
29.200000	 -73.039464
29.250000	 -73.039156
29.300000	 -73.038883
29.350000	 -73.038645
29.400000	 -73.038441
29.450000	 -73.038272
29.500000	 -73.038137
29.550000	 -73.038036
29.600000	 -73.037969
29.650000	 -73.037937
29.700000	 -73.037938
29.750000	 -73.037972
29.800000	 -73.038040
29.850000	 -73.038141
29.900000	 -73.038276
29.950000	 -73.038443
30.000000	 -73.038644
30.050000	 -73.038877
30.100000	 -73.039142
30.150000	 -73.039440
30.200000	 -73.039770
30.250000	 -73.040133
30.300000	 -73.040527
30.350000	 -73.040953
30.400000	 -73.041410
30.450000	 -73.041899
30.500000	 -73.042420
30.550000	 -73.042971
30.600000	 -73.043554
30.650000	 -73.044167
30.700000	 -73.044811
30.750000	 -73.045486
30.800000	 -73.046191
30.850000	 -73.046926
30.900000	 -73.047691
30.950000	 -73.048486
31.000000	 -73.049311
31.050000	 -73.050166
31.100000	 -73.051050
31.150000	 -73.051963
31.200000	 -73.052906
31.250000	 -73.053877
31.300000	 -73.054877
31.350000	 -73.055906
31.400000	 -73.056963
31.450000	 -73.058049
31.500000	 -73.059163
31.550000	 -73.060304
31.600000	 -73.061474
31.650000	 -73.062672
31.700000	 -73.063896
31.750000	 -73.065149
31.800000	 -73.066428
31.850000	 -73.067735
31.900000	 -73.069068
31.950000	 -73.070428
32.000000	 -73.071815
32.050000	 -73.073229
32.100000	 -73.074668
32.150000	 -73.076134
32.200000	 -73.077625
32.250000	 -73.079143
32.300000	 -73.080686
32.350000	 -73.082254
32.400000	 -73.083848
32.450000	 -73.085467
32.500000	 -73.087111
32.550000	 -73.088779
32.600000	 -73.090473
32.650000	 -73.092191
32.700000	 -73.093933
32.750000	 -73.095700
32.800000	 -73.097490
32.850000	 -73.099305
32.900000	 -73.101143
32.950000	 -73.103005
33.000000	 -73.104890
33.050000	 -73.106799
33.100000	 -73.108730
33.150000	 -73.110685
33.200000	 -73.112663
33.250000	 -73.114663
33.300000	 -73.116685
33.350000	 -73.118730
33.400000	 -73.120797
33.450000	 -73.122886
33.500000	 -73.124997
33.550000	 -73.127130
33.600000	 -73.129284
33.650000	 -73.131460
33.700000	 -73.133657
33.750000	 -73.135875
33.800000	 -73.138114
33.850000	 -73.140374
33.900000	 -73.142654
33.950000	 -73.144955
34.000000	 -73.147277
34.050000	 -73.149618
34.100000	 -73.151980
34.150000	 -73.154362
34.200000	 -73.156763
34.250000	 -73.159184
34.300000	 -73.161625
34.350000	 -73.164084
34.400000	 -73.166563
34.450000	 -73.169061
34.500000	 -73.171578
34.550000	 -73.174114
34.600000	 -73.176668
34.650000	 -73.179241
34.700000	 -73.181832
34.750000	 -73.184441
34.800000	 -73.187069
34.850000	 -73.189714
34.900000	 -73.192377
34.950000	 -73.195058
35.000000	 -73.197756
35.050000	 -73.200471
35.100000	 -73.203204
35.150000	 -73.205954
35.200000	 -73.208721
35.250000	 -73.211504
35.300000	 -73.214305
35.350000	 -73.217121
35.400000	 -73.219955
35.450000	 -73.222804
35.500000	 -73.225670
35.550000	 -73.228551
35.600000	 -73.231449
35.650000	 -73.234362
35.700000	 -73.237291
35.750000	 -73.240236
35.800000	 -73.243196
35.850000	 -73.246171
35.900000	 -73.249161
35.950000	 -73.252167
36.000000	 -73.255187
36.050000	 -73.258222
36.100000	 -73.261272
36.150000	 -73.264336
36.200000	 -73.267414
36.250000	 -73.270507
36.300000	 -73.273614
36.350000	 -73.276736
36.400000	 -73.279871
36.450000	 -73.283020
36.500000	 -73.286182
36.550000	 -73.289358
36.600000	 -73.292548
36.650000	 -73.295751
36.700000	 -73.298968
36.750000	 -73.302197
36.800000	 -73.305440
36.850000	 -73.308695
36.900000	 -73.311964
36.950000	 -73.315245
37.000000	 -73.318539
37.050000	 -73.321845
37.100000	 -73.325164
37.150000	 -73.328494
37.200000	 -73.331838
37.250000	 -73.335193
37.300000	 -73.338560
37.350000	 -73.341939
37.400000	 -73.345330
37.450000	 -73.348733
37.500000	 -73.352147
37.550000	 -73.355573
37.600000	 -73.359010
37.650000	 -73.362459
37.700000	 -73.365919
37.750000	 -73.369390
37.800000	 -73.372872
37.850000	 -73.376365
37.900000	 -73.379868
37.950000	 -73.383383
38.000000	 -73.386908
38.050000	 -73.390444
38.100000	 -73.393990
38.150000	 -73.397547
38.200000	 -73.401114
38.250000	 -73.404692
38.300000	 -73.408279
38.350000	 -73.411877
38.400000	 -73.415484
38.450000	 -73.419102
38.500000	 -73.422729
38.550000	 -73.426366
38.600000	 -73.430013
38.650000	 -73.433669
38.700000	 -73.437335
38.750000	 -73.441011
38.800000	 -73.444695
38.850000	 -73.448389
38.900000	 -73.452092
38.950000	 -73.455805
39.000000	 -73.459526
39.050000	 -73.463256
39.100000	 -73.466995
39.150000	 -73.470743
39.200000	 -73.474500
39.250000	 -73.478266
39.300000	 -73.482040
39.350000	 -73.485823
39.400000	 -73.489614
39.450000	 -73.493413
39.500000	 -73.497221
39.550000	 -73.501038
39.600000	 -73.504862
39.650000	 -73.508695
39.700000	 -73.512535
39.750000	 -73.516384
39.800000	 -73.520241
39.850000	 -73.524105
39.900000	 -73.527977
39.950000	 -73.531858
40.000000	 -73.535745
40.050000	 -73.539641
40.100000	 -73.543544
40.150000	 -73.547454
40.200000	 -73.551372
40.250000	 -73.555298
40.300000	 -73.559231
40.350000	 -73.563171
40.400000	 -73.567118
40.450000	 -73.571072
40.500000	 -73.575034
40.550000	 -73.579002
40.600000	 -73.582977
40.650000	 -73.586960
40.700000	 -73.590949
40.750000	 -73.594945
40.800000	 -73.598948
40.850000	 -73.602957
40.900000	 -73.606973
40.950000	 -73.610996
41.000000	 -73.615025
41.050000	 -73.619061
41.100000	 -73.623103
41.150000	 -73.627151
41.200000	 -73.631206
41.250000	 -73.635266
41.300000	 -73.639333
41.350000	 -73.643406
41.400000	 -73.647485
41.450000	 -73.651570
41.500000	 -73.655661
41.550000	 -73.659757
41.600000	 -73.663860
41.650000	 -73.667968
41.700000	 -73.672081
41.750000	 -73.676201
41.800000	 -73.680326
41.850000	 -73.684456
41.900000	 -73.688592
41.950000	 -73.692734
42.000000	 -73.696880
42.050000	 -73.701032
42.100000	 -73.705190
42.150000	 -73.709352
42.200000	 -73.713520
42.250000	 -73.717692
42.300000	 -73.721870
42.350000	 -73.726053
42.400000	 -73.730240
42.450000	 -73.734433
42.500000	 -73.738630
42.550000	 -73.742833
42.600000	 -73.747040
42.650000	 -73.751251
42.700000	 -73.755468
42.750000	 -73.759689
42.800000	 -73.763914
42.850000	 -73.768144
42.900000	 -73.772379
42.950000	 -73.776618
43.000000	 -73.780861
43.050000	 -73.785109
43.100000	 -73.789361
43.150000	 -73.793618
43.200000	 -73.797878
43.250000	 -73.802143
43.300000	 -73.806412
43.350000	 -73.810685
43.400000	 -73.814962
43.450000	 -73.819243
43.500000	 -73.823528
43.550000	 -73.827817
43.600000	 -73.832110
43.650000	 -73.836406
43.700000	 -73.840707
43.750000	 -73.845011
43.800000	 -73.849319
43.850000	 -73.853631
43.900000	 -73.857946
43.950000	 -73.862265
44.000000	 -73.866588
44.050000	 -73.870914
44.100000	 -73.875243
44.150000	 -73.879576
44.200000	 -73.883913
44.250000	 -73.888252
44.300000	 -73.892596
44.350000	 -73.896942
44.400000	 -73.901292
44.450000	 -73.905645
44.500000	 -73.910001
44.550000	 -73.914360
44.600000	 -73.918723
44.650000	 -73.923088
44.700000	 -73.927457
44.750000	 -73.931829
44.800000	 -73.936203
44.850000	 -73.940581
44.900000	 -73.944961
44.950000	 -73.949345
45.000000	 -73.953731
45.050000	 -73.958120
45.100000	 -73.962512
45.150000	 -73.966907
45.200000	 -73.971304
45.250000	 -73.975704
45.300000	 -73.980106
45.350000	 -73.984512
45.400000	 -73.988920
45.450000	 -73.993330
45.500000	 -73.997743
45.550000	 -74.002158
45.600000	 -74.006576
45.650000	 -74.010996
45.700000	 -74.015419
45.750000	 -74.019844
45.800000	 -74.024272
45.850000	 -74.028701
45.900000	 -74.033133
45.950000	 -74.037567
46.000000	 -74.042004
46.050000	 -74.046442
46.100000	 -74.050883
46.150000	 -74.055326
46.200000	 -74.059771
46.250000	 -74.064218
46.300000	 -74.068667
46.350000	 -74.073117
46.400000	 -74.077570
46.450000	 -74.082025
46.500000	 -74.086482
46.550000	 -74.090941
46.600000	 -74.095401
46.650000	 -74.099863
46.700000	 -74.104328
46.750000	 -74.108793
46.800000	 -74.113261
46.850000	 -74.117730
46.900000	 -74.122201
46.950000	 -74.126674
47.000000	 -74.131148
47.050000	 -74.135624
47.100000	 -74.140102
47.150000	 -74.144581
47.200000	 -74.149061
47.250000	 -74.153543
47.300000	 -74.158026
47.350000	 -74.162511
47.400000	 -74.166998
47.450000	 -74.171485
47.500000	 -74.175974
47.550000	 -74.180465
47.600000	 -74.184956
47.650000	 -74.189449
47.700000	 -74.193943
47.750000	 -74.198439
47.800000	 -74.202935
47.850000	 -74.207433
47.900000	 -74.211932
47.950000	 -74.216432
48.000000	 -74.220933
48.050000	 -74.225435
48.100000	 -74.229938
48.150000	 -74.234442
48.200000	 -74.238947
48.250000	 -74.243453
48.300000	 -74.247961
48.350000	 -74.252469
48.400000	 -74.256977
48.450000	 -74.261487
48.500000	 -74.265998
48.550000	 -74.270509
48.600000	 -74.275021
48.650000	 -74.279534
48.700000	 -74.284048
48.750000	 -74.288562
48.800000	 -74.293077
48.850000	 -74.297593
48.900000	 -74.302109
48.950000	 -74.306627
49.000000	 -74.311144
49.050000	 -74.315662
49.100000	 -74.320181
49.150000	 -74.324700
49.200000	 -74.329220
49.250000	 -74.333740
49.300000	 -74.338261
49.350000	 -74.342782
49.400000	 -74.347304
49.450000	 -74.351826
49.500000	 -74.356348
49.550000	 -74.360870
49.600000	 -74.365393
49.650000	 -74.369917
49.700000	 -74.374440
49.750000	 -74.378964
49.800000	 -74.383488
49.850000	 -74.388012
49.900000	 -74.392536
49.950000	 -74.397061
50.000000	 -74.401585
50.050000	 -74.406110
50.100000	 -74.410635
50.150000	 -74.415160
50.200000	 -74.419685
50.250000	 -74.424210
50.300000	 -74.428735
50.350000	 -74.433260
50.400000	 -74.437785
50.450000	 -74.442310
50.500000	 -74.446835
50.550000	 -74.451359
50.600000	 -74.455884
50.650000	 -74.460408
50.700000	 -74.464933
50.750000	 -74.469457
50.800000	 -74.473981
50.850000	 -74.478504
50.900000	 -74.483028
50.950000	 -74.487551
51.000000	 -74.492074
51.050000	 -74.496596
51.100000	 -74.501118
51.150000	 -74.505640
51.200000	 -74.510162
51.250000	 -74.514683
51.300000	 -74.519203
51.350000	 -74.523724
51.400000	 -74.528243
51.450000	 -74.532763
51.500000	 -74.537282
51.550000	 -74.541800
51.600000	 -74.546318
51.650000	 -74.550835
51.700000	 -74.555351
51.750000	 -74.559868
51.800000	 -74.564383
51.850000	 -74.568898
51.900000	 -74.573412
51.950000	 -74.577925
52.000000	 -74.582438
52.050000	 -74.586950
52.100000	 -74.591462
52.150000	 -74.595972
52.200000	 -74.600482
52.250000	 -74.604991
52.300000	 -74.609499
52.350000	 -74.614007
52.400000	 -74.618513
52.450000	 -74.623019
52.500000	 -74.627524
52.550000	 -74.632028
52.600000	 -74.636531
52.650000	 -74.641033
52.700000	 -74.645534
52.750000	 -74.650034
52.800000	 -74.654533
52.850000	 -74.659032
52.900000	 -74.663529
52.950000	 -74.668025
53.000000	 -74.672520
53.050000	 -74.677014
53.100000	 -74.681507
53.150000	 -74.685998
53.200000	 -74.690489
53.250000	 -74.694978
53.300000	 -74.699467
53.350000	 -74.703954
53.400000	 -74.708439
53.450000	 -74.712924
53.500000	 -74.717407
53.550000	 -74.721889
53.600000	 -74.726370
53.650000	 -74.730849
53.700000	 -74.735327
53.750000	 -74.739803
53.800000	 -74.744278
53.850000	 -74.748752
53.900000	 -74.753224
53.950000	 -74.757695
54.000000	 -74.762164
54.050000	 -74.766631
54.100000	 -74.771097
54.150000	 -74.775561
54.200000	 -74.780024
54.250000	 -74.784484
54.300000	 -74.788944
54.350000	 -74.793401
54.400000	 -74.797857
54.450000	 -74.802310
54.500000	 -74.806763
54.550000	 -74.811213
54.600000	 -74.815661
54.650000	 -74.820108
54.700000	 -74.824552
54.750000	 -74.828995
54.800000	 -74.833436
54.850000	 -74.837875
54.900000	 -74.842311
54.950000	 -74.846746
55.000000	 -74.851179
55.050000	 -74.855610
55.100000	 -74.860038
55.150000	 -74.864465
55.200000	 -74.868889
55.250000	 -74.873311
55.300000	 -74.877732
55.350000	 -74.882149
55.400000	 -74.886565
55.450000	 -74.890979
55.500000	 -74.895390
55.550000	 -74.899799
55.600000	 -74.904206
55.650000	 -74.908610
55.700000	 -74.913012
55.750000	 -74.917412
55.800000	 -74.921809
55.850000	 -74.926204
55.900000	 -74.930596
55.950000	 -74.934986
56.000000	 -74.939374
56.050000	 -74.943759
56.100000	 -74.948142
56.150000	 -74.952522
56.200000	 -74.956900
56.250000	 -74.961275
56.300000	 -74.965647
56.350000	 -74.970017
56.400000	 -74.974385
56.450000	 -74.978749
56.500000	 -74.983111
56.550000	 -74.987471
56.600000	 -74.991828
56.650000	 -74.996182
56.700000	 -75.000533
56.750000	 -75.004882
56.800000	 -75.009228
56.850000	 -75.013571
56.900000	 -75.017911
56.950000	 -75.022249
57.000000	 -75.026583
57.050000	 -75.030915
57.100000	 -75.035244
57.150000	 -75.039571
57.200000	 -75.043894
57.250000	 -75.048214
57.300000	 -75.052532
57.350000	 -75.056846
57.400000	 -75.061158
57.450000	 -75.065467
57.500000	 -75.069773
57.550000	 -75.074075
57.600000	 -75.078375
57.650000	 -75.082672
57.700000	 -75.086965
57.750000	 -75.091256
57.800000	 -75.095543
57.850000	 -75.099828
57.900000	 -75.104109
57.950000	 -75.108387
58.000000	 -75.112663
58.050000	 -75.116935
58.100000	 -75.121203
58.150000	 -75.125469
58.200000	 -75.129731
58.250000	 -75.133991
58.300000	 -75.138247
58.350000	 -75.142499
58.400000	 -75.146749
58.450000	 -75.150995
58.500000	 -75.155238
58.550000	 -75.159478
58.600000	 -75.163714
58.650000	 -75.167947
58.700000	 -75.172177
58.750000	 -75.176403
58.800000	 -75.180626
58.850000	 -75.184846
58.900000	 -75.189062
58.950000	 -75.193275
59.000000	 -75.197485
59.050000	 -75.201691
59.100000	 -75.205893
59.150000	 -75.210092
59.200000	 -75.214288
59.250000	 -75.218480
59.300000	 -75.222669
59.350000	 -75.226854
59.400000	 -75.231036
59.450000	 -75.235214
59.500000	 -75.239388
59.550000	 -75.243559
59.600000	 -75.247727
59.650000	 -75.251891
59.700000	 -75.256051
59.750000	 -75.260208
59.800000	 -75.264361
59.850000	 -75.268510
59.900000	 -75.272656
59.950000	 -75.276798
60.000000	 -75.280937
60.050000	 -75.285071
60.100000	 -75.289203
60.150000	 -75.293330
60.200000	 -75.297454
60.250000	 -75.301574
60.300000	 -75.305690
60.350000	 -75.309802
60.400000	 -75.313911
60.450000	 -75.318016
60.500000	 -75.322117
60.550000	 -75.326215
60.600000	 -75.330308
60.650000	 -75.334398
60.700000	 -75.338484
60.750000	 -75.342566
60.800000	 -75.346645
60.850000	 -75.350719
60.900000	 -75.354790
60.950000	 -75.358856
61.000000	 -75.362919
61.050000	 -75.366978
61.100000	 -75.371033
61.150000	 -75.375084
61.200000	 -75.379131
61.250000	 -75.383175
61.300000	 -75.387214
61.350000	 -75.391249
61.400000	 -75.395281
61.450000	 -75.399308
61.500000	 -75.403332
61.550000	 -75.407351
61.600000	 -75.411366
61.650000	 -75.415378
61.700000	 -75.419385
61.750000	 -75.423389
61.800000	 -75.427388
61.850000	 -75.431383
61.900000	 -75.435374
61.950000	 -75.439362
62.000000	 -75.443345
62.050000	 -75.447324
62.100000	 -75.451298
62.150000	 -75.455269
62.200000	 -75.459236
62.250000	 -75.463198
62.300000	 -75.467157
62.350000	 -75.471111
62.400000	 -75.475061
62.450000	 -75.479007
62.500000	 -75.482949
62.550000	 -75.486887
62.600000	 -75.490820
62.650000	 -75.494749
62.700000	 -75.498674
62.750000	 -75.502595
62.800000	 -75.506512
62.850000	 -75.510424
62.900000	 -75.514332
62.950000	 -75.518236
63.000000	 -75.522136
63.050000	 -75.526031
63.100000	 -75.529922
63.150000	 -75.533809
63.200000	 -75.537692
63.250000	 -75.541570
63.300000	 -75.545444
63.350000	 -75.549314
63.400000	 -75.553179
63.450000	 -75.557040
63.500000	 -75.560897
63.550000	 -75.564749
63.600000	 -75.568597
63.650000	 -75.572441
63.700000	 -75.576280
63.750000	 -75.580115
63.800000	 -75.583946
63.850000	 -75.587772
63.900000	 -75.591594
63.950000	 -75.595412
64.000000	 -75.599225
64.050000	 -75.603034
64.100000	 -75.606838
64.150000	 -75.610638
64.200000	 -75.614433
64.250000	 -75.618224
64.300000	 -75.622011
64.350000	 -75.625793
64.400000	 -75.629571
64.450000	 -75.633344
64.500000	 -75.637113
64.550000	 -75.640877
64.600000	 -75.644637
64.650000	 -75.648392
64.700000	 -75.652143
64.750000	 -75.655889
64.800000	 -75.659631
64.850000	 -75.663368
64.900000	 -75.667101
64.950000	 -75.670830
65.000000	 -75.674553
65.050000	 -75.678273
65.100000	 -75.681987
65.150000	 -75.685698
65.200000	 -75.689403
65.250000	 -75.693104
65.300000	 -75.696801
65.350000	 -75.700493
65.400000	 -75.704180
65.450000	 -75.707863
65.500000	 -75.711542
65.550000	 -75.715215
65.600000	 -75.718884
65.650000	 -75.722549
65.700000	 -75.726209
65.750000	 -75.729864
65.800000	 -75.733515
65.850000	 -75.737161
65.900000	 -75.740802
65.950000	 -75.744439
66.000000	 -75.748071
66.050000	 -75.751699
66.100000	 -75.755322
66.150000	 -75.758940
66.200000	 -75.762554
66.250000	 -75.766162
66.300000	 -75.769767
66.350000	 -75.773366
66.400000	 -75.776961
66.450000	 -75.780552
66.500000	 -75.784137
66.550000	 -75.787718
66.600000	 -75.791294
66.650000	 -75.794866
66.700000	 -75.798433
66.750000	 -75.801995
66.800000	 -75.805552
66.850000	 -75.809105
66.900000	 -75.812652
66.950000	 -75.816196
67.000000	 -75.819734
67.050000	 -75.823268
67.100000	 -75.826796
67.150000	 -75.830320
67.200000	 -75.833840
67.250000	 -75.837354
67.300000	 -75.840864
67.350000	 -75.844368
67.400000	 -75.847868
67.450000	 -75.851363
67.500000	 -75.854854
67.550000	 -75.858339
67.600000	 -75.861820
67.650000	 -75.865295
67.700000	 -75.868766
67.750000	 -75.872232
67.800000	 -75.875693
67.850000	 -75.879149
67.900000	 -75.882600
67.950000	 -75.886046
68.000000	 -75.889487
68.050000	 -75.892923
68.100000	 -75.896354
68.150000	 -75.899781
68.200000	 -75.903202
68.250000	 -75.906618
68.300000	 -75.910030
68.350000	 -75.913436
68.400000	 -75.916838
68.450000	 -75.920234
68.500000	 -75.923625
68.550000	 -75.927012
68.600000	 -75.930393
68.650000	 -75.933769
68.700000	 -75.937141
68.750000	 -75.940507
68.800000	 -75.943868
68.850000	 -75.947224
68.900000	 -75.950575
68.950000	 -75.953921
69.000000	 -75.957262
69.050000	 -75.960598
69.100000	 -75.963929
69.150000	 -75.967254
69.200000	 -75.970575
69.250000	 -75.973890
69.300000	 -75.977201
69.350000	 -75.980506
69.400000	 -75.983806
69.450000	 -75.987101
69.500000	 -75.990391
69.550000	 -75.993675
69.600000	 -75.996955
69.650000	 -76.000230
69.700000	 -76.003499
69.750000	 -76.006763
69.800000	 -76.010022
69.850000	 -76.013276
69.900000	 -76.016525
69.950000	 -76.019768
70.000000	 -76.023007
70.050000	 -76.026240
70.100000	 -76.029468
70.150000	 -76.032691
70.200000	 -76.035908
70.250000	 -76.039121
70.300000	 -76.042328
70.350000	 -76.045530
70.400000	 -76.048727
70.450000	 -76.051919
70.500000	 -76.055105
70.550000	 -76.058286
70.600000	 -76.061462
70.650000	 -76.064633
70.700000	 -76.067799
70.750000	 -76.070959
70.800000	 -76.074114
70.850000	 -76.077264
70.900000	 -76.080409
70.950000	 -76.083549
71.000000	 -76.086683
71.050000	 -76.089812
71.100000	 -76.092936
71.150000	 -76.096054
71.200000	 -76.099167
71.250000	 -76.102275
71.300000	 -76.105378
71.350000	 -76.108476
71.400000	 -76.111568
71.450000	 -76.114655
71.500000	 -76.117737
71.550000	 -76.120813
71.600000	 -76.123885
71.650000	 -76.126951
71.700000	 -76.130011
71.750000	 -76.133067
71.800000	 -76.136117
71.850000	 -76.139162
71.900000	 -76.142202
71.950000	 -76.145236
72.000000	 -76.148265
72.050000	 -76.151289
72.100000	 -76.154307
72.150000	 -76.157321
72.200000	 -76.160329
72.250000	 -76.163331
72.300000	 -76.166329
72.350000	 -76.169321
72.400000	 -76.172308
72.450000	 -76.175289
72.500000	 -76.178266
72.550000	 -76.181237
72.600000	 -76.184202
72.650000	 -76.187163
72.700000	 -76.190118
72.750000	 -76.193068
72.800000	 -76.196012
72.850000	 -76.198951
72.900000	 -76.201885
72.950000	 -76.204814
73.000000	 -76.207737
73.050000	 -76.210656
73.100000	 -76.213568
73.150000	 -76.216476
73.200000	 -76.219378
73.250000	 -76.222275
73.300000	 -76.225166
73.350000	 -76.228053
73.400000	 -76.230934
73.450000	 -76.233809
73.500000	 -76.236680
73.550000	 -76.239545
73.600000	 -76.242405
73.650000	 -76.245259
73.700000	 -76.248108
73.750000	 -76.250952
73.800000	 -76.253791
73.850000	 -76.256624
73.900000	 -76.259452
73.950000	 -76.262275
74.000000	 -76.265092
74.050000	 -76.267904
74.100000	 -76.270711
74.150000	 -76.273513
74.200000	 -76.276309
74.250000	 -76.279100
74.300000	 -76.281885
74.350000	 -76.284666
74.400000	 -76.287441
74.450000	 -76.290210
74.500000	 -76.292975
74.550000	 -76.295734
74.600000	 -76.298488
74.650000	 -76.301236
74.700000	 -76.303979
74.750000	 -76.306717
74.800000	 -76.309450
74.850000	 -76.312177
74.900000	 -76.314900
74.950000	 -76.317616
75.000000	 -76.320328
75.050000	 -76.323034
75.100000	 -76.325735
75.150000	 -76.328431
75.200000	 -76.331121
75.250000	 -76.333806
75.300000	 -76.336486
75.350000	 -76.339161
75.400000	 -76.341830
75.450000	 -76.344494
75.500000	 -76.347152
75.550000	 -76.349806
75.600000	 -76.352454
75.650000	 -76.355097
75.700000	 -76.357735
75.750000	 -76.360367
75.800000	 -76.362994
75.850000	 -76.365616
75.900000	 -76.368232
75.950000	 -76.370844
76.000000	 -76.373450
76.050000	 -76.376050
76.100000	 -76.378646
76.150000	 -76.381236
76.200000	 -76.383821
76.250000	 -76.386401
76.300000	 -76.388975
76.350000	 -76.391544
76.400000	 -76.394108
76.450000	 -76.396667
76.500000	 -76.399220
76.550000	 -76.401769
76.600000	 -76.404312
76.650000	 -76.406849
76.700000	 -76.409382
76.750000	 -76.411909
76.800000	 -76.414431
76.850000	 -76.416948
76.900000	 -76.419459
76.950000	 -76.421966
77.000000	 -76.424467
77.050000	 -76.426963
77.100000	 -76.429453
77.150000	 -76.431939
77.200000	 -76.434419
77.250000	 -76.436894
77.300000	 -76.439364
77.350000	 -76.441828
77.400000	 -76.444288
77.450000	 -76.446742
77.500000	 -76.449191
77.550000	 -76.451634
77.600000	 -76.454073
77.650000	 -76.456506
77.700000	 -76.458934
77.750000	 -76.461357
77.800000	 -76.463775
77.850000	 -76.466188
77.900000	 -76.468595
77.950000	 -76.470997
78.000000	 -76.473394
78.050000	 -76.475786
78.100000	 -76.478173
78.150000	 -76.480554
78.200000	 -76.482931
78.250000	 -76.485302
78.300000	 -76.487668
78.350000	 -76.490028
78.400000	 -76.492384
78.450000	 -76.494735
78.500000	 -76.497080
78.550000	 -76.499420
78.600000	 -76.501755
78.650000	 -76.504085
78.700000	 -76.506410
78.750000	 -76.508729
78.800000	 -76.511044
78.850000	 -76.513353
78.900000	 -76.515657
78.950000	 -76.517956
79.000000	 -76.520250
79.050000	 -76.522539
79.100000	 -76.524823
79.150000	 -76.527101
79.200000	 -76.529375
79.250000	 -76.531643
79.300000	 -76.533907
79.350000	 -76.536165
79.400000	 -76.538418
79.450000	 -76.540666
79.500000	 -76.542908
79.550000	 -76.545146
79.600000	 -76.547379
79.650000	 -76.549606
79.700000	 -76.551829
79.750000	 -76.554046
79.800000	 -76.556259
79.850000	 -76.558466
79.900000	 -76.560668
79.950000	 -76.562865
80.000000	 -76.565057
80.050000	 -76.567244
80.100000	 -76.569426
80.150000	 -76.571603
80.200000	 -76.573775
80.250000	 -76.575942
80.300000	 -76.578103
80.350000	 -76.580260
80.400000	 -76.582412
80.450000	 -76.584558
80.500000	 -76.586700
80.550000	 -76.588836
80.600000	 -76.590968
80.650000	 -76.593094
80.700000	 -76.595216
80.750000	 -76.597332
80.800000	 -76.599444
80.850000	 -76.601550
80.900000	 -76.603652
80.950000	 -76.605748
81.000000	 -76.607840
81.050000	 -76.609926
81.100000	 -76.612008
81.150000	 -76.614084
81.200000	 -76.616156
81.250000	 -76.618222
81.300000	 -76.620284
81.350000	 -76.622340
81.400000	 -76.624392
81.450000	 -76.626438
81.500000	 -76.628480
81.550000	 -76.630517
81.600000	 -76.632549
81.650000	 -76.634576
81.700000	 -76.636597
81.750000	 -76.638614
81.800000	 -76.640626
81.850000	 -76.642633
81.900000	 -76.644636
81.950000	 -76.646633
82.000000	 -76.648625
82.050000	 -76.650613
82.100000	 -76.652595
82.150000	 -76.654573
82.200000	 -76.656545
82.250000	 -76.658513
82.300000	 -76.660476
82.350000	 -76.662434
82.400000	 -76.664387
82.450000	 -76.666335
82.500000	 -76.668278
82.550000	 -76.670217
82.600000	 -76.672150
82.650000	 -76.674079
82.700000	 -76.676003
82.750000	 -76.677922
82.800000	 -76.679836
82.850000	 -76.681745
82.900000	 -76.683650
82.950000	 -76.685549
83.000000	 -76.687444
83.050000	 -76.689334
83.100000	 -76.691219
83.150000	 -76.693099
83.200000	 -76.694974
83.250000	 -76.696845
83.300000	 -76.698711
83.350000	 -76.700572
83.400000	 -76.702428
83.450000	 -76.704279
83.500000	 -76.706126
83.550000	 -76.707967
83.600000	 -76.709804
83.650000	 -76.711637
83.700000	 -76.713464
83.750000	 -76.715287
83.800000	 -76.717104
83.850000	 -76.718917
83.900000	 -76.720726
83.950000	 -76.722529
84.000000	 -76.724328
84.050000	 -76.726122
84.100000	 -76.727911
84.150000	 -76.729696
84.200000	 -76.731476
84.250000	 -76.733251
84.300000	 -76.735021
84.350000	 -76.736787
84.400000	 -76.738547
84.450000	 -76.740304
84.500000	 -76.742055
84.550000	 -76.743802
84.600000	 -76.745544
84.650000	 -76.747281
84.700000	 -76.749014
84.750000	 -76.750742
84.800000	 -76.752465
84.850000	 -76.754184
84.900000	 -76.755898
84.950000	 -76.757607
85.000000	 -76.759311
85.050000	 -76.761011
85.100000	 -76.762707
85.150000	 -76.764397
85.200000	 -76.766083
85.250000	 -76.767764
85.300000	 -76.769441
85.350000	 -76.771113
85.400000	 -76.772781
85.450000	 -76.774443
85.500000	 -76.776102
85.550000	 -76.777755
85.600000	 -76.779404
85.650000	 -76.781048
85.700000	 -76.782688
85.750000	 -76.784323
85.800000	 -76.785954
85.850000	 -76.787580
85.900000	 -76.789201
85.950000	 -76.790818
86.000000	 -76.792430
86.050000	 -76.794038
86.100000	 -76.795641
86.150000	 -76.797239
86.200000	 -76.798833
86.250000	 -76.800423
86.300000	 -76.802007
86.350000	 -76.803588
86.400000	 -76.805164
86.450000	 -76.806735
86.500000	 -76.808301
86.550000	 -76.809864
86.600000	 -76.811421
86.650000	 -76.812975
86.700000	 -76.814523
86.750000	 -76.816067
86.800000	 -76.817607
86.850000	 -76.819142
86.900000	 -76.820673
86.950000	 -76.822199
87.000000	 -76.823721
87.050000	 -76.825238
87.100000	 -76.826751
87.150000	 -76.828259
87.200000	 -76.829763
87.250000	 -76.831262
87.300000	 -76.832757
87.350000	 -76.834248
87.400000	 -76.835734
87.450000	 -76.837216
87.500000	 -76.838693
87.550000	 -76.840166
87.600000	 -76.841634
87.650000	 -76.843098
87.700000	 -76.844557
87.750000	 -76.846013
87.800000	 -76.847463
87.850000	 -76.848910
87.900000	 -76.850352
87.950000	 -76.851789
88.000000	 -76.853222
88.050000	 -76.854651
88.100000	 -76.856076
88.150000	 -76.857496
88.200000	 -76.858911
88.250000	 -76.860323
88.300000	 -76.861730
88.350000	 -76.863132
88.400000	 -76.864530
88.450000	 -76.865924
88.500000	 -76.867314
88.550000	 -76.868699
88.600000	 -76.870080
88.650000	 -76.871457
88.700000	 -76.872829
88.750000	 -76.874197
88.800000	 -76.875561
88.850000	 -76.876920
88.900000	 -76.878275
88.950000	 -76.879626
89.000000	 -76.880972
89.050000	 -76.882315
89.100000	 -76.883653
89.150000	 -76.884986
89.200000	 -76.886316
89.250000	 -76.887641
89.300000	 -76.888961
89.350000	 -76.890278
89.400000	 -76.891590
89.450000	 -76.892898
89.500000	 -76.894202
89.550000	 -76.895502
89.600000	 -76.896797
89.650000	 -76.898088
89.700000	 -76.899375
89.750000	 -76.900657
89.800000	 -76.901936
89.850000	 -76.903210
89.900000	 -76.904480
89.950000	 -76.905746
90.000000	 -76.907007
90.050000	 -76.908264
90.100000	 -76.909518
90.150000	 -76.910766
90.200000	 -76.912011
90.250000	 -76.913252
90.300000	 -76.914488
90.350000	 -76.915720
90.400000	 -76.916948
90.450000	 -76.918172
90.500000	 -76.919392
90.550000	 -76.920607
90.600000	 -76.921819
90.650000	 -76.923026
90.700000	 -76.924229
90.750000	 -76.925428
90.800000	 -76.926623
90.850000	 -76.927814
90.900000	 -76.929000
90.950000	 -76.930183
91.000000	 -76.931361
91.050000	 -76.932535
91.100000	 -76.933705
91.150000	 -76.934871
91.200000	 -76.936033
91.250000	 -76.937191
91.300000	 -76.938344
91.350000	 -76.939494
91.400000	 -76.940639
91.450000	 -76.941781
91.500000	 -76.942918
91.550000	 -76.944051
91.600000	 -76.945181
91.650000	 -76.946306
91.700000	 -76.947427
91.750000	 -76.948544
91.800000	 -76.949657
91.850000	 -76.950766
91.900000	 -76.951871
91.950000	 -76.952971
92.000000	 -76.954068
92.050000	 -76.955161
92.100000	 -76.956250
92.150000	 -76.957335
92.200000	 -76.958415
92.250000	 -76.959492
92.300000	 -76.960565
92.350000	 -76.961633
92.400000	 -76.962698
92.450000	 -76.963759
92.500000	 -76.964816
92.550000	 -76.965868
92.600000	 -76.966917
92.650000	 -76.967962
92.700000	 -76.969003
92.750000	 -76.970040
92.800000	 -76.971073
92.850000	 -76.972102
92.900000	 -76.973127
92.950000	 -76.974148
93.000000	 -76.975165
93.050000	 -76.976179
93.100000	 -76.977188
93.150000	 -76.978193
93.200000	 -76.979195
93.250000	 -76.980193
93.300000	 -76.981186
93.350000	 -76.982176
93.400000	 -76.983162
93.450000	 -76.984144
93.500000	 -76.985122
93.550000	 -76.986096
93.600000	 -76.987067
93.650000	 -76.988033
93.700000	 -76.988996
93.750000	 -76.989955
93.800000	 -76.990910
93.850000	 -76.991861
93.900000	 -76.992808
93.950000	 -76.993752
94.000000	 -76.994691
94.050000	 -76.995627
94.100000	 -76.996559
94.150000	 -76.997487
94.200000	 -76.998411
94.250000	 -76.999332
94.300000	 -77.000249
94.350000	 -77.001162
94.400000	 -77.002071
94.450000	 -77.002976
94.500000	 -77.003878
94.550000	 -77.004776
94.600000	 -77.005670
94.650000	 -77.006560
94.700000	 -77.007446
94.750000	 -77.008329
94.800000	 -77.009208
94.850000	 -77.010084
94.900000	 -77.010955
94.950000	 -77.011823
95.000000	 -77.012687
95.050000	 -77.013547
95.100000	 -77.014404
95.150000	 -77.015257
95.200000	 -77.016106
95.250000	 -77.016952
95.300000	 -77.017794
95.350000	 -77.018632
95.400000	 -77.019466
95.450000	 -77.020297
95.500000	 -77.021124
95.550000	 -77.021948
95.600000	 -77.022768
95.650000	 -77.023584
95.700000	 -77.024396
95.750000	 -77.025205
95.800000	 -77.026010
95.850000	 -77.026812
95.900000	 -77.027610
95.950000	 -77.028404
96.000000	 -77.029195
96.050000	 -77.029982
96.100000	 -77.030766
96.150000	 -77.031546
96.200000	 -77.032322
96.250000	 -77.033095
96.300000	 -77.033864
96.350000	 -77.034629
96.400000	 -77.035391
96.450000	 -77.036150
96.500000	 -77.036905
96.550000	 -77.037656
96.600000	 -77.038404
96.650000	 -77.039148
96.700000	 -77.039889
96.750000	 -77.040626
96.800000	 -77.041360
96.850000	 -77.042090
96.900000	 -77.042816
96.950000	 -77.043539
97.000000	 -77.044259
97.050000	 -77.044975
97.100000	 -77.045688
97.150000	 -77.046397
97.200000	 -77.047102
97.250000	 -77.047804
97.300000	 -77.048503
97.350000	 -77.049198
97.400000	 -77.049890
97.450000	 -77.050578
97.500000	 -77.051263
97.550000	 -77.051944
97.600000	 -77.052622
97.650000	 -77.053297
97.700000	 -77.053968
97.750000	 -77.054635
97.800000	 -77.055300
97.850000	 -77.055961
97.900000	 -77.056618
97.950000	 -77.057272
98.000000	 -77.057923
98.050000	 -77.058570
98.100000	 -77.059214
98.150000	 -77.059854
98.200000	 -77.060491
98.250000	 -77.061125
98.300000	 -77.061755
98.350000	 -77.062382
98.400000	 -77.063006
98.450000	 -77.063626
98.500000	 -77.064243
98.550000	 -77.064857
98.600000	 -77.065467
98.650000	 -77.066074
98.700000	 -77.066678
98.750000	 -77.067278
98.800000	 -77.067875
98.850000	 -77.068469
98.900000	 -77.069060
98.950000	 -77.069647
99.000000	 -77.070231
99.050000	 -77.070811
99.100000	 -77.071389
99.150000	 -77.071963
99.200000	 -77.072533
99.250000	 -77.073101
99.300000	 -77.073665
99.350000	 -77.074226
99.400000	 -77.074784
99.450000	 -77.075339
99.500000	 -77.075890
99.550000	 -77.076438
99.600000	 -77.076983
99.650000	 -77.077525
99.700000	 -77.078063
99.750000	 -77.078599
99.800000	 -77.079131
99.850000	 -77.079660
99.900000	 -77.080186
99.950000	 -77.080708
100.000000	 -77.081228
