0.000000	 -76.550956
0.050000	 -76.550956
0.100000	 -76.550956
0.150000	 -76.550956
0.200000	 -76.550956
0.250000	 -76.550956
0.300000	 -76.550956
0.350000	 -76.550956
0.400000	 -76.550956
0.450000	 -76.550956
0.500000	 -76.550955
0.550000	 -76.550955
0.600000	 -76.550955
0.650000	 -76.550955
0.700000	 -76.550955
0.750000	 -76.550955
0.800000	 -76.550955
0.850000	 -76.550955
0.900000	 -76.550955
0.950000	 -76.550955
1.000000	 -76.550955
1.050000	 -76.550955
1.100000	 -76.550955
1.150000	 -76.550955
1.200000	 -76.550955
1.250000	 -76.550955
1.300000	 -76.550955
1.350000	 -76.550955
1.400000	 -76.550955
1.450000	 -76.550955
1.500000	 -76.550955
1.550000	 -76.550955
1.600000	 -76.550955
1.650000	 -76.550955
1.700000	 -76.550955
1.750000	 -76.550954
1.800000	 -76.550954
1.850000	 -76.550954
1.900000	 -76.550954
1.950000	 -76.550954
2.000000	 -76.550954
2.050000	 -76.550954
2.100000	 -76.550954
2.150000	 -76.550954
2.200000	 -76.550954
2.250000	 -76.550954
2.300000	 -76.550954
2.350000	 -76.550954
2.400000	 -76.550954
2.450000	 -76.550954
2.500000	 -76.550954
2.550000	 -76.550954
2.600000	 -76.550954
2.650000	 -76.550954
2.700000	 -76.550954
2.750000	 -76.550954
2.800000	 -76.550954
2.850000	 -76.550954
2.900000	 -76.550954
2.950000	 -76.550954
3.000000	 -76.550953
3.050000	 -76.550953
3.100000	 -76.550953
3.150000	 -76.550953
3.200000	 -76.550953
3.250000	 -76.550953
3.300000	 -76.550953
3.350000	 -76.550953
3.400000	 -76.550953
3.450000	 -76.550953
3.500000	 -76.550953
3.550000	 -76.550953
3.600000	 -76.550953
3.650000	 -76.550953
3.700000	 -76.550953
3.750000	 -76.550953
3.800000	 -76.550953
3.850000	 -76.550953
3.900000	 -76.550953
3.950000	 -76.550953
4.000000	 -76.550953
4.050000	 -76.550953
4.100000	 -76.550953
4.150000	 -76.550953
4.200000	 -76.550952
4.250000	 -76.550952
4.300000	 -76.550952
4.350000	 -76.550952
4.400000	 -76.550952
4.450000	 -76.550952
4.500000	 -76.550952
4.550000	 -76.550952
4.600000	 -76.550952
4.650000	 -76.550952
4.700000	 -76.550952
4.750000	 -76.550952
4.800000	 -76.550952
4.850000	 -76.550952
4.900000	 -76.550952
4.950000	 -76.550952
5.000000	 -76.550952
5.050000	 -76.550951
5.100000	 -76.550945
5.150000	 -76.550924
5.200000	 -76.550868
5.250000	 -76.550749
5.300000	 -76.550529
5.350000	 -76.550165
5.400000	 -76.549612
5.450000	 -76.548823
5.500000	 -76.547752
5.550000	 -76.546357
5.600000	 -76.544601
5.650000	 -76.542449
5.700000	 -76.539875
5.750000	 -76.536856
5.800000	 -76.533374
5.850000	 -76.529417
5.900000	 -76.524978
5.950000	 -76.520052
6.000000	 -76.514640
6.050000	 -76.508745
6.100000	 -76.502372
6.150000	 -76.495529
6.200000	 -76.488228
6.250000	 -76.480478
6.300000	 -76.472293
6.350000	 -76.463687
6.400000	 -76.454673
6.450000	 -76.445266
6.500000	 -76.435481
6.550000	 -76.425331
6.600000	 -76.414832
6.650000	 -76.403997
6.700000	 -76.392839
6.750000	 -76.381372
6.800000	 -76.369609
6.850000	 -76.357560
6.900000	 -76.345237
6.950000	 -76.332651
7.000000	 -76.319811
7.050000	 -76.306726
7.100000	 -76.293406
7.150000	 -76.279857
7.200000	 -76.266087
7.250000	 -76.252103
7.300000	 -76.237910
7.350000	 -76.223514
7.400000	 -76.208920
7.450000	 -76.194132
7.500000	 -76.179156
7.550000	 -76.163993
7.600000	 -76.148650
7.650000	 -76.133127
7.700000	 -76.117430
7.750000	 -76.101560
7.800000	 -76.085520
7.850000	 -76.069315
7.900000	 -76.052945
7.950000	 -76.036416
8.000000	 -76.019729
8.050000	 -76.002888
8.100000	 -75.985896
8.150000	 -75.968759
8.200000	 -75.951480
8.250000	 -75.934063
8.300000	 -75.916515
8.350000	 -75.898842
8.400000	 -75.881049
8.450000	 -75.863144
8.500000	 -75.845136
8.550000	 -75.827032
8.600000	 -75.808842
8.650000	 -75.790575
8.700000	 -75.772244
8.750000	 -75.753860
8.800000	 -75.735433
8.850000	 -75.716978
8.900000	 -75.698507
8.950000	 -75.680034
9.000000	 -75.661573
9.050000	 -75.643137
9.100000	 -75.624741
9.150000	 -75.606398
9.200000	 -75.588121
9.250000	 -75.569925
9.300000	 -75.551820
9.350000	 -75.533819
9.400000	 -75.515933
9.450000	 -75.498173
9.500000	 -75.480547
9.550000	 -75.463064
9.600000	 -75.445731
9.650000	 -75.428555
9.700000	 -75.411539
9.750000	 -75.394689
9.800000	 -75.378007
9.850000	 -75.361495
9.900000	 -75.345155
9.950000	 -75.328985
10.000000	 -75.312986
10.050000	 -75.297155
10.100000	 -75.281491
10.150000	 -75.265989
10.200000	 -75.250647
10.250000	 -75.235461
10.300000	 -75.220425
10.350000	 -75.205534
10.400000	 -75.190784
10.450000	 -75.176169
10.500000	 -75.161682
10.550000	 -75.147318
10.600000	 -75.133072
10.650000	 -75.118936
10.700000	 -75.104905
10.750000	 -75.090973
10.800000	 -75.077134
10.850000	 -75.063383
10.900000	 -75.049712
10.950000	 -75.036118
11.000000	 -75.022595
11.050000	 -75.009137
11.100000	 -74.995740
11.150000	 -74.982399
11.200000	 -74.969109
11.250000	 -74.955866
11.300000	 -74.942666
11.350000	 -74.929505
11.400000	 -74.916379
11.450000	 -74.903285
11.500000	 -74.890221
11.550000	 -74.877182
11.600000	 -74.864166
11.650000	 -74.851171
11.700000	 -74.838194
11.750000	 -74.825233
11.800000	 -74.812286
11.850000	 -74.799352
11.900000	 -74.786428
11.950000	 -74.773513
12.000000	 -74.760606
12.050000	 -74.747706
12.100000	 -74.734811
12.150000	 -74.721922
12.200000	 -74.709036
12.250000	 -74.696154
12.300000	 -74.683275
12.350000	 -74.670398
12.400000	 -74.657524
12.450000	 -74.644651
12.500000	 -74.631780
12.550000	 -74.618911
12.600000	 -74.606044
12.650000	 -74.593179
12.700000	 -74.580315
12.750000	 -74.567454
12.800000	 -74.554595
12.850000	 -74.541739
12.900000	 -74.528886
12.950000	 -74.516037
13.000000	 -74.503191
13.050000	 -74.490349
13.100000	 -74.477512
13.150000	 -74.464681
13.200000	 -74.451855
13.250000	 -74.439035
13.300000	 -74.426222
13.350000	 -74.413416
13.400000	 -74.400618
13.450000	 -74.387829
13.500000	 -74.375048
13.550000	 -74.362276
13.600000	 -74.349515
13.650000	 -74.336763
13.700000	 -74.324023
13.750000	 -74.311294
13.800000	 -74.298578
13.850000	 -74.285873
13.900000	 -74.273182
13.950000	 -74.260504
14.000000	 -74.247840
14.050000	 -74.235190
14.100000	 -74.222555
14.150000	 -74.209935
14.200000	 -74.197330
14.250000	 -74.184742
14.300000	 -74.172170
14.350000	 -74.159614
14.400000	 -74.147076
14.450000	 -74.134555
14.500000	 -74.122052
14.550000	 -74.109566
14.600000	 -74.097099
14.650000	 -74.084651
14.700000	 -74.072221
14.750000	 -74.059811
14.800000	 -74.047420
14.850000	 -74.035048
14.900000	 -74.022696
14.950000	 -74.010364
15.000000	 -73.998052
15.050000	 -73.985761
15.100000	 -73.973490
15.150000	 -73.961240
15.200000	 -73.949011
15.250000	 -73.936802
15.300000	 -73.924615
15.350000	 -73.912449
15.400000	 -73.900305
15.450000	 -73.888182
15.500000	 -73.876081
15.550000	 -73.864001
15.600000	 -73.851944
15.650000	 -73.839908
15.700000	 -73.827895
15.750000	 -73.815903
15.800000	 -73.803934
15.850000	 -73.791987
15.900000	 -73.780063
15.950000	 -73.768161
16.000000	 -73.756281
16.050000	 -73.744424
16.100000	 -73.732590
16.150000	 -73.720778
16.200000	 -73.708990
16.250000	 -73.697224
16.300000	 -73.685481
16.350000	 -73.673761
16.400000	 -73.662064
16.450000	 -73.650391
16.500000	 -73.638740
16.550000	 -73.627112
16.600000	 -73.615508
16.650000	 -73.603927
16.700000	 -73.592370
16.750000	 -73.580836
16.800000	 -73.569325
16.850000	 -73.557837
16.900000	 -73.546374
16.950000	 -73.534933
17.000000	 -73.523516
17.050000	 -73.512123
17.100000	 -73.500754
17.150000	 -73.489408
17.200000	 -73.478086
17.250000	 -73.466788
17.300000	 -73.455513
17.350000	 -73.444263
17.400000	 -73.433036
17.450000	 -73.421833
17.500000	 -73.410655
17.550000	 -73.399500
17.600000	 -73.388369
17.650000	 -73.377263
17.700000	 -73.366181
17.750000	 -73.355123
17.800000	 -73.344089
17.850000	 -73.333080
17.900000	 -73.322095
17.950000	 -73.311134
18.000000	 -73.300198
18.050000	 -73.289286
18.100000	 -73.278399
18.150000	 -73.267536
18.200000	 -73.256698
18.250000	 -73.245885
18.300000	 -73.235097
18.350000	 -73.224333
18.400000	 -73.213594
18.450000	 -73.202880
18.500000	 -73.192191
18.550000	 -73.181526
18.600000	 -73.170887
18.650000	 -73.160273
18.700000	 -73.149684
18.750000	 -73.139120
18.800000	 -73.128581
18.850000	 -73.118067
18.900000	 -73.107579
18.950000	 -73.097116
19.000000	 -73.086678
19.050000	 -73.076266
19.100000	 -73.065879
19.150000	 -73.055518
19.200000	 -73.045182
19.250000	 -73.034872
19.300000	 -73.024587
19.350000	 -73.014328
19.400000	 -73.004095
19.450000	 -72.993888
19.500000	 -72.983706
19.550000	 -72.973550
19.600000	 -72.963421
19.650000	 -72.953317
19.700000	 -72.943239
19.750000	 -72.933187
19.800000	 -72.923161
19.850000	 -72.913161
19.900000	 -72.903187
19.950000	 -72.893240
20.000000	 -72.883319
20.050000	 -72.873424
20.100000	 -72.863555
20.150000	 -72.853713
20.200000	 -72.843897
20.250000	 -72.834108
20.300000	 -72.824345
20.350000	 -72.814609
20.400000	 -72.804900
20.450000	 -72.795217
20.500000	 -72.785561
20.550000	 -72.775931
20.600000	 -72.766329
20.650000	 -72.756753
20.700000	 -72.747204
20.750000	 -72.737682
20.800000	 -72.728187
20.850000	 -72.718719
20.900000	 -72.709278
20.950000	 -72.699864
21.000000	 -72.690478
21.050000	 -72.681118
21.100000	 -72.671786
21.150000	 -72.662481
21.200000	 -72.653204
21.250000	 -72.643954
21.300000	 -72.634731
21.350000	 -72.625536
21.400000	 -72.616368
21.450000	 -72.607228
21.500000	 -72.598116
21.550000	 -72.589031
21.600000	 -72.579975
21.650000	 -72.570945
21.700000	 -72.561944
21.750000	 -72.552971
21.800000	 -72.544025
21.850000	 -72.535108
21.900000	 -72.526219
21.950000	 -72.517357
22.000000	 -72.508524
22.050000	 -72.499719
22.100000	 -72.490942
22.150000	 -72.482194
22.200000	 -72.473473
22.250000	 -72.464782
22.300000	 -72.456118
22.350000	 -72.447483
22.400000	 -72.438877
22.450000	 -72.430299
22.500000	 -72.421749
22.550000	 -72.413228
22.600000	 -72.404736
22.650000	 -72.396273
22.700000	 -72.387838
22.750000	 -72.379432
22.800000	 -72.371055
22.850000	 -72.362707
22.900000	 -72.354388
22.950000	 -72.346098
23.000000	 -72.337837
23.050000	 -72.329606
23.100000	 -72.321403
23.150000	 -72.313230
23.200000	 -72.305086
23.250000	 -72.296971
23.300000	 -72.288886
23.350000	 -72.280830
23.400000	 -72.272803
23.450000	 -72.264806
23.500000	 -72.256839
23.550000	 -72.248902
23.600000	 -72.240994
23.650000	 -72.233116
23.700000	 -72.225268
23.750000	 -72.217450
23.800000	 -72.209661
23.850000	 -72.201903
23.900000	 -72.194175
23.950000	 -72.186477
24.000000	 -72.178809
24.050000	 -72.171172
24.100000	 -72.163565
24.150000	 -72.155988
24.200000	 -72.148442
24.250000	 -72.140926
24.300000	 -72.133441
24.350000	 -72.125986
24.400000	 -72.118562
24.450000	 -72.111169
24.500000	 -72.103807
24.550000	 -72.096476
24.600000	 -72.089175
24.650000	 -72.081906
24.700000	 -72.074668
24.750000	 -72.067461
24.800000	 -72.060285
24.850000	 -72.053141
24.900000	 -72.046028
24.950000	 -72.038946
25.000000	 -72.031896
25.050000	 -72.024878
25.100000	 -72.017891
25.150000	 -72.010936
25.200000	 -72.004014
25.250000	 -71.997123
25.300000	 -71.990264
25.350000	 -71.983438
25.400000	 -71.976645
25.450000	 -71.969884
25.500000	 -71.963155
25.550000	 -71.956460
25.600000	 -71.949797
25.650000	 -71.943167
25.700000	 -71.936569
25.750000	 -71.930005
25.800000	 -71.923474
25.850000	 -71.916975
25.900000	 -71.910510
25.950000	 -71.904078
26.000000	 -71.897680
26.050000	 -71.891314
26.100000	 -71.884982
26.150000	 -71.878683
26.200000	 -71.872418
26.250000	 -71.866187
26.300000	 -71.859989
26.350000	 -71.853824
26.400000	 -71.847694
26.450000	 -71.841598
26.500000	 -71.835535
26.550000	 -71.829507
26.600000	 -71.823512
26.650000	 -71.817552
26.700000	 -71.811627
26.750000	 -71.805735
26.800000	 -71.799879
26.850000	 -71.794056
26.900000	 -71.788269
26.950000	 -71.782516
27.000000	 -71.776799
27.050000	 -71.771116
27.100000	 -71.765468
27.150000	 -71.759856
27.200000	 -71.754279
27.250000	 -71.748737
27.300000	 -71.743231
27.350000	 -71.737761
27.400000	 -71.732326
27.450000	 -71.726927
27.500000	 -71.721564
27.550000	 -71.716237
27.600000	 -71.710947
27.650000	 -71.705692
27.700000	 -71.700474
27.750000	 -71.695293
27.800000	 -71.690148
27.850000	 -71.685040
27.900000	 -71.679969
27.950000	 -71.674935
28.000000	 -71.669938
28.050000	 -71.664979
28.100000	 -71.660057
28.150000	 -71.655172
28.200000	 -71.650325
28.250000	 -71.645515
28.300000	 -71.640744
28.350000	 -71.636010
28.400000	 -71.631315
28.450000	 -71.626658
28.500000	 -71.622039
28.550000	 -71.617459
28.600000	 -71.612918
28.650000	 -71.608415
28.700000	 -71.603951
28.750000	 -71.599527
28.800000	 -71.595141
28.850000	 -71.590795
28.900000	 -71.586488
28.950000	 -71.582221
29.000000	 -71.577993
29.050000	 -71.573806
29.100000	 -71.569658
29.150000	 -71.565550
29.200000	 -71.561483
29.250000	 -71.557456
29.300000	 -71.553470
29.350000	 -71.549525
29.400000	 -71.545620
29.450000	 -71.541756
29.500000	 -71.537933
29.550000	 -71.534152
29.600000	 -71.530412
29.650000	 -71.526713
29.700000	 -71.523056
29.750000	 -71.519441
29.800000	 -71.515868
29.850000	 -71.512337
29.900000	 -71.508849
29.950000	 -71.505402
30.000000	 -71.501998
30.050000	 -71.498637
30.100000	 -71.495319
30.150000	 -71.492043
30.200000	 -71.488811
30.250000	 -71.485622
30.300000	 -71.482476
30.350000	 -71.479374
30.400000	 -71.476315
30.450000	 -71.473301
30.500000	 -71.470330
30.550000	 -71.467403
30.600000	 -71.464521
30.650000	 -71.461682
30.700000	 -71.458889
30.750000	 -71.456139
30.800000	 -71.453435
30.850000	 -71.450776
30.900000	 -71.448161
30.950000	 -71.445592
31.000000	 -71.443068
31.050000	 -71.440589
31.100000	 -71.438156
31.150000	 -71.435768
31.200000	 -71.433426
31.250000	 -71.431131
31.300000	 -71.428881
31.350000	 -71.426677
31.400000	 -71.424520
31.450000	 -71.422409
31.500000	 -71.420344
31.550000	 -71.418326
31.600000	 -71.416355
31.650000	 -71.414430
31.700000	 -71.412553
31.750000	 -71.410722
31.800000	 -71.408938
31.850000	 -71.407202
31.900000	 -71.405513
31.950000	 -71.403871
32.000000	 -71.402277
32.050000	 -71.400731
32.100000	 -71.399232
32.150000	 -71.397780
32.200000	 -71.396377
32.250000	 -71.395021
32.300000	 -71.393713
32.350000	 -71.392453
32.400000	 -71.391241
32.450000	 -71.390077
32.500000	 -71.388962
32.550000	 -71.387894
32.600000	 -71.386875
32.650000	 -71.385904
32.700000	 -71.384981
32.750000	 -71.384106
32.800000	 -71.383280
32.850000	 -71.382502
32.900000	 -71.381773
32.950000	 -71.381092
33.000000	 -71.380459
33.050000	 -71.379875
33.100000	 -71.379339
33.150000	 -71.378851
33.200000	 -71.378412
33.250000	 -71.378022
33.300000	 -71.377679
33.350000	 -71.377385
33.400000	 -71.377139
33.450000	 -71.376942
33.500000	 -71.376792
33.550000	 -71.376691
33.600000	 -71.376638
33.650000	 -71.376633
33.700000	 -71.376676
33.750000	 -71.376767
33.800000	 -71.376905
33.850000	 -71.377092
33.900000	 -71.377326
33.950000	 -71.377608
34.000000	 -71.377937
34.050000	 -71.378314
34.100000	 -71.378738
34.150000	 -71.379210
34.200000	 -71.379729
34.250000	 -71.380294
34.300000	 -71.380907
34.350000	 -71.381566
34.400000	 -71.382272
34.450000	 -71.383025
34.500000	 -71.383823
34.550000	 -71.384669
34.600000	 -71.385560
34.650000	 -71.386497
34.700000	 -71.387480
34.750000	 -71.388509
34.800000	 -71.389584
34.850000	 -71.390703
34.900000	 -71.391868
34.950000	 -71.393078
35.000000	 -71.394333
35.050000	 -71.395632
35.100000	 -71.396976
35.150000	 -71.398364
35.200000	 -71.399796
35.250000	 -71.401273
35.300000	 -71.402793
35.350000	 -71.404356
35.400000	 -71.405963
35.450000	 -71.407613
35.500000	 -71.409306
35.550000	 -71.411042
35.600000	 -71.412820
35.650000	 -71.414641
35.700000	 -71.416504
35.750000	 -71.418408
35.800000	 -71.420355
35.850000	 -71.422343
35.900000	 -71.424372
35.950000	 -71.426442
36.000000	 -71.428553
36.050000	 -71.430705
36.100000	 -71.432897
36.150000	 -71.435129
36.200000	 -71.437401
36.250000	 -71.439712
36.300000	 -71.442064
36.350000	 -71.444454
36.400000	 -71.446884
36.450000	 -71.449352
36.500000	 -71.451859
36.550000	 -71.454404
36.600000	 -71.456987
36.650000	 -71.459609
36.700000	 -71.462267
36.750000	 -71.464964
36.800000	 -71.467697
36.850000	 -71.470468
36.900000	 -71.473275
36.950000	 -71.476119
37.000000	 -71.478999
37.050000	 -71.481915
37.100000	 -71.484866
37.150000	 -71.487854
37.200000	 -71.490877
37.250000	 -71.493935
37.300000	 -71.497028
37.350000	 -71.500155
37.400000	 -71.503317
37.450000	 -71.506513
37.500000	 -71.509744
37.550000	 -71.513008
37.600000	 -71.516306
37.650000	 -71.519637
37.700000	 -71.523001
37.750000	 -71.526398
37.800000	 -71.529828
37.850000	 -71.533291
37.900000	 -71.536786
37.950000	 -71.540312
38.000000	 -71.543871
38.050000	 -71.547462
38.100000	 -71.551083
38.150000	 -71.554736
38.200000	 -71.558421
38.250000	 -71.562135
38.300000	 -71.565881
38.350000	 -71.569657
38.400000	 -71.573463
38.450000	 -71.577299
38.500000	 -71.581165
38.550000	 -71.585061
38.600000	 -71.588986
38.650000	 -71.592940
38.700000	 -71.596923
38.750000	 -71.600936
38.800000	 -71.604976
38.850000	 -71.609045
38.900000	 -71.613143
38.950000	 -71.617268
39.000000	 -71.621422
39.050000	 -71.625603
39.100000	 -71.629811
39.150000	 -71.634047
39.200000	 -71.638310
39.250000	 -71.642600
39.300000	 -71.646916
39.350000	 -71.651259
39.400000	 -71.655629
39.450000	 -71.660025
39.500000	 -71.664446
39.550000	 -71.668894
39.600000	 -71.673367
39.650000	 -71.677866
39.700000	 -71.682390
39.750000	 -71.686939
39.800000	 -71.691513
39.850000	 -71.696112
39.900000	 -71.700735
39.950000	 -71.705383
40.000000	 -71.710055
40.050000	 -71.714752
40.100000	 -71.719472
40.150000	 -71.724216
40.200000	 -71.728983
40.250000	 -71.733774
40.300000	 -71.738589
40.350000	 -71.743426
40.400000	 -71.748286
40.450000	 -71.753169
40.500000	 -71.758075
40.550000	 -71.763003
40.600000	 -71.767953
40.650000	 -71.772926
40.700000	 -71.777920
40.750000	 -71.782937
40.800000	 -71.787975
40.850000	 -71.793034
40.900000	 -71.798115
40.950000	 -71.803218
41.000000	 -71.808341
41.050000	 -71.813485
41.100000	 -71.818650
41.150000	 -71.823835
41.200000	 -71.829041
41.250000	 -71.834268
41.300000	 -71.839514
41.350000	 -71.844781
41.400000	 -71.850067
41.450000	 -71.855373
41.500000	 -71.860699
41.550000	 -71.866044
41.600000	 -71.871408
41.650000	 -71.876792
41.700000	 -71.882195
41.750000	 -71.887616
41.800000	 -71.893056
41.850000	 -71.898515
41.900000	 -71.903993
41.950000	 -71.909488
42.000000	 -71.915002
42.050000	 -71.920534
42.100000	 -71.926084
42.150000	 -71.931652
42.200000	 -71.937237
42.250000	 -71.942840
42.300000	 -71.948460
42.350000	 -71.954097
42.400000	 -71.959752
42.450000	 -71.965424
42.500000	 -71.971112
42.550000	 -71.976818
42.600000	 -71.982539
42.650000	 -71.988278
42.700000	 -71.994032
42.750000	 -71.999803
42.800000	 -72.005591
42.850000	 -72.011394
42.900000	 -72.017213
42.950000	 -72.023047
43.000000	 -72.028898
43.050000	 -72.034763
43.100000	 -72.040645
43.150000	 -72.046541
43.200000	 -72.052453
43.250000	 -72.058379
43.300000	 -72.064321
43.350000	 -72.070277
43.400000	 -72.076248
43.450000	 -72.082233
43.500000	 -72.088233
43.550000	 -72.094248
43.600000	 -72.100276
43.650000	 -72.106319
43.700000	 -72.112376
43.750000	 -72.118446
43.800000	 -72.124530
43.850000	 -72.130628
43.900000	 -72.136740
43.950000	 -72.142865
44.000000	 -72.149003
44.050000	 -72.155154
44.100000	 -72.161319
44.150000	 -72.167496
44.200000	 -72.173687
44.250000	 -72.179890
44.300000	 -72.186106
44.350000	 -72.192335
44.400000	 -72.198576
44.450000	 -72.204829
44.500000	 -72.211095
44.550000	 -72.217373
44.600000	 -72.223663
44.650000	 -72.229965
44.700000	 -72.236279
44.750000	 -72.242605
44.800000	 -72.248942
44.850000	 -72.255291
44.900000	 -72.261652
44.950000	 -72.268024
45.000000	 -72.274407
45.050000	 -72.280802
45.100000	 -72.287207
45.150000	 -72.293624
45.200000	 -72.300051
45.250000	 -72.306490
45.300000	 -72.312939
45.350000	 -72.319399
45.400000	 -72.325869
45.450000	 -72.332350
45.500000	 -72.338842
45.550000	 -72.345343
45.600000	 -72.351855
45.650000	 -72.358377
45.700000	 -72.364910
45.750000	 -72.371452
45.800000	 -72.378004
45.850000	 -72.384565
45.900000	 -72.391137
45.950000	 -72.397718
46.000000	 -72.404309
46.050000	 -72.410909
46.100000	 -72.417519
46.150000	 -72.424137
46.200000	 -72.430766
46.250000	 -72.437403
46.300000	 -72.444049
46.350000	 -72.450705
46.400000	 -72.457369
46.450000	 -72.464042
46.500000	 -72.470724
46.550000	 -72.477414
46.600000	 -72.484114
46.650000	 -72.490821
46.700000	 -72.497538
46.750000	 -72.504262
46.800000	 -72.510995
46.850000	 -72.517736
46.900000	 -72.524485
46.950000	 -72.531242
47.000000	 -72.538007
47.050000	 -72.544780
47.100000	 -72.551561
47.150000	 -72.558349
47.200000	 -72.565145
47.250000	 -72.571948
47.300000	 -72.578758
47.350000	 -72.585576
47.400000	 -72.592401
47.450000	 -72.599233
47.500000	 -72.606072
47.550000	 -72.612917
47.600000	 -72.619770
47.650000	 -72.626629
47.700000	 -72.633495
47.750000	 -72.640368
47.800000	 -72.647247
47.850000	 -72.654132
47.900000	 -72.661024
47.950000	 -72.667922
48.000000	 -72.674826
48.050000	 -72.681736
48.100000	 -72.688652
48.150000	 -72.695574
48.200000	 -72.702501
48.250000	 -72.709435
48.300000	 -72.716374
48.350000	 -72.723318
48.400000	 -72.730269
48.450000	 -72.737224
48.500000	 -72.744185
48.550000	 -72.751151
48.600000	 -72.758123
48.650000	 -72.765099
48.700000	 -72.772081
48.750000	 -72.779067
48.800000	 -72.786059
48.850000	 -72.793055
48.900000	 -72.800056
48.950000	 -72.807062
49.000000	 -72.814072
49.050000	 -72.821087
49.100000	 -72.828106
49.150000	 -72.835130
49.200000	 -72.842158
49.250000	 -72.849190
49.300000	 -72.856227
49.350000	 -72.863267
49.400000	 -72.870312
49.450000	 -72.877361
49.500000	 -72.884413
49.550000	 -72.891470
49.600000	 -72.898530
49.650000	 -72.905594
49.700000	 -72.912662
49.750000	 -72.919733
49.800000	 -72.926808
49.850000	 -72.933886
49.900000	 -72.940968
49.950000	 -72.948053
50.000000	 -72.955142
50.050000	 -72.962233
50.100000	 -72.969328
50.150000	 -72.976426
50.200000	 -72.983527
50.250000	 -72.990631
50.300000	 -72.997738
50.350000	 -73.004848
50.400000	 -73.011960
50.450000	 -73.019076
50.500000	 -73.026194
50.550000	 -73.033314
50.600000	 -73.040438
50.650000	 -73.047564
50.700000	 -73.054692
50.750000	 -73.061823
50.800000	 -73.068956
50.850000	 -73.076091
50.900000	 -73.083229
50.950000	 -73.090369
51.000000	 -73.097511
51.050000	 -73.104655
51.100000	 -73.111802
51.150000	 -73.118950
51.200000	 -73.126100
51.250000	 -73.133252
51.300000	 -73.140406
51.350000	 -73.147562
51.400000	 -73.154719
51.450000	 -73.161878
51.500000	 -73.169039
51.550000	 -73.176202
51.600000	 -73.183366
51.650000	 -73.190531
51.700000	 -73.197698
51.750000	 -73.204866
51.800000	 -73.212036
51.850000	 -73.219206
51.900000	 -73.226378
51.950000	 -73.233552
52.000000	 -73.240726
52.050000	 -73.247902
52.100000	 -73.255078
52.150000	 -73.262256
52.200000	 -73.269434
52.250000	 -73.276614
52.300000	 -73.283794
52.350000	 -73.290976
52.400000	 -73.298157
52.450000	 -73.305340
52.500000	 -73.312524
52.550000	 -73.319708
52.600000	 -73.326892
52.650000	 -73.334077
52.700000	 -73.341263
52.750000	 -73.348449
52.800000	 -73.355636
52.850000	 -73.362823
52.900000	 -73.370010
52.950000	 -73.377198
53.000000	 -73.384386
53.050000	 -73.391574
53.100000	 -73.398762
53.150000	 -73.405950
53.200000	 -73.413139
53.250000	 -73.420327
53.300000	 -73.427516
53.350000	 -73.434705
53.400000	 -73.441893
53.450000	 -73.449081
53.500000	 -73.456270
53.550000	 -73.463457
53.600000	 -73.470645
53.650000	 -73.477833
53.700000	 -73.485020
53.750000	 -73.492207
53.800000	 -73.499393
53.850000	 -73.506579
53.900000	 -73.513765
53.950000	 -73.520950
54.000000	 -73.528134
54.050000	 -73.535318
54.100000	 -73.542501
54.150000	 -73.549684
54.200000	 -73.556866
54.250000	 -73.564047
54.300000	 -73.571228
54.350000	 -73.578407
54.400000	 -73.585586
54.450000	 -73.592764
54.500000	 -73.599941
54.550000	 -73.607117
54.600000	 -73.614292
54.650000	 -73.621466
54.700000	 -73.628639
54.750000	 -73.635811
54.800000	 -73.642982
54.850000	 -73.650151
54.900000	 -73.657319
54.950000	 -73.664485
55.000000	 -73.671651
55.050000	 -73.678814
55.100000	 -73.685976
55.150000	 -73.693137
55.200000	 -73.700296
55.250000	 -73.707453
55.300000	 -73.714609
55.350000	 -73.721762
55.400000	 -73.728914
55.450000	 -73.736064
55.500000	 -73.743212
55.550000	 -73.750358
55.600000	 -73.757502
55.650000	 -73.764643
55.700000	 -73.771783
55.750000	 -73.778920
55.800000	 -73.786056
55.850000	 -73.793188
55.900000	 -73.800319
55.950000	 -73.807447
56.000000	 -73.814573
56.050000	 -73.821696
56.100000	 -73.828817
56.150000	 -73.835935
56.200000	 -73.843051
56.250000	 -73.850163
56.300000	 -73.857274
56.350000	 -73.864381
56.400000	 -73.871486
56.450000	 -73.878588
56.500000	 -73.885687
56.550000	 -73.892783
56.600000	 -73.899876
56.650000	 -73.906966
56.700000	 -73.914053
56.750000	 -73.921137
56.800000	 -73.928218
56.850000	 -73.935295
56.900000	 -73.942370
56.950000	 -73.949441
57.000000	 -73.956509
57.050000	 -73.963574
57.100000	 -73.970635
57.150000	 -73.977693
57.200000	 -73.984747
57.250000	 -73.991798
57.300000	 -73.998846
57.350000	 -74.005890
57.400000	 -74.012930
57.450000	 -74.019967
57.500000	 -74.027000
57.550000	 -74.034029
57.600000	 -74.041055
57.650000	 -74.048076
57.700000	 -74.055095
57.750000	 -74.062109
57.800000	 -74.069119
57.850000	 -74.076126
57.900000	 -74.083128
57.950000	 -74.090127
58.000000	 -74.097121
58.050000	 -74.104112
58.100000	 -74.111098
58.150000	 -74.118080
58.200000	 -74.125058
58.250000	 -74.132032
58.300000	 -74.139002
58.350000	 -74.145967
58.400000	 -74.152929
58.450000	 -74.159886
58.500000	 -74.166838
58.550000	 -74.173786
58.600000	 -74.180730
58.650000	 -74.187670
58.700000	 -74.194605
58.750000	 -74.201535
58.800000	 -74.208461
58.850000	 -74.215382
58.900000	 -74.222299
58.950000	 -74.229211
59.000000	 -74.236119
59.050000	 -74.243022
59.100000	 -74.249920
59.150000	 -74.256813
59.200000	 -74.263702
59.250000	 -74.270586
59.300000	 -74.277465
59.350000	 -74.284339
59.400000	 -74.291209
59.450000	 -74.298073
59.500000	 -74.304933
59.550000	 -74.311787
59.600000	 -74.318637
59.650000	 -74.325482
59.700000	 -74.332321
59.750000	 -74.339156
59.800000	 -74.345985
59.850000	 -74.352810
59.900000	 -74.359629
59.950000	 -74.366443
60.000000	 -74.373252
60.050000	 -74.380056
60.100000	 -74.386854
60.150000	 -74.393647
60.200000	 -74.400435
60.250000	 -74.407218
60.300000	 -74.413995
60.350000	 -74.420767
60.400000	 -74.427533
60.450000	 -74.434295
60.500000	 -74.441050
60.550000	 -74.447800
60.600000	 -74.454545
60.650000	 -74.461284
60.700000	 -74.468018
60.750000	 -74.474746
60.800000	 -74.481469
60.850000	 -74.488186
60.900000	 -74.494897
60.950000	 -74.501603
61.000000	 -74.508303
61.050000	 -74.514998
61.100000	 -74.521686
61.150000	 -74.528370
61.200000	 -74.535047
61.250000	 -74.541718
61.300000	 -74.548384
61.350000	 -74.555044
61.400000	 -74.561698
61.450000	 -74.568346
61.500000	 -74.574989
61.550000	 -74.581625
61.600000	 -74.588256
61.650000	 -74.594880
61.700000	 -74.601499
61.750000	 -74.608112
61.800000	 -74.614718
61.850000	 -74.621319
61.900000	 -74.627914
61.950000	 -74.634503
62.000000	 -74.641085
62.050000	 -74.647662
62.100000	 -74.654232
62.150000	 -74.660796
62.200000	 -74.667354
62.250000	 -74.673906
62.300000	 -74.680452
62.350000	 -74.686992
62.400000	 -74.693525
62.450000	 -74.700052
62.500000	 -74.706573
62.550000	 -74.713088
62.600000	 -74.719596
62.650000	 -74.726098
62.700000	 -74.732594
62.750000	 -74.739083
62.800000	 -74.745566
62.850000	 -74.752042
62.900000	 -74.758512
62.950000	 -74.764975
63.000000	 -74.771432
63.050000	 -74.777882
63.100000	 -74.784326
63.150000	 -74.790763
63.200000	 -74.797193
63.250000	 -74.803617
63.300000	 -74.810034
63.350000	 -74.816444
63.400000	 -74.822847
63.450000	 -74.829244
63.500000	 -74.835633
63.550000	 -74.842016
63.600000	 -74.848392
63.650000	 -74.854761
63.700000	 -74.861123
63.750000	 -74.867478
63.800000	 -74.873826
63.850000	 -74.880167
63.900000	 -74.886501
63.950000	 -74.892828
64.000000	 -74.899148
64.050000	 -74.905461
64.100000	 -74.911767
64.150000	 -74.918065
64.200000	 -74.924357
64.250000	 -74.930641
64.300000	 -74.936918
64.350000	 -74.943188
64.400000	 -74.949450
64.450000	 -74.955705
64.500000	 -74.961953
64.550000	 -74.968193
64.600000	 -74.974427
64.650000	 -74.980652
64.700000	 -74.986871
64.750000	 -74.993082
64.800000	 -74.999285
64.850000	 -75.005481
64.900000	 -75.011670
64.950000	 -75.017851
65.000000	 -75.024025
65.050000	 -75.030191
65.100000	 -75.036349
65.150000	 -75.042500
65.200000	 -75.048644
65.250000	 -75.054780
65.300000	 -75.060908
65.350000	 -75.067029
65.400000	 -75.073141
65.450000	 -75.079247
65.500000	 -75.085344
65.550000	 -75.091434
65.600000	 -75.097517
65.650000	 -75.103591
65.700000	 -75.109658
65.750000	 -75.115717
65.800000	 -75.121768
65.850000	 -75.127811
65.900000	 -75.133847
65.950000	 -75.139875
66.000000	 -75.145895
66.050000	 -75.151907
66.100000	 -75.157911
66.150000	 -75.163907
66.200000	 -75.169896
66.250000	 -75.175876
66.300000	 -75.181849
66.350000	 -75.187814
66.400000	 -75.193770
66.450000	 -75.199719
66.500000	 -75.205660
66.550000	 -75.211593
66.600000	 -75.217518
66.650000	 -75.223434
66.700000	 -75.229343
66.750000	 -75.235244
66.800000	 -75.241137
66.850000	 -75.247021
66.900000	 -75.252898
66.950000	 -75.258766
67.000000	 -75.264627
67.050000	 -75.270479
67.100000	 -75.276323
67.150000	 -75.282159
67.200000	 -75.287987
67.250000	 -75.293807
67.300000	 -75.299619
67.350000	 -75.305422
67.400000	 -75.311217
67.450000	 -75.317004
67.500000	 -75.322783
67.550000	 -75.328554
67.600000	 -75.334316
67.650000	 -75.340070
67.700000	 -75.345816
67.750000	 -75.351554
67.800000	 -75.357284
67.850000	 -75.363005
67.900000	 -75.368718
67.950000	 -75.374422
68.000000	 -75.380119
68.050000	 -75.385807
68.100000	 -75.391486
68.150000	 -75.397158
68.200000	 -75.402821
68.250000	 -75.408475
68.300000	 -75.414122
68.350000	 -75.419760
68.400000	 -75.425390
68.450000	 -75.431011
68.500000	 -75.436624
68.550000	 -75.442228
68.600000	 -75.447824
68.650000	 -75.453412
68.700000	 -75.458992
68.750000	 -75.464563
68.800000	 -75.470125
68.850000	 -75.475679
68.900000	 -75.481225
68.950000	 -75.486762
69.000000	 -75.492291
69.050000	 -75.497811
69.100000	 -75.503323
69.150000	 -75.508827
69.200000	 -75.514322
69.250000	 -75.519808
69.300000	 -75.525286
69.350000	 -75.530756
69.400000	 -75.536217
69.450000	 -75.541670
69.500000	 -75.547114
69.550000	 -75.552549
69.600000	 -75.557976
69.650000	 -75.563395
69.700000	 -75.568805
69.750000	 -75.574206
69.800000	 -75.579599
69.850000	 -75.584984
69.900000	 -75.590360
69.950000	 -75.595727
70.000000	 -75.601086
70.050000	 -75.606436
70.100000	 -75.611778
70.150000	 -75.617111
70.200000	 -75.622436
70.250000	 -75.627752
70.300000	 -75.633059
70.350000	 -75.638358
70.400000	 -75.643648
70.450000	 -75.648930
70.500000	 -75.654203
70.550000	 -75.659468
70.600000	 -75.664724
70.650000	 -75.669971
70.700000	 -75.675210
70.750000	 -75.680440
70.800000	 -75.685662
70.850000	 -75.690875
70.900000	 -75.696079
70.950000	 -75.701275
71.000000	 -75.706462
71.050000	 -75.711641
71.100000	 -75.716810
71.150000	 -75.721972
71.200000	 -75.727124
71.250000	 -75.732268
71.300000	 -75.737404
71.350000	 -75.742531
71.400000	 -75.747649
71.450000	 -75.752758
71.500000	 -75.757859
71.550000	 -75.762952
71.600000	 -75.768035
71.650000	 -75.773110
71.700000	 -75.778177
71.750000	 -75.783235
71.800000	 -75.788284
71.850000	 -75.793324
71.900000	 -75.798356
71.950000	 -75.803379
72.000000	 -75.808393
72.050000	 -75.813399
72.100000	 -75.818396
72.150000	 -75.823385
72.200000	 -75.828365
72.250000	 -75.833336
72.300000	 -75.838298
72.350000	 -75.843252
72.400000	 -75.848197
72.450000	 -75.853133
72.500000	 -75.858061
72.550000	 -75.862979
72.600000	 -75.867890
72.650000	 -75.872791
72.700000	 -75.877683
72.750000	 -75.882567
72.800000	 -75.887442
72.850000	 -75.892308
72.900000	 -75.897165
72.950000	 -75.902014
73.000000	 -75.906853
73.050000	 -75.911684
73.100000	 -75.916506
73.150000	 -75.921320
73.200000	 -75.926124
73.250000	 -75.930920
73.300000	 -75.935706
73.350000	 -75.940484
73.400000	 -75.945253
73.450000	 -75.950013
73.500000	 -75.954765
73.550000	 -75.959507
73.600000	 -75.964241
73.650000	 -75.968965
73.700000	 -75.973681
73.750000	 -75.978388
73.800000	 -75.983086
73.850000	 -75.987775
73.900000	 -75.992456
73.950000	 -75.997127
74.000000	 -76.001789
74.050000	 -76.006443
74.100000	 -76.011088
74.150000	 -76.015723
74.200000	 -76.020350
74.250000	 -76.024968
74.300000	 -76.029577
74.350000	 -76.034177
74.400000	 -76.038768
74.450000	 -76.043351
74.500000	 -76.047924
74.550000	 -76.052488
74.600000	 -76.057044
74.650000	 -76.061591
74.700000	 -76.066128
74.750000	 -76.070657
74.800000	 -76.075177
74.850000	 -76.079688
74.900000	 -76.084190
74.950000	 -76.088683
75.000000	 -76.093167
75.050000	 -76.097642
75.100000	 -76.102108
75.150000	 -76.106565
75.200000	 -76.111014
75.250000	 -76.115453
75.300000	 -76.119884
75.350000	 -76.124305
75.400000	 -76.128718
75.450000	 -76.133122
75.500000	 -76.137516
75.550000	 -76.141902
75.600000	 -76.146279
75.650000	 -76.150647
75.700000	 -76.155006
75.750000	 -76.159357
75.800000	 -76.163698
75.850000	 -76.168030
75.900000	 -76.172354
75.950000	 -76.176668
76.000000	 -76.180974
76.050000	 -76.185270
76.100000	 -76.189558
76.150000	 -76.193837
76.200000	 -76.198107
76.250000	 -76.202368
76.300000	 -76.206620
76.350000	 -76.210863
76.400000	 -76.215098
76.450000	 -76.219323
76.500000	 -76.223540
76.550000	 -76.227747
76.600000	 -76.231946
76.650000	 -76.236136
76.700000	 -76.240317
76.750000	 -76.244489
76.800000	 -76.248652
76.850000	 -76.252807
76.900000	 -76.256952
76.950000	 -76.261089
77.000000	 -76.265217
77.050000	 -76.269336
77.100000	 -76.273446
77.150000	 -76.277547
77.200000	 -76.281639
77.250000	 -76.285723
77.300000	 -76.289797
77.350000	 -76.293863
77.400000	 -76.297920
77.450000	 -76.301968
77.500000	 -76.306007
77.550000	 -76.310038
77.600000	 -76.314059
77.650000	 -76.318072
77.700000	 -76.322076
77.750000	 -76.326071
77.800000	 -76.330058
77.850000	 -76.334035
77.900000	 -76.338004
77.950000	 -76.341964
78.000000	 -76.345915
78.050000	 -76.349858
78.100000	 -76.353791
78.150000	 -76.357716
78.200000	 -76.361632
78.250000	 -76.365540
78.300000	 -76.369438
78.350000	 -76.373328
78.400000	 -76.377209
78.450000	 -76.381081
78.500000	 -76.384945
78.550000	 -76.388799
78.600000	 -76.392646
78.650000	 -76.396483
78.700000	 -76.400312
78.750000	 -76.404131
78.800000	 -76.407943
78.850000	 -76.411745
78.900000	 -76.415539
78.950000	 -76.419324
79.000000	 -76.423100
79.050000	 -76.426868
79.100000	 -76.430627
79.150000	 -76.434378
79.200000	 -76.438119
79.250000	 -76.441852
79.300000	 -76.445577
79.350000	 -76.449292
79.400000	 -76.452999
79.450000	 -76.456698
79.500000	 -76.460388
79.550000	 -76.464069
79.600000	 -76.467742
79.650000	 -76.471405
79.700000	 -76.475061
79.750000	 -76.478708
79.800000	 -76.482346
79.850000	 -76.485975
79.900000	 -76.489596
79.950000	 -76.493209
80.000000	 -76.496813
80.050000	 -76.500408
80.100000	 -76.503995
80.150000	 -76.507573
80.200000	 -76.511142
80.250000	 -76.514703
80.300000	 -76.518256
80.350000	 -76.521800
80.400000	 -76.525336
80.450000	 -76.528863
80.500000	 -76.532381
80.550000	 -76.535891
80.600000	 -76.539393
80.650000	 -76.542886
80.700000	 -76.546370
80.750000	 -76.549846
80.800000	 -76.553314
80.850000	 -76.556773
80.900000	 -76.560224
80.950000	 -76.563666
81.000000	 -76.567100
81.050000	 -76.570526
81.100000	 -76.573943
81.150000	 -76.577351
81.200000	 -76.580751
81.250000	 -76.584143
81.300000	 -76.587527
81.350000	 -76.590902
81.400000	 -76.594268
81.450000	 -76.597627
81.500000	 -76.600976
81.550000	 -76.604318
81.600000	 -76.607651
81.650000	 -76.610976
81.700000	 -76.614293
81.750000	 -76.617601
81.800000	 -76.620901
81.850000	 -76.624193
81.900000	 -76.627476
81.950000	 -76.630751
82.000000	 -76.634018
82.050000	 -76.637276
82.100000	 -76.640526
82.150000	 -76.643768
82.200000	 -76.647002
82.250000	 -76.650227
82.300000	 -76.653444
82.350000	 -76.656653
82.400000	 -76.659854
82.450000	 -76.663047
82.500000	 -76.666231
82.550000	 -76.669407
82.600000	 -76.672575
82.650000	 -76.675735
82.700000	 -76.678886
82.750000	 -76.682030
82.800000	 -76.685165
82.850000	 -76.688292
82.900000	 -76.691411
82.950000	 -76.694522
83.000000	 -76.697625
83.050000	 -76.700719
83.100000	 -76.703806
83.150000	 -76.706884
83.200000	 -76.709954
83.250000	 -76.713017
83.300000	 -76.716071
83.350000	 -76.719117
83.400000	 -76.722155
83.450000	 -76.725185
83.500000	 -76.728207
83.550000	 -76.731220
83.600000	 -76.734226
83.650000	 -76.737224
83.700000	 -76.740214
83.750000	 -76.743196
83.800000	 -76.746170
83.850000	 -76.749135
83.900000	 -76.752093
83.950000	 -76.755043
84.000000	 -76.757985
84.050000	 -76.760919
84.100000	 -76.763845
84.150000	 -76.766763
84.200000	 -76.769673
84.250000	 -76.772576
84.300000	 -76.775470
84.350000	 -76.778357
84.400000	 -76.781235
84.450000	 -76.784106
84.500000	 -76.786969
84.550000	 -76.789824
84.600000	 -76.792671
84.650000	 -76.795510
84.700000	 -76.798342
84.750000	 -76.801165
84.800000	 -76.803981
84.850000	 -76.806789
84.900000	 -76.809589
84.950000	 -76.812382
85.000000	 -76.815167
85.050000	 -76.817943
85.100000	 -76.820712
85.150000	 -76.823474
85.200000	 -76.826227
85.250000	 -76.828973
85.300000	 -76.831711
85.350000	 -76.834442
85.400000	 -76.837165
85.450000	 -76.839880
85.500000	 -76.842587
85.550000	 -76.845287
85.600000	 -76.847979
85.650000	 -76.850663
85.700000	 -76.853340
85.750000	 -76.856009
85.800000	 -76.858670
85.850000	 -76.861324
85.900000	 -76.863970
85.950000	 -76.866608
86.000000	 -76.869239
86.050000	 -76.871862
86.100000	 -76.874478
86.150000	 -76.877086
86.200000	 -76.879687
86.250000	 -76.882280
86.300000	 -76.884865
86.350000	 -76.887443
86.400000	 -76.890014
86.450000	 -76.892576
86.500000	 -76.895132
86.550000	 -76.897680
86.600000	 -76.900220
86.650000	 -76.902753
86.700000	 -76.905278
86.750000	 -76.907796
86.800000	 -76.910306
86.850000	 -76.912809
86.900000	 -76.915305
86.950000	 -76.917792
87.000000	 -76.920273
87.050000	 -76.922746
87.100000	 -76.925212
87.150000	 -76.927670
87.200000	 -76.930121
87.250000	 -76.932564
87.300000	 -76.935000
87.350000	 -76.937429
87.400000	 -76.939850
87.450000	 -76.942264
87.500000	 -76.944670
87.550000	 -76.947069
87.600000	 -76.949461
87.650000	 -76.951845
87.700000	 -76.954222
87.750000	 -76.956592
87.800000	 -76.958954
87.850000	 -76.961309
87.900000	 -76.963657
87.950000	 -76.965997
88.000000	 -76.968330
88.050000	 -76.970656
88.100000	 -76.972974
88.150000	 -76.975285
88.200000	 -76.977589
88.250000	 -76.979886
88.300000	 -76.982175
88.350000	 -76.984457
88.400000	 -76.986732
88.450000	 -76.988999
88.500000	 -76.991260
88.550000	 -76.993513
88.600000	 -76.995759
88.650000	 -76.997997
88.700000	 -77.000229
88.750000	 -77.002453
88.800000	 -77.004670
88.850000	 -77.006880
88.900000	 -77.009083
88.950000	 -77.011279
89.000000	 -77.013467
89.050000	 -77.015649
89.100000	 -77.017823
89.150000	 -77.019990
89.200000	 -77.022150
89.250000	 -77.024303
89.300000	 -77.026448
89.350000	 -77.028587
89.400000	 -77.030719
89.450000	 -77.032843
89.500000	 -77.034961
89.550000	 -77.037071
89.600000	 -77.039175
89.650000	 -77.041271
89.700000	 -77.043360
89.750000	 -77.045442
89.800000	 -77.047518
89.850000	 -77.049586
89.900000	 -77.051647
89.950000	 -77.053702
90.000000	 -77.055749
90.050000	 -77.057789
90.100000	 -77.059823
90.150000	 -77.061849
90.200000	 -77.063869
90.250000	 -77.065881
90.300000	 -77.067887
90.350000	 -77.069886
90.400000	 -77.071877
90.450000	 -77.073862
90.500000	 -77.075840
90.550000	 -77.077812
90.600000	 -77.079776
90.650000	 -77.081733
90.700000	 -77.083684
90.750000	 -77.085628
90.800000	 -77.087565
90.850000	 -77.089495
90.900000	 -77.091418
90.950000	 -77.093335
91.000000	 -77.095244
91.050000	 -77.097147
91.100000	 -77.099044
91.150000	 -77.100933
91.200000	 -77.102816
91.250000	 -77.104691
91.300000	 -77.106561
91.350000	 -77.108423
91.400000	 -77.110279
91.450000	 -77.112128
91.500000	 -77.113970
91.550000	 -77.115806
91.600000	 -77.117635
91.650000	 -77.119457
91.700000	 -77.121273
91.750000	 -77.123082
91.800000	 -77.124884
91.850000	 -77.126680
91.900000	 -77.128469
91.950000	 -77.130251
92.000000	 -77.132027
92.050000	 -77.133796
92.100000	 -77.135559
92.150000	 -77.137315
92.200000	 -77.139065
92.250000	 -77.140808
92.300000	 -77.142544
92.350000	 -77.144274
92.400000	 -77.145998
92.450000	 -77.147714
92.500000	 -77.149425
92.550000	 -77.151129
92.600000	 -77.152826
92.650000	 -77.154517
92.700000	 -77.156202
92.750000	 -77.157880
92.800000	 -77.159551
92.850000	 -77.161216
92.900000	 -77.162875
92.950000	 -77.164527
93.000000	 -77.166173
93.050000	 -77.167813
93.100000	 -77.169446
93.150000	 -77.171072
93.200000	 -77.172693
93.250000	 -77.174307
93.300000	 -77.175914
93.350000	 -77.177516
93.400000	 -77.179111
93.450000	 -77.180699
93.500000	 -77.182282
93.550000	 -77.183858
93.600000	 -77.185427
93.650000	 -77.186991
93.700000	 -77.188548
93.750000	 -77.190099
93.800000	 -77.191644
93.850000	 -77.193182
93.900000	 -77.194714
93.950000	 -77.196241
94.000000	 -77.197760
94.050000	 -77.199274
94.100000	 -77.200781
94.150000	 -77.202283
94.200000	 -77.203778
94.250000	 -77.205267
94.300000	 -77.206749
94.350000	 -77.208226
94.400000	 -77.209696
94.450000	 -77.211161
94.500000	 -77.212619
94.550000	 -77.214071
94.600000	 -77.215517
94.650000	 -77.216957
94.700000	 -77.218391
94.750000	 -77.219819
94.800000	 -77.221241
94.850000	 -77.222657
94.900000	 -77.224066
94.950000	 -77.225470
95.000000	 -77.226868
95.050000	 -77.228260
95.100000	 -77.229645
95.150000	 -77.231025
95.200000	 -77.232399
95.250000	 -77.233767
95.300000	 -77.235128
95.350000	 -77.236484
95.400000	 -77.237834
95.450000	 -77.239178
95.500000	 -77.240517
95.550000	 -77.241849
95.600000	 -77.243175
95.650000	 -77.244496
95.700000	 -77.245810
95.750000	 -77.247119
95.800000	 -77.248422
95.850000	 -77.249719
95.900000	 -77.251010
95.950000	 -77.252296
96.000000	 -77.253575
96.050000	 -77.254849
96.100000	 -77.256117
96.150000	 -77.257379
96.200000	 -77.258636
96.250000	 -77.259887
96.300000	 -77.261132
96.350000	 -77.262371
96.400000	 -77.263604
96.450000	 -77.264832
96.500000	 -77.266054
96.550000	 -77.267270
96.600000	 -77.268481
96.650000	 -77.269686
96.700000	 -77.270885
96.750000	 -77.272079
96.800000	 -77.273267
96.850000	 -77.274449
96.900000	 -77.275626
96.950000	 -77.276797
97.000000	 -77.277963
97.050000	 -77.279123
97.100000	 -77.280277
97.150000	 -77.281426
97.200000	 -77.282569
97.250000	 -77.283706
97.300000	 -77.284838
97.350000	 -77.285965
97.400000	 -77.287086
97.450000	 -77.288201
97.500000	 -77.289311
97.550000	 -77.290415
97.600000	 -77.291514
97.650000	 -77.292608
97.700000	 -77.293696
97.750000	 -77.294778
97.800000	 -77.295855
97.850000	 -77.296927
97.900000	 -77.297993
97.950000	 -77.299054
98.000000	 -77.300109
98.050000	 -77.301159
98.100000	 -77.302204
98.150000	 -77.303243
98.200000	 -77.304277
98.250000	 -77.305305
98.300000	 -77.306328
98.350000	 -77.307346
98.400000	 -77.308358
98.450000	 -77.309365
98.500000	 -77.310367
98.550000	 -77.311363
98.600000	 -77.312355
98.650000	 -77.313340
98.700000	 -77.314321
98.750000	 -77.315296
98.800000	 -77.316266
98.850000	 -77.317231
98.900000	 -77.318191
98.950000	 -77.319145
99.000000	 -77.320094
99.050000	 -77.321038
99.100000	 -77.321977
99.150000	 -77.322911
99.200000	 -77.323839
99.250000	 -77.324762
99.300000	 -77.325680
99.350000	 -77.326593
99.400000	 -77.327501
99.450000	 -77.328403
99.500000	 -77.329301
99.550000	 -77.330193
99.600000	 -77.331081
99.650000	 -77.331963
99.700000	 -77.332840
99.750000	 -77.333712
99.800000	 -77.334579
99.850000	 -77.335441
99.900000	 -77.336298
99.950000	 -77.337150
100.000000	 -77.337997
