0.000000	 -76.550956
0.050000	 -76.550956
0.100000	 -76.550956
0.150000	 -76.550956
0.200000	 -76.550956
0.250000	 -76.550956
0.300000	 -76.550956
0.350000	 -76.550956
0.400000	 -76.550956
0.450000	 -76.550956
0.500000	 -76.550955
0.550000	 -76.550955
0.600000	 -76.550955
0.650000	 -76.550955
0.700000	 -76.550955
0.750000	 -76.550955
0.800000	 -76.550955
0.850000	 -76.550955
0.900000	 -76.550955
0.950000	 -76.550955
1.000000	 -76.550955
1.050000	 -76.550955
1.100000	 -76.550955
1.150000	 -76.550955
1.200000	 -76.550955
1.250000	 -76.550955
1.300000	 -76.550955
1.350000	 -76.550955
1.400000	 -76.550955
1.450000	 -76.550955
1.500000	 -76.550955
1.550000	 -76.550955
1.600000	 -76.550955
1.650000	 -76.550955
1.700000	 -76.550955
1.750000	 -76.550954
1.800000	 -76.550954
1.850000	 -76.550954
1.900000	 -76.550954
1.950000	 -76.550954
2.000000	 -76.550954
2.050000	 -76.550954
2.100000	 -76.550954
2.150000	 -76.550954
2.200000	 -76.550954
2.250000	 -76.550954
2.300000	 -76.550954
2.350000	 -76.550954
2.400000	 -76.550954
2.450000	 -76.550954
2.500000	 -76.550954
2.550000	 -76.550954
2.600000	 -76.550954
2.650000	 -76.550954
2.700000	 -76.550954
2.750000	 -76.550954
2.800000	 -76.550954
2.850000	 -76.550954
2.900000	 -76.550954
2.950000	 -76.550954
3.000000	 -76.550953
3.050000	 -76.550953
3.100000	 -76.550953
3.150000	 -76.550953
3.200000	 -76.550953
3.250000	 -76.550953
3.300000	 -76.550953
3.350000	 -76.550953
3.400000	 -76.550953
3.450000	 -76.550953
3.500000	 -76.550953
3.550000	 -76.550953
3.600000	 -76.550953
3.650000	 -76.550953
3.700000	 -76.550953
3.750000	 -76.550953
3.800000	 -76.550953
3.850000	 -76.550953
3.900000	 -76.550953
3.950000	 -76.550953
4.000000	 -76.550953
4.050000	 -76.550953
4.100000	 -76.550953
4.150000	 -76.550953
4.200000	 -76.550952
4.250000	 -76.550952
4.300000	 -76.550952
4.350000	 -76.550952
4.400000	 -76.550952
4.450000	 -76.550952
4.500000	 -76.550952
4.550000	 -76.550952
4.600000	 -76.550952
4.650000	 -76.550952
4.700000	 -76.550952
4.750000	 -76.550952
4.800000	 -76.550952
4.850000	 -76.550952
4.900000	 -76.550952
4.950000	 -76.550952
5.000000	 -76.550952
5.050000	 -76.550952
5.100000	 -76.550950
5.150000	 -76.550946
5.200000	 -76.550936
5.250000	 -76.550915
5.300000	 -76.550878
5.350000	 -76.550818
5.400000	 -76.550729
5.450000	 -76.550606
5.500000	 -76.550442
5.550000	 -76.550233
5.600000	 -76.549974
5.650000	 -76.549662
5.700000	 -76.549293
5.750000	 -76.548865
5.800000	 -76.548377
5.850000	 -76.547826
5.900000	 -76.547212
5.950000	 -76.546535
6.000000	 -76.545795
6.050000	 -76.544992
6.100000	 -76.544127
6.150000	 -76.543200
6.200000	 -76.542214
6.250000	 -76.541170
6.300000	 -76.540068
6.350000	 -76.538911
6.400000	 -76.537701
6.450000	 -76.536440
6.500000	 -76.535129
6.550000	 -76.533771
6.600000	 -76.532367
6.650000	 -76.530921
6.700000	 -76.529434
6.750000	 -76.527908
6.800000	 -76.526345
6.850000	 -76.524748
6.900000	 -76.523119
6.950000	 -76.521459
7.000000	 -76.519772
7.050000	 -76.518058
7.100000	 -76.516320
7.150000	 -76.514560
7.200000	 -76.512779
7.250000	 -76.510981
7.300000	 -76.509165
7.350000	 -76.507334
7.400000	 -76.505491
7.450000	 -76.503635
7.500000	 -76.501770
7.550000	 -76.499896
7.600000	 -76.498015
7.650000	 -76.496128
7.700000	 -76.494237
7.750000	 -76.492343
7.800000	 -76.490447
7.850000	 -76.488551
7.900000	 -76.486656
7.950000	 -76.484762
8.000000	 -76.482872
8.050000	 -76.480985
8.100000	 -76.479103
8.150000	 -76.477227
8.200000	 -76.475357
8.250000	 -76.473495
8.300000	 -76.471641
8.350000	 -76.469796
8.400000	 -76.467961
8.450000	 -76.466136
8.500000	 -76.464323
8.550000	 -76.462521
8.600000	 -76.460732
8.650000	 -76.458955
8.700000	 -76.457191
8.750000	 -76.455442
8.800000	 -76.453706
8.850000	 -76.451985
8.900000	 -76.450280
8.950000	 -76.448589
9.000000	 -76.446915
9.050000	 -76.445257
9.100000	 -76.443614
9.150000	 -76.441989
9.200000	 -76.440380
9.250000	 -76.438789
9.300000	 -76.437215
9.350000	 -76.435658
9.400000	 -76.434119
9.450000	 -76.432598
9.500000	 -76.431095
9.550000	 -76.429609
9.600000	 -76.428142
9.650000	 -76.426693
9.700000	 -76.425263
9.750000	 -76.423851
9.800000	 -76.422457
9.850000	 -76.421081
9.900000	 -76.419724
9.950000	 -76.418386
10.000000	 -76.417065
10.050000	 -76.415764
10.100000	 -76.414480
10.150000	 -76.413215
10.200000	 -76.411968
10.250000	 -76.410740
10.300000	 -76.409529
10.350000	 -76.408337
10.400000	 -76.407162
10.450000	 -76.406006
10.500000	 -76.404867
10.550000	 -76.403746
10.600000	 -76.402643
10.650000	 -76.401557
10.700000	 -76.400488
10.750000	 -76.399437
10.800000	 -76.398403
10.850000	 -76.397386
10.900000	 -76.396386
10.950000	 -76.395402
11.000000	 -76.394435
11.050000	 -76.393485
11.100000	 -76.392551
11.150000	 -76.391632
11.200000	 -76.390730
11.250000	 -76.389844
11.300000	 -76.388973
11.350000	 -76.388118
11.400000	 -76.387278
11.450000	 -76.386453
11.500000	 -76.385643
11.550000	 -76.384848
11.600000	 -76.384068
11.650000	 -76.383302
11.700000	 -76.382551
11.750000	 -76.381813
11.800000	 -76.381090
11.850000	 -76.380380
11.900000	 -76.379684
11.950000	 -76.379001
12.000000	 -76.378332
12.050000	 -76.377675
12.100000	 -76.377032
12.150000	 -76.376401
12.200000	 -76.375783
12.250000	 -76.375177
12.300000	 -76.374584
12.350000	 -76.374002
12.400000	 -76.373432
12.450000	 -76.372874
12.500000	 -76.372328
12.550000	 -76.371793
12.600000	 -76.371269
12.650000	 -76.370756
12.700000	 -76.370254
12.750000	 -76.369763
12.800000	 -76.369282
12.850000	 -76.368812
12.900000	 -76.368351
12.950000	 -76.367901
13.000000	 -76.367461
13.050000	 -76.367030
13.100000	 -76.366609
13.150000	 -76.366198
13.200000	 -76.365795
13.250000	 -76.365402
13.300000	 -76.365018
13.350000	 -76.364643
13.400000	 -76.364276
13.450000	 -76.363918
13.500000	 -76.363568
13.550000	 -76.363226
13.600000	 -76.362893
13.650000	 -76.362567
13.700000	 -76.362249
13.750000	 -76.361939
13.800000	 -76.361637
13.850000	 -76.361342
13.900000	 -76.361054
13.950000	 -76.360773
14.000000	 -76.360500
14.050000	 -76.360233
14.100000	 -76.359973
14.150000	 -76.359720
14.200000	 -76.359473
14.250000	 -76.359233
14.300000	 -76.358999
14.350000	 -76.358771
14.400000	 -76.358550
14.450000	 -76.358334
14.500000	 -76.358124
14.550000	 -76.357920
14.600000	 -76.357721
14.650000	 -76.357528
14.700000	 -76.357341
14.750000	 -76.357159
14.800000	 -76.356982
14.850000	 -76.356810
14.900000	 -76.356643
14.950000	 -76.356481
15.000000	 -76.356324
15.050000	 -76.356172
15.100000	 -76.356025
15.150000	 -76.355881
15.200000	 -76.355743
15.250000	 -76.355609
15.300000	 -76.355479
15.350000	 -76.355353
15.400000	 -76.355232
15.450000	 -76.355114
15.500000	 -76.355001
15.550000	 -76.354892
15.600000	 -76.354786
15.650000	 -76.354684
15.700000	 -76.354586
15.750000	 -76.354491
15.800000	 -76.354400
15.850000	 -76.354312
15.900000	 -76.354228
15.950000	 -76.354147
16.000000	 -76.354070
16.050000	 -76.353995
16.100000	 -76.353924
16.150000	 -76.353856
16.200000	 -76.353790
16.250000	 -76.353728
16.300000	 -76.353669
16.350000	 -76.353612
16.400000	 -76.353558
16.450000	 -76.353507
16.500000	 -76.353459
16.550000	 -76.353413
16.600000	 -76.353370
16.650000	 -76.353329
16.700000	 -76.353291
16.750000	 -76.353255
16.800000	 -76.353222
16.850000	 -76.353191
16.900000	 -76.353162
16.950000	 -76.353135
17.000000	 -76.353111
17.050000	 -76.353089
17.100000	 -76.353069
17.150000	 -76.353050
17.200000	 -76.353034
17.250000	 -76.353020
17.300000	 -76.353008
17.350000	 -76.352998
17.400000	 -76.352989
17.450000	 -76.352982
17.500000	 -76.352978
17.550000	 -76.352974
17.600000	 -76.352973
17.650000	 -76.352973
17.700000	 -76.352975
17.750000	 -76.352979
17.800000	 -76.352984
17.850000	 -76.352991
17.900000	 -76.352999
17.950000	 -76.353008
18.000000	 -76.353020
18.050000	 -76.353032
18.100000	 -76.353046
18.150000	 -76.353062
18.200000	 -76.353078
18.250000	 -76.353096
18.300000	 -76.353116
18.350000	 -76.353137
18.400000	 -76.353158
18.450000	 -76.353182
18.500000	 -76.353206
18.550000	 -76.353232
18.600000	 -76.353258
18.650000	 -76.353286
18.700000	 -76.353315
18.750000	 -76.353345
18.800000	 -76.353377
18.850000	 -76.353409
18.900000	 -76.353442
18.950000	 -76.353477
19.000000	 -76.353512
19.050000	 -76.353548
19.100000	 -76.353586
19.150000	 -76.353624
19.200000	 -76.353663
19.250000	 -76.353704
19.300000	 -76.353745
19.350000	 -76.353787
19.400000	 -76.353830
19.450000	 -76.353873
19.500000	 -76.353918
19.550000	 -76.353964
19.600000	 -76.354010
19.650000	 -76.354057
19.700000	 -76.354105
19.750000	 -76.354154
19.800000	 -76.354203
19.850000	 -76.354253
19.900000	 -76.354305
19.950000	 -76.354356
20.000000	 -76.354409
20.050000	 -76.354462
20.100000	 -76.354516
20.150000	 -76.354571
20.200000	 -76.354626
20.250000	 -76.354682
20.300000	 -76.354739
20.350000	 -76.354796
20.400000	 -76.354854
20.450000	 -76.354913
20.500000	 -76.354972
20.550000	 -76.355032
20.600000	 -76.355093
20.650000	 -76.355154
20.700000	 -76.355216
20.750000	 -76.355279
20.800000	 -76.355342
20.850000	 -76.355405
20.900000	 -76.355470
20.950000	 -76.355535
21.000000	 -76.355600
21.050000	 -76.355666
21.100000	 -76.355733
21.150000	 -76.355800
21.200000	 -76.355867
21.250000	 -76.355935
21.300000	 -76.356004
21.350000	 -76.356074
21.400000	 -76.356143
21.450000	 -76.356214
21.500000	 -76.356285
21.550000	 -76.356356
21.600000	 -76.356428
21.650000	 -76.356500
21.700000	 -76.356573
21.750000	 -76.356647
21.800000	 -76.356720
21.850000	 -76.356795
21.900000	 -76.356870
21.950000	 -76.356945
22.000000	 -76.357021
22.050000	 -76.357097
22.100000	 -76.357174
22.150000	 -76.357251
22.200000	 -76.357329
22.250000	 -76.357407
22.300000	 -76.357486
22.350000	 -76.357565
22.400000	 -76.357645
22.450000	 -76.357725
22.500000	 -76.357805
22.550000	 -76.357886
22.600000	 -76.357968
22.650000	 -76.358050
22.700000	 -76.358132
22.750000	 -76.358215
22.800000	 -76.358298
22.850000	 -76.358382
22.900000	 -76.358466
22.950000	 -76.358550
23.000000	 -76.358635
23.050000	 -76.358721
23.100000	 -76.358806
23.150000	 -76.358893
23.200000	 -76.358979
23.250000	 -76.359066
23.300000	 -76.359154
23.350000	 -76.359242
23.400000	 -76.359330
23.450000	 -76.359419
23.500000	 -76.359508
23.550000	 -76.359598
23.600000	 -76.359688
23.650000	 -76.359778
23.700000	 -76.359869
23.750000	 -76.359961
23.800000	 -76.360052
23.850000	 -76.360144
23.900000	 -76.360237
23.950000	 -76.360330
24.000000	 -76.360423
24.050000	 -76.360517
24.100000	 -76.360611
24.150000	 -76.360705
24.200000	 -76.360800
24.250000	 -76.360896
24.300000	 -76.360992
24.350000	 -76.361088
24.400000	 -76.361184
24.450000	 -76.361281
24.500000	 -76.361379
24.550000	 -76.361476
24.600000	 -76.361574
24.650000	 -76.361673
24.700000	 -76.361772
24.750000	 -76.361871
24.800000	 -76.361971
24.850000	 -76.362071
24.900000	 -76.362172
24.950000	 -76.362273
25.000000	 -76.362374
25.050000	 -76.362476
25.100000	 -76.362578
25.150000	 -76.362680
25.200000	 -76.362784
25.250000	 -76.362887
25.300000	 -76.362991
25.350000	 -76.363096
25.400000	 -76.363201
25.450000	 -76.363306
25.500000	 -76.363412
25.550000	 -76.363519
25.600000	 -76.363626
25.650000	 -76.363734
25.700000	 -76.363842
25.750000	 -76.363950
25.800000	 -76.364059
25.850000	 -76.364168
25.900000	 -76.364278
25.950000	 -76.364388
26.000000	 -76.364499
26.050000	 -76.364610
26.100000	 -76.364721
26.150000	 -76.364833
26.200000	 -76.364945
26.250000	 -76.365058
26.300000	 -76.365171
26.350000	 -76.365284
26.400000	 -76.365398
26.450000	 -76.365512
26.500000	 -76.365626
26.550000	 -76.365741
26.600000	 -76.365856
26.650000	 -76.365972
26.700000	 -76.366088
26.750000	 -76.366204
26.800000	 -76.366321
26.850000	 -76.366438
26.900000	 -76.366555
26.950000	 -76.366673
27.000000	 -76.366791
27.050000	 -76.366909
27.100000	 -76.367028
27.150000	 -76.367147
27.200000	 -76.367266
27.250000	 -76.367386
27.300000	 -76.367506
27.350000	 -76.367627
27.400000	 -76.367748
27.450000	 -76.367869
27.500000	 -76.367990
27.550000	 -76.368112
27.600000	 -76.368235
27.650000	 -76.368357
27.700000	 -76.368480
27.750000	 -76.368603
27.800000	 -76.368727
27.850000	 -76.368851
27.900000	 -76.368975
27.950000	 -76.369100
28.000000	 -76.369225
28.050000	 -76.369350
28.100000	 -76.369476
28.150000	 -76.369602
28.200000	 -76.369728
28.250000	 -76.369855
28.300000	 -76.369982
28.350000	 -76.370110
28.400000	 -76.370237
28.450000	 -76.370366
28.500000	 -76.370494
28.550000	 -76.370623
28.600000	 -76.370752
28.650000	 -76.370881
28.700000	 -76.371011
28.750000	 -76.371141
28.800000	 -76.371272
28.850000	 -76.371403
28.900000	 -76.371534
28.950000	 -76.371666
29.000000	 -76.371797
29.050000	 -76.371930
29.100000	 -76.372062
29.150000	 -76.372195
29.200000	 -76.372328
29.250000	 -76.372462
29.300000	 -76.372596
29.350000	 -76.372730
29.400000	 -76.372865
29.450000	 -76.373000
29.500000	 -76.373135
29.550000	 -76.373271
29.600000	 -76.373407
29.650000	 -76.373543
29.700000	 -76.373680
29.750000	 -76.373817
29.800000	 -76.373954
29.850000	 -76.374092
29.900000	 -76.374230
29.950000	 -76.374368
30.000000	 -76.374507
30.050000	 -76.374646
30.100000	 -76.374785
30.150000	 -76.374925
30.200000	 -76.375065
30.250000	 -76.375205
30.300000	 -76.375346
30.350000	 -76.375487
30.400000	 -76.375628
30.450000	 -76.375770
30.500000	 -76.375912
30.550000	 -76.376054
30.600000	 -76.376197
30.650000	 -76.376340
30.700000	 -76.376483
30.750000	 -76.376626
30.800000	 -76.376770
30.850000	 -76.376915
30.900000	 -76.377059
30.950000	 -76.377204
31.000000	 -76.377350
31.050000	 -76.377495
31.100000	 -76.377641
31.150000	 -76.377787
31.200000	 -76.377934
31.250000	 -76.378081
31.300000	 -76.378228
31.350000	 -76.378375
31.400000	 -76.378523
31.450000	 -76.378671
31.500000	 -76.378820
31.550000	 -76.378969
31.600000	 -76.379118
31.650000	 -76.379267
31.700000	 -76.379417
31.750000	 -76.379567
31.800000	 -76.379717
31.850000	 -76.379868
31.900000	 -76.380019
31.950000	 -76.380170
32.000000	 -76.380322
32.050000	 -76.380474
32.100000	 -76.380626
32.150000	 -76.380779
32.200000	 -76.380931
32.250000	 -76.381085
32.300000	 -76.381238
32.350000	 -76.381392
32.400000	 -76.381546
32.450000	 -76.381700
32.500000	 -76.381855
32.550000	 -76.382010
32.600000	 -76.382165
32.650000	 -76.382321
32.700000	 -76.382477
32.750000	 -76.382633
32.800000	 -76.382789
32.850000	 -76.382946
32.900000	 -76.383103
32.950000	 -76.383260
33.000000	 -76.383418
33.050000	 -76.383576
33.100000	 -76.383734
33.150000	 -76.383893
33.200000	 -76.384052
33.250000	 -76.384211
33.300000	 -76.384370
33.350000	 -76.384530
33.400000	 -76.384690
33.450000	 -76.384850
33.500000	 -76.385011
33.550000	 -76.385171
33.600000	 -76.385333
33.650000	 -76.385494
33.700000	 -76.385656
33.750000	 -76.385818
33.800000	 -76.385980
33.850000	 -76.386142
33.900000	 -76.386305
33.950000	 -76.386468
34.000000	 -76.386631
34.050000	 -76.386795
34.100000	 -76.386959
34.150000	 -76.387123
34.200000	 -76.387288
34.250000	 -76.387452
34.300000	 -76.387617
34.350000	 -76.387782
34.400000	 -76.387948
34.450000	 -76.388114
34.500000	 -76.388280
34.550000	 -76.388446
34.600000	 -76.388613
34.650000	 -76.388780
34.700000	 -76.388947
34.750000	 -76.389114
34.800000	 -76.389282
34.850000	 -76.389449
34.900000	 -76.389618
34.950000	 -76.389786
35.000000	 -76.389955
35.050000	 -76.390124
35.100000	 -76.390293
35.150000	 -76.390462
35.200000	 -76.390632
35.250000	 -76.390802
35.300000	 -76.390972
35.350000	 -76.391142
35.400000	 -76.391313
35.450000	 -76.391484
35.500000	 -76.391655
35.550000	 -76.391826
35.600000	 -76.391998
35.650000	 -76.392170
35.700000	 -76.392342
35.750000	 -76.392514
35.800000	 -76.392687
35.850000	 -76.392860
35.900000	 -76.393033
35.950000	 -76.393206
36.000000	 -76.393380
36.050000	 -76.393554
36.100000	 -76.393728
36.150000	 -76.393902
36.200000	 -76.394077
36.250000	 -76.394251
36.300000	 -76.394426
36.350000	 -76.394601
36.400000	 -76.394777
36.450000	 -76.394952
36.500000	 -76.395128
36.550000	 -76.395304
36.600000	 -76.395481
36.650000	 -76.395657
36.700000	 -76.395834
36.750000	 -76.396011
36.800000	 -76.396188
36.850000	 -76.396366
36.900000	 -76.396543
36.950000	 -76.396721
37.000000	 -76.396899
37.050000	 -76.397077
37.100000	 -76.397256
37.150000	 -76.397435
37.200000	 -76.397614
37.250000	 -76.397793
37.300000	 -76.397972
37.350000	 -76.398152
37.400000	 -76.398331
37.450000	 -76.398511
37.500000	 -76.398692
37.550000	 -76.398872
37.600000	 -76.399052
37.650000	 -76.399233
37.700000	 -76.399414
37.750000	 -76.399595
37.800000	 -76.399777
37.850000	 -76.399958
37.900000	 -76.400140
37.950000	 -76.400322
38.000000	 -76.400504
38.050000	 -76.400687
38.100000	 -76.400869
38.150000	 -76.401052
38.200000	 -76.401235
38.250000	 -76.401418
38.300000	 -76.401601
38.350000	 -76.401785
38.400000	 -76.401968
38.450000	 -76.402152
38.500000	 -76.402336
38.550000	 -76.402520
38.600000	 -76.402705
38.650000	 -76.402889
38.700000	 -76.403074
38.750000	 -76.403259
38.800000	 -76.403444
38.850000	 -76.403630
38.900000	 -76.403815
38.950000	 -76.404001
39.000000	 -76.404187
39.050000	 -76.404373
39.100000	 -76.404559
39.150000	 -76.404745
39.200000	 -76.404932
39.250000	 -76.405118
39.300000	 -76.405305
39.350000	 -76.405492
39.400000	 -76.405679
39.450000	 -76.405867
39.500000	 -76.406054
39.550000	 -76.406242
39.600000	 -76.406430
39.650000	 -76.406618
39.700000	 -76.406806
39.750000	 -76.406994
39.800000	 -76.407183
39.850000	 -76.407371
39.900000	 -76.407560
39.950000	 -76.407749
40.000000	 -76.407938
40.050000	 -76.408128
40.100000	 -76.408317
40.150000	 -76.408506
40.200000	 -76.408696
40.250000	 -76.408886
40.300000	 -76.409076
40.350000	 -76.409266
40.400000	 -76.409456
40.450000	 -76.409647
40.500000	 -76.409838
40.550000	 -76.410028
40.600000	 -76.410219
40.650000	 -76.410410
40.700000	 -76.410601
40.750000	 -76.410793
40.800000	 -76.410984
40.850000	 -76.411176
40.900000	 -76.411367
40.950000	 -76.411559
41.000000	 -76.411751
41.050000	 -76.411943
41.100000	 -76.412135
41.150000	 -76.412328
41.200000	 -76.412520
41.250000	 -76.412713
41.300000	 -76.412906
41.350000	 -76.413098
41.400000	 -76.413291
41.450000	 -76.413484
41.500000	 -76.413678
41.550000	 -76.413871
41.600000	 -76.414065
41.650000	 -76.414258
41.700000	 -76.414452
41.750000	 -76.414646
41.800000	 -76.414840
41.850000	 -76.415034
41.900000	 -76.415228
41.950000	 -76.415422
42.000000	 -76.415617
42.050000	 -76.415811
42.100000	 -76.416006
42.150000	 -76.416201
42.200000	 -76.416396
42.250000	 -76.416591
42.300000	 -76.416786
42.350000	 -76.416981
42.400000	 -76.417176
42.450000	 -76.417372
42.500000	 -76.417567
42.550000	 -76.417763
42.600000	 -76.417958
42.650000	 -76.418154
42.700000	 -76.418350
42.750000	 -76.418546
42.800000	 -76.418742
42.850000	 -76.418939
42.900000	 -76.419135
42.950000	 -76.419331
43.000000	 -76.419528
43.050000	 -76.419724
43.100000	 -76.419921
43.150000	 -76.420118
43.200000	 -76.420315
43.250000	 -76.420512
43.300000	 -76.420709
43.350000	 -76.420906
43.400000	 -76.421103
43.450000	 -76.421300
43.500000	 -76.421498
43.550000	 -76.421695
43.600000	 -76.421893
43.650000	 -76.422091
43.700000	 -76.422288
43.750000	 -76.422486
43.800000	 -76.422684
43.850000	 -76.422882
43.900000	 -76.423080
43.950000	 -76.423278
44.000000	 -76.423476
44.050000	 -76.423675
44.100000	 -76.423873
44.150000	 -76.424072
44.200000	 -76.424270
44.250000	 -76.424469
44.300000	 -76.424667
44.350000	 -76.424866
44.400000	 -76.425065
44.450000	 -76.425264
44.500000	 -76.425463
44.550000	 -76.425662
44.600000	 -76.425861
44.650000	 -76.426060
44.700000	 -76.426259
44.750000	 -76.426458
44.800000	 -76.426657
44.850000	 -76.426857
44.900000	 -76.427056
44.950000	 -76.427256
45.000000	 -76.427455
45.050000	 -76.427655
45.100000	 -76.427855
45.150000	 -76.428054
45.200000	 -76.428254
45.250000	 -76.428454
45.300000	 -76.428654
45.350000	 -76.428854
45.400000	 -76.429054
45.450000	 -76.429254
45.500000	 -76.429454
45.550000	 -76.429654
45.600000	 -76.429854
45.650000	 -76.430054
45.700000	 -76.430255
45.750000	 -76.430455
45.800000	 -76.430655
45.850000	 -76.430856
45.900000	 -76.431056
45.950000	 -76.431257
46.000000	 -76.431457
46.050000	 -76.431658
46.100000	 -76.431858
46.150000	 -76.432059
46.200000	 -76.432260
46.250000	 -76.432461
46.300000	 -76.432661
46.350000	 -76.432862
46.400000	 -76.433063
46.450000	 -76.433264
46.500000	 -76.433465
46.550000	 -76.433666
46.600000	 -76.433867
46.650000	 -76.434068
46.700000	 -76.434269
46.750000	 -76.434470
46.800000	 -76.434671
46.850000	 -76.434872
46.900000	 -76.435073
46.950000	 -76.435274
47.000000	 -76.435475
47.050000	 -76.435677
47.100000	 -76.435878
47.150000	 -76.436079
47.200000	 -76.436280
47.250000	 -76.436482
47.300000	 -76.436683
47.350000	 -76.436884
47.400000	 -76.437086
47.450000	 -76.437287
47.500000	 -76.437488
47.550000	 -76.437690
47.600000	 -76.437891
47.650000	 -76.438093
47.700000	 -76.438294
47.750000	 -76.438496
47.800000	 -76.438697
47.850000	 -76.438899
47.900000	 -76.439100
47.950000	 -76.439302
48.000000	 -76.439503
48.050000	 -76.439705
48.100000	 -76.439906
48.150000	 -76.440108
48.200000	 -76.440309
48.250000	 -76.440511
48.300000	 -76.440712
48.350000	 -76.440914
48.400000	 -76.441115
48.450000	 -76.441317
48.500000	 -76.441518
48.550000	 -76.441720
48.600000	 -76.441922
48.650000	 -76.442123
48.700000	 -76.442325
48.750000	 -76.442526
48.800000	 -76.442728
48.850000	 -76.442929
48.900000	 -76.443131
48.950000	 -76.443332
49.000000	 -76.443534
49.050000	 -76.443735
49.100000	 -76.443937
49.150000	 -76.444138
49.200000	 -76.444340
49.250000	 -76.444541
49.300000	 -76.444743
49.350000	 -76.444944
49.400000	 -76.445146
49.450000	 -76.445347
49.500000	 -76.445548
49.550000	 -76.445750
49.600000	 -76.445951
49.650000	 -76.446152
49.700000	 -76.446354
49.750000	 -76.446555
49.800000	 -76.446756
49.850000	 -76.446958
49.900000	 -76.447159
49.950000	 -76.447360
50.000000	 -76.447561
50.050000	 -76.447763
50.100000	 -76.447964
50.150000	 -76.448165
50.200000	 -76.448366
50.250000	 -76.448567
50.300000	 -76.448768
50.350000	 -76.448969
50.400000	 -76.449170
50.450000	 -76.449371
50.500000	 -76.449572
50.550000	 -76.449773
50.600000	 -76.449974
50.650000	 -76.450175
50.700000	 -76.450376
50.750000	 -76.450577
50.800000	 -76.450777
50.850000	 -76.450978
50.900000	 -76.451179
50.950000	 -76.451379
51.000000	 -76.451580
51.050000	 -76.451781
51.100000	 -76.451981
51.150000	 -76.452182
51.200000	 -76.452382
51.250000	 -76.452583
51.300000	 -76.452783
51.350000	 -76.452984
51.400000	 -76.453184
51.450000	 -76.453384
51.500000	 -76.453584
51.550000	 -76.453785
51.600000	 -76.453985
51.650000	 -76.454185
51.700000	 -76.454385
51.750000	 -76.454585
51.800000	 -76.454785
51.850000	 -76.454985
51.900000	 -76.455185
51.950000	 -76.455384
52.000000	 -76.455584
52.050000	 -76.455784
52.100000	 -76.455984
52.150000	 -76.456183
52.200000	 -76.456383
52.250000	 -76.456582
52.300000	 -76.456782
52.350000	 -76.456981
52.400000	 -76.457181
52.450000	 -76.457380
52.500000	 -76.457579
52.550000	 -76.457778
52.600000	 -76.457977
52.650000	 -76.458177
52.700000	 -76.458376
52.750000	 -76.458574
52.800000	 -76.458773
52.850000	 -76.458972
52.900000	 -76.459171
52.950000	 -76.459370
53.000000	 -76.459568
53.050000	 -76.459767
53.100000	 -76.459965
53.150000	 -76.460164
53.200000	 -76.460362
53.250000	 -76.460561
53.300000	 -76.460759
53.350000	 -76.460957
53.400000	 -76.461155
53.450000	 -76.461353
53.500000	 -76.461551
53.550000	 -76.461749
53.600000	 -76.461947
53.650000	 -76.462145
53.700000	 -76.462343
53.750000	 -76.462540
53.800000	 -76.462738
53.850000	 -76.462935
53.900000	 -76.463133
53.950000	 -76.463330
54.000000	 -76.463527
54.050000	 -76.463725
54.100000	 -76.463922
54.150000	 -76.464119
54.200000	 -76.464316
54.250000	 -76.464513
54.300000	 -76.464710
54.350000	 -76.464906
54.400000	 -76.465103
54.450000	 -76.465300
54.500000	 -76.465496
54.550000	 -76.465692
54.600000	 -76.465889
54.650000	 -76.466085
54.700000	 -76.466281
54.750000	 -76.466477
54.800000	 -76.466673
54.850000	 -76.466869
54.900000	 -76.467065
54.950000	 -76.467261
55.000000	 -76.467457
55.050000	 -76.467652
55.100000	 -76.467848
55.150000	 -76.468043
55.200000	 -76.468238
55.250000	 -76.468434
55.300000	 -76.468629
55.350000	 -76.468824
55.400000	 -76.469019
55.450000	 -76.469214
55.500000	 -76.469408
55.550000	 -76.469603
55.600000	 -76.469798
55.650000	 -76.469992
55.700000	 -76.470187
55.750000	 -76.470381
55.800000	 -76.470575
55.850000	 -76.470769
55.900000	 -76.470963
55.950000	 -76.471157
56.000000	 -76.471351
56.050000	 -76.471545
56.100000	 -76.471738
56.150000	 -76.471932
56.200000	 -76.472125
56.250000	 -76.472319
56.300000	 -76.472512
56.350000	 -76.472705
56.400000	 -76.472898
56.450000	 -76.473091
56.500000	 -76.473284
56.550000	 -76.473477
56.600000	 -76.473669
56.650000	 -76.473862
56.700000	 -76.474054
56.750000	 -76.474247
56.800000	 -76.474439
56.850000	 -76.474631
56.900000	 -76.474823
56.950000	 -76.475015
57.000000	 -76.475207
57.050000	 -76.475398
57.100000	 -76.475590
57.150000	 -76.475781
57.200000	 -76.475973
57.250000	 -76.476164
57.300000	 -76.476355
57.350000	 -76.476546
57.400000	 -76.476737
57.450000	 -76.476928
57.500000	 -76.477119
57.550000	 -76.477309
57.600000	 -76.477500
57.650000	 -76.477690
57.700000	 -76.477880
57.750000	 -76.478070
57.800000	 -76.478260
57.850000	 -76.478450
57.900000	 -76.478640
57.950000	 -76.478830
58.000000	 -76.479019
58.050000	 -76.479209
58.100000	 -76.479398
58.150000	 -76.479587
58.200000	 -76.479776
58.250000	 -76.479965
58.300000	 -76.480154
58.350000	 -76.480343
58.400000	 -76.480531
58.450000	 -76.480720
58.500000	 -76.480908
58.550000	 -76.481096
58.600000	 -76.481284
58.650000	 -76.481472
58.700000	 -76.481660
58.750000	 -76.481848
58.800000	 -76.482035
58.850000	 -76.482223
58.900000	 -76.482410
58.950000	 -76.482598
59.000000	 -76.482785
59.050000	 -76.482972
59.100000	 -76.483158
59.150000	 -76.483345
59.200000	 -76.483532
59.250000	 -76.483718
59.300000	 -76.483905
59.350000	 -76.484091
59.400000	 -76.484277
59.450000	 -76.484463
59.500000	 -76.484649
59.550000	 -76.484834
59.600000	 -76.485020
59.650000	 -76.485205
59.700000	 -76.485391
59.750000	 -76.485576
59.800000	 -76.485761
59.850000	 -76.485946
59.900000	 -76.486130
59.950000	 -76.486315
60.000000	 -76.486499
60.050000	 -76.486684
60.100000	 -76.486868
60.150000	 -76.487052
60.200000	 -76.487236
60.250000	 -76.487420
60.300000	 -76.487604
60.350000	 -76.487787
60.400000	 -76.487970
60.450000	 -76.488154
60.500000	 -76.488337
60.550000	 -76.488520
60.600000	 -76.488703
60.650000	 -76.488885
60.700000	 -76.489068
60.750000	 -76.489250
60.800000	 -76.489433
60.850000	 -76.489615
60.900000	 -76.489797
60.950000	 -76.489978
61.000000	 -76.490160
61.050000	 -76.490342
61.100000	 -76.490523
61.150000	 -76.490704
61.200000	 -76.490886
61.250000	 -76.491067
61.300000	 -76.491247
61.350000	 -76.491428
61.400000	 -76.491609
61.450000	 -76.491789
61.500000	 -76.491969
61.550000	 -76.492149
61.600000	 -76.492329
61.650000	 -76.492509
61.700000	 -76.492689
61.750000	 -76.492868
61.800000	 -76.493048
61.850000	 -76.493227
61.900000	 -76.493406
61.950000	 -76.493585
62.000000	 -76.493764
62.050000	 -76.493942
62.100000	 -76.494121
62.150000	 -76.494299
62.200000	 -76.494477
62.250000	 -76.494655
62.300000	 -76.494833
62.350000	 -76.495011
62.400000	 -76.495188
62.450000	 -76.495366
62.500000	 -76.495543
62.550000	 -76.495720
62.600000	 -76.495897
62.650000	 -76.496074
62.700000	 -76.496250
62.750000	 -76.496427
62.800000	 -76.496603
62.850000	 -76.496779
62.900000	 -76.496955
62.950000	 -76.497131
63.000000	 -76.497307
63.050000	 -76.497482
63.100000	 -76.497658
63.150000	 -76.497833
63.200000	 -76.498008
63.250000	 -76.498183
63.300000	 -76.498357
63.350000	 -76.498532
63.400000	 -76.498706
63.450000	 -76.498881
63.500000	 -76.499055
63.550000	 -76.499229
63.600000	 -76.499402
63.650000	 -76.499576
63.700000	 -76.499749
63.750000	 -76.499923
63.800000	 -76.500096
63.850000	 -76.500269
63.900000	 -76.500442
63.950000	 -76.500614
64.000000	 -76.500787
64.050000	 -76.500959
64.100000	 -76.501131
64.150000	 -76.501303
64.200000	 -76.501475
64.250000	 -76.501646
64.300000	 -76.501818
64.350000	 -76.501989
64.400000	 -76.502160
64.450000	 -76.502331
64.500000	 -76.502502
64.550000	 -76.502673
64.600000	 -76.502843
64.650000	 -76.503014
64.700000	 -76.503184
64.750000	 -76.503354
64.800000	 -76.503523
64.850000	 -76.503693
64.900000	 -76.503862
64.950000	 -76.504032
65.000000	 -76.504201
65.050000	 -76.504370
65.100000	 -76.504539
65.150000	 -76.504707
65.200000	 -76.504876
65.250000	 -76.505044
65.300000	 -76.505212
65.350000	 -76.505380
65.400000	 -76.505548
65.450000	 -76.505715
65.500000	 -76.505883
65.550000	 -76.506050
65.600000	 -76.506217
65.650000	 -76.506384
65.700000	 -76.506550
65.750000	 -76.506717
65.800000	 -76.506883
65.850000	 -76.507050
65.900000	 -76.507216
65.950000	 -76.507381
66.000000	 -76.507547
66.050000	 -76.507713
66.100000	 -76.507878
66.150000	 -76.508043
66.200000	 -76.508208
66.250000	 -76.508373
66.300000	 -76.508537
66.350000	 -76.508702
66.400000	 -76.508866
66.450000	 -76.509030
66.500000	 -76.509194
66.550000	 -76.509358
66.600000	 -76.509521
66.650000	 -76.509685
66.700000	 -76.509848
66.750000	 -76.510011
66.800000	 -76.510174
66.850000	 -76.510336
66.900000	 -76.510499
66.950000	 -76.510661
67.000000	 -76.510823
67.050000	 -76.510985
67.100000	 -76.511147
67.150000	 -76.511308
67.200000	 -76.511470
67.250000	 -76.511631
67.300000	 -76.511792
67.350000	 -76.511953
67.400000	 -76.512113
67.450000	 -76.512274
67.500000	 -76.512434
67.550000	 -76.512594
67.600000	 -76.512754
67.650000	 -76.512914
67.700000	 -76.513073
67.750000	 -76.513233
67.800000	 -76.513392
67.850000	 -76.513551
67.900000	 -76.513710
67.950000	 -76.513868
68.000000	 -76.514027
68.050000	 -76.514185
68.100000	 -76.514343
68.150000	 -76.514501
68.200000	 -76.514659
68.250000	 -76.514816
68.300000	 -76.514973
68.350000	 -76.515131
68.400000	 -76.515287
68.450000	 -76.515444
68.500000	 -76.515601
68.550000	 -76.515757
68.600000	 -76.515913
68.650000	 -76.516069
68.700000	 -76.516225
68.750000	 -76.516381
68.800000	 -76.516536
68.850000	 -76.516692
68.900000	 -76.516847
68.950000	 -76.517002
69.000000	 -76.517156
69.050000	 -76.517311
69.100000	 -76.517465
69.150000	 -76.517619
69.200000	 -76.517773
69.250000	 -76.517927
69.300000	 -76.518080
69.350000	 -76.518234
69.400000	 -76.518387
69.450000	 -76.518540
69.500000	 -76.518693
69.550000	 -76.518845
69.600000	 -76.518998
69.650000	 -76.519150
69.700000	 -76.519302
69.750000	 -76.519454
69.800000	 -76.519606
69.850000	 -76.519757
69.900000	 -76.519908
69.950000	 -76.520059
70.000000	 -76.520210
70.050000	 -76.520361
70.100000	 -76.520511
70.150000	 -76.520662
70.200000	 -76.520812
70.250000	 -76.520962
70.300000	 -76.521111
70.350000	 -76.521261
70.400000	 -76.521410
70.450000	 -76.521559
70.500000	 -76.521708
70.550000	 -76.521857
70.600000	 -76.522006
70.650000	 -76.522154
70.700000	 -76.522302
70.750000	 -76.522450
70.800000	 -76.522598
70.850000	 -76.522745
70.900000	 -76.522893
70.950000	 -76.523040
71.000000	 -76.523187
71.050000	 -76.523334
71.100000	 -76.523480
71.150000	 -76.523627
71.200000	 -76.523773
71.250000	 -76.523919
71.300000	 -76.524065
71.350000	 -76.524210
71.400000	 -76.524356
71.450000	 -76.524501
71.500000	 -76.524646
71.550000	 -76.524791
71.600000	 -76.524936
71.650000	 -76.525080
71.700000	 -76.525224
71.750000	 -76.525368
71.800000	 -76.525512
71.850000	 -76.525656
71.900000	 -76.525799
71.950000	 -76.525942
72.000000	 -76.526085
72.050000	 -76.526228
72.100000	 -76.526371
72.150000	 -76.526513
72.200000	 -76.526656
72.250000	 -76.526798
72.300000	 -76.526939
72.350000	 -76.527081
72.400000	 -76.527223
72.450000	 -76.527364
72.500000	 -76.527505
72.550000	 -76.527646
72.600000	 -76.527786
72.650000	 -76.527927
72.700000	 -76.528067
72.750000	 -76.528207
72.800000	 -76.528347
72.850000	 -76.528487
72.900000	 -76.528626
72.950000	 -76.528765
73.000000	 -76.528904
73.050000	 -76.529043
73.100000	 -76.529182
73.150000	 -76.529320
73.200000	 -76.529458
73.250000	 -76.529597
73.300000	 -76.529734
73.350000	 -76.529872
73.400000	 -76.530009
73.450000	 -76.530147
73.500000	 -76.530284
73.550000	 -76.530420
73.600000	 -76.530557
73.650000	 -76.530694
73.700000	 -76.530830
73.750000	 -76.530966
73.800000	 -76.531102
73.850000	 -76.531237
73.900000	 -76.531373
73.950000	 -76.531508
74.000000	 -76.531643
74.050000	 -76.531778
74.100000	 -76.531912
74.150000	 -76.532047
74.200000	 -76.532181
74.250000	 -76.532315
74.300000	 -76.532448
74.350000	 -76.532582
74.400000	 -76.532715
74.450000	 -76.532849
74.500000	 -76.532982
74.550000	 -76.533114
74.600000	 -76.533247
74.650000	 -76.533379
74.700000	 -76.533511
74.750000	 -76.533643
74.800000	 -76.533775
74.850000	 -76.533907
74.900000	 -76.534038
74.950000	 -76.534169
75.000000	 -76.534300
75.050000	 -76.534431
75.100000	 -76.534561
75.150000	 -76.534691
75.200000	 -76.534822
75.250000	 -76.534951
75.300000	 -76.535081
75.350000	 -76.535211
75.400000	 -76.535340
75.450000	 -76.535469
75.500000	 -76.535598
75.550000	 -76.535726
75.600000	 -76.535855
75.650000	 -76.535983
75.700000	 -76.536111
75.750000	 -76.536239
75.800000	 -76.536367
75.850000	 -76.536494
75.900000	 -76.536621
75.950000	 -76.536748
76.000000	 -76.536875
76.050000	 -76.537002
76.100000	 -76.537128
76.150000	 -76.537254
76.200000	 -76.537380
76.250000	 -76.537506
76.300000	 -76.537632
76.350000	 -76.537757
76.400000	 -76.537882
76.450000	 -76.538007
76.500000	 -76.538132
76.550000	 -76.538256
76.600000	 -76.538381
76.650000	 -76.538505
76.700000	 -76.538629
76.750000	 -76.538753
76.800000	 -76.538876
76.850000	 -76.538999
76.900000	 -76.539122
76.950000	 -76.539245
77.000000	 -76.539368
77.050000	 -76.539490
77.100000	 -76.539613
77.150000	 -76.539735
77.200000	 -76.539857
77.250000	 -76.539978
77.300000	 -76.540100
77.350000	 -76.540221
77.400000	 -76.540342
77.450000	 -76.540463
77.500000	 -76.540583
77.550000	 -76.540704
77.600000	 -76.540824
77.650000	 -76.540944
77.700000	 -76.541064
77.750000	 -76.541183
77.800000	 -76.541303
77.850000	 -76.541422
77.900000	 -76.541541
77.950000	 -76.541660
78.000000	 -76.541778
78.050000	 -76.541896
78.100000	 -76.542014
78.150000	 -76.542132
78.200000	 -76.542250
78.250000	 -76.542368
78.300000	 -76.542485
78.350000	 -76.542602
78.400000	 -76.542719
78.450000	 -76.542836
78.500000	 -76.542952
78.550000	 -76.543068
78.600000	 -76.543184
78.650000	 -76.543300
78.700000	 -76.543416
78.750000	 -76.543531
78.800000	 -76.543646
78.850000	 -76.543761
78.900000	 -76.543876
78.950000	 -76.543991
79.000000	 -76.544105
79.050000	 -76.544219
79.100000	 -76.544333
79.150000	 -76.544447
79.200000	 -76.544561
79.250000	 -76.544674
79.300000	 -76.544787
79.350000	 -76.544900
79.400000	 -76.545013
79.450000	 -76.545125
79.500000	 -76.545237
79.550000	 -76.545350
79.600000	 -76.545461
79.650000	 -76.545573
79.700000	 -76.545685
79.750000	 -76.545796
79.800000	 -76.545907
79.850000	 -76.546018
79.900000	 -76.546128
79.950000	 -76.546239
80.000000	 -76.546349
80.050000	 -76.546459
80.100000	 -76.546569
80.150000	 -76.546678
80.200000	 -76.546788
80.250000	 -76.546897
80.300000	 -76.547006
80.350000	 -76.547115
80.400000	 -76.547223
80.450000	 -76.547332
80.500000	 -76.547440
80.550000	 -76.547548
80.600000	 -76.547656
80.650000	 -76.547763
80.700000	 -76.547870
80.750000	 -76.547977
80.800000	 -76.548084
80.850000	 -76.548191
80.900000	 -76.548298
80.950000	 -76.548404
81.000000	 -76.548510
81.050000	 -76.548616
81.100000	 -76.548721
81.150000	 -76.548827
81.200000	 -76.548932
81.250000	 -76.549037
81.300000	 -76.549142
81.350000	 -76.549247
81.400000	 -76.549351
81.450000	 -76.549455
81.500000	 -76.549559
81.550000	 -76.549663
81.600000	 -76.549767
81.650000	 -76.549870
81.700000	 -76.549973
81.750000	 -76.550076
81.800000	 -76.550179
81.850000	 -76.550281
81.900000	 -76.550384
81.950000	 -76.550486
82.000000	 -76.550588
82.050000	 -76.550690
82.100000	 -76.550791
82.150000	 -76.550892
82.200000	 -76.550994
82.250000	 -76.551094
82.300000	 -76.551195
82.350000	 -76.551296
82.400000	 -76.551396
82.450000	 -76.551496
82.500000	 -76.551596
82.550000	 -76.551696
82.600000	 -76.551795
82.650000	 -76.551894
82.700000	 -76.551993
82.750000	 -76.552092
82.800000	 -76.552191
82.850000	 -76.552289
82.900000	 -76.552387
82.950000	 -76.552485
83.000000	 -76.552583
83.050000	 -76.552681
83.100000	 -76.552778
83.150000	 -76.552875
83.200000	 -76.552972
83.250000	 -76.553069
83.300000	 -76.553166
83.350000	 -76.553262
83.400000	 -76.553358
83.450000	 -76.553454
83.500000	 -76.553550
83.550000	 -76.553645
83.600000	 -76.553741
83.650000	 -76.553836
83.700000	 -76.553931
83.750000	 -76.554026
83.800000	 -76.554120
83.850000	 -76.554214
83.900000	 -76.554309
83.950000	 -76.554403
84.000000	 -76.554496
84.050000	 -76.554590
84.100000	 -76.554683
84.150000	 -76.554776
84.200000	 -76.554869
84.250000	 -76.554962
84.300000	 -76.555054
84.350000	 -76.555146
84.400000	 -76.555238
84.450000	 -76.555330
84.500000	 -76.555422
84.550000	 -76.555513
84.600000	 -76.555605
84.650000	 -76.555696
84.700000	 -76.555787
84.750000	 -76.555877
84.800000	 -76.555968
84.850000	 -76.556058
84.900000	 -76.556148
84.950000	 -76.556238
85.000000	 -76.556327
85.050000	 -76.556417
85.100000	 -76.556506
85.150000	 -76.556595
85.200000	 -76.556684
85.250000	 -76.556773
85.300000	 -76.556861
85.350000	 -76.556949
85.400000	 -76.557037
85.450000	 -76.557125
85.500000	 -76.557213
85.550000	 -76.557300
85.600000	 -76.557387
85.650000	 -76.557474
85.700000	 -76.557561
85.750000	 -76.557648
85.800000	 -76.557734
85.850000	 -76.557820
85.900000	 -76.557906
85.950000	 -76.557992
86.000000	 -76.558077
86.050000	 -76.558163
86.100000	 -76.558248
86.150000	 -76.558333
86.200000	 -76.558418
86.250000	 -76.558502
86.300000	 -76.558587
86.350000	 -76.558671
86.400000	 -76.558755
86.450000	 -76.558839
86.500000	 -76.558922
86.550000	 -76.559006
86.600000	 -76.559089
86.650000	 -76.559172
86.700000	 -76.559255
86.750000	 -76.559337
86.800000	 -76.559419
86.850000	 -76.559502
86.900000	 -76.559584
86.950000	 -76.559665
87.000000	 -76.559747
87.050000	 -76.559828
87.100000	 -76.559910
87.150000	 -76.559991
87.200000	 -76.560071
87.250000	 -76.560152
87.300000	 -76.560232
87.350000	 -76.560312
87.400000	 -76.560392
87.450000	 -76.560472
87.500000	 -76.560552
87.550000	 -76.560631
87.600000	 -76.560710
87.650000	 -76.560789
87.700000	 -76.560868
87.750000	 -76.560947
87.800000	 -76.561025
87.850000	 -76.561103
87.900000	 -76.561181
87.950000	 -76.561259
88.000000	 -76.561337
88.050000	 -76.561414
88.100000	 -76.561491
88.150000	 -76.561568
88.200000	 -76.561645
88.250000	 -76.561722
88.300000	 -76.561798
88.350000	 -76.561874
88.400000	 -76.561951
88.450000	 -76.562026
88.500000	 -76.562102
88.550000	 -76.562177
88.600000	 -76.562253
88.650000	 -76.562328
88.700000	 -76.562403
88.750000	 -76.562477
88.800000	 -76.562552
88.850000	 -76.562626
88.900000	 -76.562700
88.950000	 -76.562774
89.000000	 -76.562848
89.050000	 -76.562921
89.100000	 -76.562994
89.150000	 -76.563068
89.200000	 -76.563140
89.250000	 -76.563213
89.300000	 -76.563286
89.350000	 -76.563358
89.400000	 -76.563430
89.450000	 -76.563502
89.500000	 -76.563574
89.550000	 -76.563645
89.600000	 -76.563717
89.650000	 -76.563788
89.700000	 -76.563859
89.750000	 -76.563930
89.800000	 -76.564000
89.850000	 -76.564071
89.900000	 -76.564141
89.950000	 -76.564211
90.000000	 -76.564281
90.050000	 -76.564350
90.100000	 -76.564420
90.150000	 -76.564489
90.200000	 -76.564558
90.250000	 -76.564627
90.300000	 -76.564695
90.350000	 -76.564764
90.400000	 -76.564832
90.450000	 -76.564900
90.500000	 -76.564968
90.550000	 -76.565036
90.600000	 -76.565103
90.650000	 -76.565171
90.700000	 -76.565238
90.750000	 -76.565305
90.800000	 -76.565371
90.850000	 -76.565438
90.900000	 -76.565504
90.950000	 -76.565571
91.000000	 -76.565637
91.050000	 -76.565702
91.100000	 -76.565768
91.150000	 -76.565833
91.200000	 -76.565899
91.250000	 -76.565964
91.300000	 -76.566029
91.350000	 -76.566093
91.400000	 -76.566158
91.450000	 -76.566222
91.500000	 -76.566286
91.550000	 -76.566350
91.600000	 -76.566414
91.650000	 -76.566477
91.700000	 -76.566541
91.750000	 -76.566604
91.800000	 -76.566667
91.850000	 -76.566730
91.900000	 -76.566792
91.950000	 -76.566855
92.000000	 -76.566917
92.050000	 -76.566979
92.100000	 -76.567041
92.150000	 -76.567102
92.200000	 -76.567164
92.250000	 -76.567225
92.300000	 -76.567286
92.350000	 -76.567347
92.400000	 -76.567408
92.450000	 -76.567468
92.500000	 -76.567529
92.550000	 -76.567589
92.600000	 -76.567649
92.650000	 -76.567709
92.700000	 -76.567768
92.750000	 -76.567828
92.800000	 -76.567887
92.850000	 -76.567946
92.900000	 -76.568005
92.950000	 -76.568064
93.000000	 -76.568122
93.050000	 -76.568181
93.100000	 -76.568239
93.150000	 -76.568297
93.200000	 -76.568355
93.250000	 -76.568412
93.300000	 -76.568470
93.350000	 -76.568527
93.400000	 -76.568584
93.450000	 -76.568641
93.500000	 -76.568697
93.550000	 -76.568754
93.600000	 -76.568810
93.650000	 -76.568866
93.700000	 -76.568922
93.750000	 -76.568978
93.800000	 -76.569034
93.850000	 -76.569089
93.900000	 -76.569144
93.950000	 -76.569199
94.000000	 -76.569254
94.050000	 -76.569309
94.100000	 -76.569364
94.150000	 -76.569418
94.200000	 -76.569472
94.250000	 -76.569526
94.300000	 -76.569580
94.350000	 -76.569633
94.400000	 -76.569687
94.450000	 -76.569740
94.500000	 -76.569793
94.550000	 -76.569846
94.600000	 -76.569899
94.650000	 -76.569951
94.700000	 -76.570004
94.750000	 -76.570056
94.800000	 -76.570108
94.850000	 -76.570160
94.900000	 -76.570212
94.950000	 -76.570263
95.000000	 -76.570314
95.050000	 -76.570365
95.100000	 -76.570416
95.150000	 -76.570467
95.200000	 -76.570518
95.250000	 -76.570568
95.300000	 -76.570618
95.350000	 -76.570668
95.400000	 -76.570718
95.450000	 -76.570768
95.500000	 -76.570818
95.550000	 -76.570867
95.600000	 -76.570916
95.650000	 -76.570965
95.700000	 -76.571014
95.750000	 -76.571063
95.800000	 -76.571111
95.850000	 -76.571159
95.900000	 -76.571208
95.950000	 -76.571256
96.000000	 -76.571303
96.050000	 -76.571351
96.100000	 -76.571398
96.150000	 -76.571446
96.200000	 -76.571493
96.250000	 -76.571540
96.300000	 -76.571587
96.350000	 -76.571633
96.400000	 -76.571680
96.450000	 -76.571726
96.500000	 -76.571772
96.550000	 -76.571818
96.600000	 -76.571863
96.650000	 -76.571909
96.700000	 -76.571954
96.750000	 -76.572000
96.800000	 -76.572045
96.850000	 -76.572089
96.900000	 -76.572134
96.950000	 -76.572179
97.000000	 -76.572223
97.050000	 -76.572267
97.100000	 -76.572311
97.150000	 -76.572355
97.200000	 -76.572399
97.250000	 -76.572442
97.300000	 -76.572486
97.350000	 -76.572529
97.400000	 -76.572572
97.450000	 -76.572615
97.500000	 -76.572657
97.550000	 -76.572700
97.600000	 -76.572742
97.650000	 -76.572784
97.700000	 -76.572826
97.750000	 -76.572868
97.800000	 -76.572910
97.850000	 -76.572951
97.900000	 -76.572993
97.950000	 -76.573034
98.000000	 -76.573075
98.050000	 -76.573116
98.100000	 -76.573156
98.150000	 -76.573197
98.200000	 -76.573237
98.250000	 -76.573277
98.300000	 -76.573317
98.350000	 -76.573357
98.400000	 -76.573397
98.450000	 -76.573436
98.500000	 -76.573476
98.550000	 -76.573515
98.600000	 -76.573554
98.650000	 -76.573593
98.700000	 -76.573631
98.750000	 -76.573670
98.800000	 -76.573708
98.850000	 -76.573746
98.900000	 -76.573784
98.950000	 -76.573822
99.000000	 -76.573860
99.050000	 -76.573897
99.100000	 -76.573935
99.150000	 -76.573972
99.200000	 -76.574009
99.250000	 -76.574046
99.300000	 -76.574083
99.350000	 -76.574119
99.400000	 -76.574156
99.450000	 -76.574192
99.500000	 -76.574228
99.550000	 -76.574264
99.600000	 -76.574300
99.650000	 -76.574335
99.700000	 -76.574371
99.750000	 -76.574406
99.800000	 -76.574441
99.850000	 -76.574476
99.900000	 -76.574511
99.950000	 -76.574546
100.000000	 -76.574580
