0.000000	 -76.550956
0.050000	 -76.550956
0.100000	 -76.550956
0.150000	 -76.550956
0.200000	 -76.550956
0.250000	 -76.550956
0.300000	 -76.550956
0.350000	 -76.550956
0.400000	 -76.550956
0.450000	 -76.550956
0.500000	 -76.550955
0.550000	 -76.550955
0.600000	 -76.550955
0.650000	 -76.550955
0.700000	 -76.550955
0.750000	 -76.550955
0.800000	 -76.550955
0.850000	 -76.550955
0.900000	 -76.550955
0.950000	 -76.550955
1.000000	 -76.550955
1.050000	 -76.550955
1.100000	 -76.550955
1.150000	 -76.550955
1.200000	 -76.550955
1.250000	 -76.550955
1.300000	 -76.550955
1.350000	 -76.550955
1.400000	 -76.550955
1.450000	 -76.550955
1.500000	 -76.550955
1.550000	 -76.550955
1.600000	 -76.550955
1.650000	 -76.550955
1.700000	 -76.550955
1.750000	 -76.550954
1.800000	 -76.550954
1.850000	 -76.550954
1.900000	 -76.550954
1.950000	 -76.550954
2.000000	 -76.550954
2.050000	 -76.550954
2.100000	 -76.550954
2.150000	 -76.550954
2.200000	 -76.550954
2.250000	 -76.550954
2.300000	 -76.550954
2.350000	 -76.550954
2.400000	 -76.550954
2.450000	 -76.550954
2.500000	 -76.550954
2.550000	 -76.550954
2.600000	 -76.550954
2.650000	 -76.550954
2.700000	 -76.550954
2.750000	 -76.550954
2.800000	 -76.550954
2.850000	 -76.550954
2.900000	 -76.550954
2.950000	 -76.550954
3.000000	 -76.550953
3.050000	 -76.550953
3.100000	 -76.550953
3.150000	 -76.550953
3.200000	 -76.550953
3.250000	 -76.550953
3.300000	 -76.550953
3.350000	 -76.550953
3.400000	 -76.550953
3.450000	 -76.550953
3.500000	 -76.550953
3.550000	 -76.550953
3.600000	 -76.550953
3.650000	 -76.550953
3.700000	 -76.550953
3.750000	 -76.550953
3.800000	 -76.550953
3.850000	 -76.550953
3.900000	 -76.550953
3.950000	 -76.550953
4.000000	 -76.550953
4.050000	 -76.550953
4.100000	 -76.550953
4.150000	 -76.550953
4.200000	 -76.550952
4.250000	 -76.550952
4.300000	 -76.550952
4.350000	 -76.550952
4.400000	 -76.550952
4.450000	 -76.550952
4.500000	 -76.550952
4.550000	 -76.550952
4.600000	 -76.550952
4.650000	 -76.550952
4.700000	 -76.550952
4.750000	 -76.550952
4.800000	 -76.550952
4.850000	 -76.550952
4.900000	 -76.550952
4.950000	 -76.550952
5.000000	 -76.550952
5.050000	 -76.550951
5.100000	 -76.550949
5.150000	 -76.550942
5.200000	 -76.550923
5.250000	 -76.550883
5.300000	 -76.550812
5.350000	 -76.550698
5.400000	 -76.550529
5.450000	 -76.550293
5.500000	 -76.549979
5.550000	 -76.549576
5.600000	 -76.549077
5.650000	 -76.548474
5.700000	 -76.547760
5.750000	 -76.546931
5.800000	 -76.545983
5.850000	 -76.544913
5.900000	 -76.543720
5.950000	 -76.542404
6.000000	 -76.540963
6.050000	 -76.539400
6.100000	 -76.537715
6.150000	 -76.535910
6.200000	 -76.533989
6.250000	 -76.531953
6.300000	 -76.529806
6.350000	 -76.527551
6.400000	 -76.525192
6.450000	 -76.522734
6.500000	 -76.520179
6.550000	 -76.517531
6.600000	 -76.514797
6.650000	 -76.511978
6.700000	 -76.509080
6.750000	 -76.506107
6.800000	 -76.503062
6.850000	 -76.499951
6.900000	 -76.496777
6.950000	 -76.493544
7.000000	 -76.490257
7.050000	 -76.486919
7.100000	 -76.483533
7.150000	 -76.480105
7.200000	 -76.476636
7.250000	 -76.473132
7.300000	 -76.469594
7.350000	 -76.466027
7.400000	 -76.462434
7.450000	 -76.458817
7.500000	 -76.455180
7.550000	 -76.451525
7.600000	 -76.447856
7.650000	 -76.444174
7.700000	 -76.440483
7.750000	 -76.436785
7.800000	 -76.433082
7.850000	 -76.429376
7.900000	 -76.425671
7.950000	 -76.421966
8.000000	 -76.418266
8.050000	 -76.414571
8.100000	 -76.410883
8.150000	 -76.407204
8.200000	 -76.403536
8.250000	 -76.399880
8.300000	 -76.396238
8.350000	 -76.392611
8.400000	 -76.389000
8.450000	 -76.385407
8.500000	 -76.381833
8.550000	 -76.378279
8.600000	 -76.374746
8.650000	 -76.371235
8.700000	 -76.367748
8.750000	 -76.364284
8.800000	 -76.360845
8.850000	 -76.357431
8.900000	 -76.354044
8.950000	 -76.350684
9.000000	 -76.347352
9.050000	 -76.344048
9.100000	 -76.340773
9.150000	 -76.337528
9.200000	 -76.334312
9.250000	 -76.331127
9.300000	 -76.327972
9.350000	 -76.324849
9.400000	 -76.321758
9.450000	 -76.318698
9.500000	 -76.315670
9.550000	 -76.312675
9.600000	 -76.309713
9.650000	 -76.306783
9.700000	 -76.303886
9.750000	 -76.301023
9.800000	 -76.298192
9.850000	 -76.295396
9.900000	 -76.292632
9.950000	 -76.289902
10.000000	 -76.287206
10.050000	 -76.284544
10.100000	 -76.281914
10.150000	 -76.279319
10.200000	 -76.276757
10.250000	 -76.274229
10.300000	 -76.271734
10.350000	 -76.269272
10.400000	 -76.266844
10.450000	 -76.264448
10.500000	 -76.262086
10.550000	 -76.259757
10.600000	 -76.257460
10.650000	 -76.255196
10.700000	 -76.252964
10.750000	 -76.250765
10.800000	 -76.248598
10.850000	 -76.246462
10.900000	 -76.244358
10.950000	 -76.242286
11.000000	 -76.240245
11.050000	 -76.238234
11.100000	 -76.236255
11.150000	 -76.234306
11.200000	 -76.232387
11.250000	 -76.230499
11.300000	 -76.228640
11.350000	 -76.226810
11.400000	 -76.225010
11.450000	 -76.223239
11.500000	 -76.221496
11.550000	 -76.219782
11.600000	 -76.218096
11.650000	 -76.216438
11.700000	 -76.214808
11.750000	 -76.213205
11.800000	 -76.211628
11.850000	 -76.210079
11.900000	 -76.208556
11.950000	 -76.207059
12.000000	 -76.205587
12.050000	 -76.204142
12.100000	 -76.202721
12.150000	 -76.201326
12.200000	 -76.199955
12.250000	 -76.198608
12.300000	 -76.197286
12.350000	 -76.195987
12.400000	 -76.194711
12.450000	 -76.193459
12.500000	 -76.192230
12.550000	 -76.191023
12.600000	 -76.189838
12.650000	 -76.188675
12.700000	 -76.187535
12.750000	 -76.186415
12.800000	 -76.185316
12.850000	 -76.184239
12.900000	 -76.183181
12.950000	 -76.182144
13.000000	 -76.181127
13.050000	 -76.180130
13.100000	 -76.179152
13.150000	 -76.178193
13.200000	 -76.177253
13.250000	 -76.176331
13.300000	 -76.175428
13.350000	 -76.174543
13.400000	 -76.173675
13.450000	 -76.172825
13.500000	 -76.171993
13.550000	 -76.171177
13.600000	 -76.170378
13.650000	 -76.169595
13.700000	 -76.168828
13.750000	 -76.168078
13.800000	 -76.167343
13.850000	 -76.166623
13.900000	 -76.165919
13.950000	 -76.165230
14.000000	 -76.164555
14.050000	 -76.163895
14.100000	 -76.163249
14.150000	 -76.162618
14.200000	 -76.162000
14.250000	 -76.161395
14.300000	 -76.160804
14.350000	 -76.160226
14.400000	 -76.159661
14.450000	 -76.159109
14.500000	 -76.158569
14.550000	 -76.158042
14.600000	 -76.157526
14.650000	 -76.157023
14.700000	 -76.156531
14.750000	 -76.156051
14.800000	 -76.155582
14.850000	 -76.155124
14.900000	 -76.154677
14.950000	 -76.154240
15.000000	 -76.153814
15.050000	 -76.153399
15.100000	 -76.152994
15.150000	 -76.152599
15.200000	 -76.152213
15.250000	 -76.151838
15.300000	 -76.151471
15.350000	 -76.151114
15.400000	 -76.150767
15.450000	 -76.150428
15.500000	 -76.150098
15.550000	 -76.149777
15.600000	 -76.149464
15.650000	 -76.149160
15.700000	 -76.148864
15.750000	 -76.148576
15.800000	 -76.148296
15.850000	 -76.148024
15.900000	 -76.147760
15.950000	 -76.147503
16.000000	 -76.147254
16.050000	 -76.147011
16.100000	 -76.146776
16.150000	 -76.146548
16.200000	 -76.146327
16.250000	 -76.146113
16.300000	 -76.145905
16.350000	 -76.145704
16.400000	 -76.145509
16.450000	 -76.145320
16.500000	 -76.145138
16.550000	 -76.144962
16.600000	 -76.144791
16.650000	 -76.144627
16.700000	 -76.144468
16.750000	 -76.144315
16.800000	 -76.144167
16.850000	 -76.144025
16.900000	 -76.143888
16.950000	 -76.143757
17.000000	 -76.143631
17.050000	 -76.143509
17.100000	 -76.143393
17.150000	 -76.143282
17.200000	 -76.143175
17.250000	 -76.143073
17.300000	 -76.142976
17.350000	 -76.142883
17.400000	 -76.142795
17.450000	 -76.142711
17.500000	 -76.142631
17.550000	 -76.142556
17.600000	 -76.142485
17.650000	 -76.142418
17.700000	 -76.142355
17.750000	 -76.142296
17.800000	 -76.142240
17.850000	 -76.142189
17.900000	 -76.142141
17.950000	 -76.142097
18.000000	 -76.142057
18.050000	 -76.142020
18.100000	 -76.141986
18.150000	 -76.141957
18.200000	 -76.141930
18.250000	 -76.141907
18.300000	 -76.141887
18.350000	 -76.141870
18.400000	 -76.141856
18.450000	 -76.141846
18.500000	 -76.141838
18.550000	 -76.141834
18.600000	 -76.141832
18.650000	 -76.141834
18.700000	 -76.141838
18.750000	 -76.141845
18.800000	 -76.141855
18.850000	 -76.141867
18.900000	 -76.141883
18.950000	 -76.141900
19.000000	 -76.141921
19.050000	 -76.141944
19.100000	 -76.141969
19.150000	 -76.141997
19.200000	 -76.142028
19.250000	 -76.142061
19.300000	 -76.142096
19.350000	 -76.142133
19.400000	 -76.142173
19.450000	 -76.142215
19.500000	 -76.142259
19.550000	 -76.142306
19.600000	 -76.142354
19.650000	 -76.142405
19.700000	 -76.142458
19.750000	 -76.142513
19.800000	 -76.142570
19.850000	 -76.142629
19.900000	 -76.142690
19.950000	 -76.142753
20.000000	 -76.142818
20.050000	 -76.142884
20.100000	 -76.142953
20.150000	 -76.143023
20.200000	 -76.143096
20.250000	 -76.143170
20.300000	 -76.143246
20.350000	 -76.143324
20.400000	 -76.143403
20.450000	 -76.143484
20.500000	 -76.143567
20.550000	 -76.143652
20.600000	 -76.143738
20.650000	 -76.143826
20.700000	 -76.143915
20.750000	 -76.144006
20.800000	 -76.144099
20.850000	 -76.144193
20.900000	 -76.144289
20.950000	 -76.144387
21.000000	 -76.144486
21.050000	 -76.144586
21.100000	 -76.144688
21.150000	 -76.144791
21.200000	 -76.144896
21.250000	 -76.145002
21.300000	 -76.145110
21.350000	 -76.145219
21.400000	 -76.145330
21.450000	 -76.145442
21.500000	 -76.145555
21.550000	 -76.145670
21.600000	 -76.145786
21.650000	 -76.145903
21.700000	 -76.146022
21.750000	 -76.146142
21.800000	 -76.146264
21.850000	 -76.146386
21.900000	 -76.146511
21.950000	 -76.146636
22.000000	 -76.146762
22.050000	 -76.146890
22.100000	 -76.147019
22.150000	 -76.147150
22.200000	 -76.147281
22.250000	 -76.147414
22.300000	 -76.147548
22.350000	 -76.147683
22.400000	 -76.147820
22.450000	 -76.147958
22.500000	 -76.148096
22.550000	 -76.148236
22.600000	 -76.148378
22.650000	 -76.148520
22.700000	 -76.148664
22.750000	 -76.148808
22.800000	 -76.148954
22.850000	 -76.149101
22.900000	 -76.149249
22.950000	 -76.149399
23.000000	 -76.149549
23.050000	 -76.149700
23.100000	 -76.149853
23.150000	 -76.150007
23.200000	 -76.150162
23.250000	 -76.150318
23.300000	 -76.150475
23.350000	 -76.150633
23.400000	 -76.150792
23.450000	 -76.150952
23.500000	 -76.151114
23.550000	 -76.151276
23.600000	 -76.151440
23.650000	 -76.151604
23.700000	 -76.151770
23.750000	 -76.151937
23.800000	 -76.152104
23.850000	 -76.152273
23.900000	 -76.152443
23.950000	 -76.152614
24.000000	 -76.152786
24.050000	 -76.152959
24.100000	 -76.153133
24.150000	 -76.153308
24.200000	 -76.153484
24.250000	 -76.153661
24.300000	 -76.153839
24.350000	 -76.154018
24.400000	 -76.154198
24.450000	 -76.154379
24.500000	 -76.154561
24.550000	 -76.154744
24.600000	 -76.154929
24.650000	 -76.155114
24.700000	 -76.155300
24.750000	 -76.155487
24.800000	 -76.155675
24.850000	 -76.155864
24.900000	 -76.156054
24.950000	 -76.156245
25.000000	 -76.156437
25.050000	 -76.156630
25.100000	 -76.156824
25.150000	 -76.157019
25.200000	 -76.157216
25.250000	 -76.157413
25.300000	 -76.157611
25.350000	 -76.157811
25.400000	 -76.158012
25.450000	 -76.158214
25.500000	 -76.158418
25.550000	 -76.158622
25.600000	 -76.158828
25.650000	 -76.159034
25.700000	 -76.159242
25.750000	 -76.159451
25.800000	 -76.159661
25.850000	 -76.159873
25.900000	 -76.160085
25.950000	 -76.160298
26.000000	 -76.160512
26.050000	 -76.160727
26.100000	 -76.160943
26.150000	 -76.161160
26.200000	 -76.161378
26.250000	 -76.161597
26.300000	 -76.161817
26.350000	 -76.162038
26.400000	 -76.162260
26.450000	 -76.162482
26.500000	 -76.162706
26.550000	 -76.162930
26.600000	 -76.163156
26.650000	 -76.163382
26.700000	 -76.163609
26.750000	 -76.163837
26.800000	 -76.164066
26.850000	 -76.164296
26.900000	 -76.164526
26.950000	 -76.164758
27.000000	 -76.164990
27.050000	 -76.165223
27.100000	 -76.165457
27.150000	 -76.165692
27.200000	 -76.165928
27.250000	 -76.166165
27.300000	 -76.166402
27.350000	 -76.166640
27.400000	 -76.166879
27.450000	 -76.167119
27.500000	 -76.167360
27.550000	 -76.167602
27.600000	 -76.167844
27.650000	 -76.168087
27.700000	 -76.168332
27.750000	 -76.168577
27.800000	 -76.168822
27.850000	 -76.169069
27.900000	 -76.169317
27.950000	 -76.169565
28.000000	 -76.169814
28.050000	 -76.170064
28.100000	 -76.170315
28.150000	 -76.170566
28.200000	 -76.170819
28.250000	 -76.171072
28.300000	 -76.171326
28.350000	 -76.171581
28.400000	 -76.171837
28.450000	 -76.172093
28.500000	 -76.172350
28.550000	 -76.172609
28.600000	 -76.172867
28.650000	 -76.173127
28.700000	 -76.173388
28.750000	 -76.173649
28.800000	 -76.173911
28.850000	 -76.174175
28.900000	 -76.174438
28.950000	 -76.174703
29.000000	 -76.174968
29.050000	 -76.175235
29.100000	 -76.175502
29.150000	 -76.175770
29.200000	 -76.176038
29.250000	 -76.176308
29.300000	 -76.176578
29.350000	 -76.176849
29.400000	 -76.177121
29.450000	 -76.177394
29.500000	 -76.177667
29.550000	 -76.177941
29.600000	 -76.178216
29.650000	 -76.178492
29.700000	 -76.178769
29.750000	 -76.179046
29.800000	 -76.179324
29.850000	 -76.179603
29.900000	 -76.179883
29.950000	 -76.180164
30.000000	 -76.180445
30.050000	 -76.180727
30.100000	 -76.181010
30.150000	 -76.181294
30.200000	 -76.181578
30.250000	 -76.181863
30.300000	 -76.182149
30.350000	 -76.182436
30.400000	 -76.182724
30.450000	 -76.183012
30.500000	 -76.183301
30.550000	 -76.183591
30.600000	 -76.183882
30.650000	 -76.184173
30.700000	 -76.184465
30.750000	 -76.184758
30.800000	 -76.185052
30.850000	 -76.185346
30.900000	 -76.185641
30.950000	 -76.185937
31.000000	 -76.186234
31.050000	 -76.186531
31.100000	 -76.186829
31.150000	 -76.187128
31.200000	 -76.187428
31.250000	 -76.187728
31.300000	 -76.188029
31.350000	 -76.188331
31.400000	 -76.188634
31.450000	 -76.188937
31.500000	 -76.189241
31.550000	 -76.189546
31.600000	 -76.189852
31.650000	 -76.190158
31.700000	 -76.190465
31.750000	 -76.190773
31.800000	 -76.191081
31.850000	 -76.191390
31.900000	 -76.191700
31.950000	 -76.192011
32.000000	 -76.192322
32.050000	 -76.192634
32.100000	 -76.192947
32.150000	 -76.193260
32.200000	 -76.193574
32.250000	 -76.193889
32.300000	 -76.194205
32.350000	 -76.194521
32.400000	 -76.194838
32.450000	 -76.195156
32.500000	 -76.195474
32.550000	 -76.195793
32.600000	 -76.196113
32.650000	 -76.196433
32.700000	 -76.196754
32.750000	 -76.197076
32.800000	 -76.197398
32.850000	 -76.197722
32.900000	 -76.198045
32.950000	 -76.198370
33.000000	 -76.198695
33.050000	 -76.199021
33.100000	 -76.199348
33.150000	 -76.199675
33.200000	 -76.200003
33.250000	 -76.200331
33.300000	 -76.200660
33.350000	 -76.200990
33.400000	 -76.201321
33.450000	 -76.201652
33.500000	 -76.201984
33.550000	 -76.202316
33.600000	 -76.202649
33.650000	 -76.202983
33.700000	 -76.203317
33.750000	 -76.203652
33.800000	 -76.203988
33.850000	 -76.204324
33.900000	 -76.204661
33.950000	 -76.204999
34.000000	 -76.205337
34.050000	 -76.205676
34.100000	 -76.206015
34.150000	 -76.206356
34.200000	 -76.206696
34.250000	 -76.207038
34.300000	 -76.207380
34.350000	 -76.207722
34.400000	 -76.208065
34.450000	 -76.208409
34.500000	 -76.208754
34.550000	 -76.209099
34.600000	 -76.209444
34.650000	 -76.209790
34.700000	 -76.210137
34.750000	 -76.210485
34.800000	 -76.210833
34.850000	 -76.211181
34.900000	 -76.211530
34.950000	 -76.211880
35.000000	 -76.212231
35.050000	 -76.212581
35.100000	 -76.212933
35.150000	 -76.213285
35.200000	 -76.213638
35.250000	 -76.213991
35.300000	 -76.214345
35.350000	 -76.214699
35.400000	 -76.215054
35.450000	 -76.215410
35.500000	 -76.215766
35.550000	 -76.216123
35.600000	 -76.216480
35.650000	 -76.216837
35.700000	 -76.217196
35.750000	 -76.217555
35.800000	 -76.217914
35.850000	 -76.218274
35.900000	 -76.218635
35.950000	 -76.218996
36.000000	 -76.219357
36.050000	 -76.219719
36.100000	 -76.220082
36.150000	 -76.220445
36.200000	 -76.220809
36.250000	 -76.221173
36.300000	 -76.221538
36.350000	 -76.221903
36.400000	 -76.222269
36.450000	 -76.222635
36.500000	 -76.223002
36.550000	 -76.223370
36.600000	 -76.223737
36.650000	 -76.224106
36.700000	 -76.224475
36.750000	 -76.224844
36.800000	 -76.225214
36.850000	 -76.225584
36.900000	 -76.225955
36.950000	 -76.226327
37.000000	 -76.226698
37.050000	 -76.227071
37.100000	 -76.227444
37.150000	 -76.227817
37.200000	 -76.228191
37.250000	 -76.228565
37.300000	 -76.228940
37.350000	 -76.229315
37.400000	 -76.229691
37.450000	 -76.230067
37.500000	 -76.230444
37.550000	 -76.230821
37.600000	 -76.231198
37.650000	 -76.231577
37.700000	 -76.231955
37.750000	 -76.232334
37.800000	 -76.232713
37.850000	 -76.233093
37.900000	 -76.233474
37.950000	 -76.233854
38.000000	 -76.234236
38.050000	 -76.234617
38.100000	 -76.234999
38.150000	 -76.235382
38.200000	 -76.235765
38.250000	 -76.236148
38.300000	 -76.236532
38.350000	 -76.236916
38.400000	 -76.237301
38.450000	 -76.237686
38.500000	 -76.238072
38.550000	 -76.238458
38.600000	 -76.238844
38.650000	 -76.239231
38.700000	 -76.239618
38.750000	 -76.240006
38.800000	 -76.240394
38.850000	 -76.240782
38.900000	 -76.241171
38.950000	 -76.241560
39.000000	 -76.241950
39.050000	 -76.242340
39.100000	 -76.242730
39.150000	 -76.243121
39.200000	 -76.243512
39.250000	 -76.243904
39.300000	 -76.244296
39.350000	 -76.244688
39.400000	 -76.245081
39.450000	 -76.245474
39.500000	 -76.245867
39.550000	 -76.246261
39.600000	 -76.246655
39.650000	 -76.247050
39.700000	 -76.247445
39.750000	 -76.247840
39.800000	 -76.248236
39.850000	 -76.248632
39.900000	 -76.249028
39.950000	 -76.249425
40.000000	 -76.249822
40.050000	 -76.250220
40.100000	 -76.250617
40.150000	 -76.251016
40.200000	 -76.251414
40.250000	 -76.251813
40.300000	 -76.252212
40.350000	 -76.252612
40.400000	 -76.253011
40.450000	 -76.253412
40.500000	 -76.253812
40.550000	 -76.254213
40.600000	 -76.254614
40.650000	 -76.255016
40.700000	 -76.255417
40.750000	 -76.255820
40.800000	 -76.256222
40.850000	 -76.256625
40.900000	 -76.257028
40.950000	 -76.257431
41.000000	 -76.257835
41.050000	 -76.258239
41.100000	 -76.258643
41.150000	 -76.259048
41.200000	 -76.259453
41.250000	 -76.259858
41.300000	 -76.260263
41.350000	 -76.260669
41.400000	 -76.261075
41.450000	 -76.261481
41.500000	 -76.261888
41.550000	 -76.262295
41.600000	 -76.262702
41.650000	 -76.263109
41.700000	 -76.263517
41.750000	 -76.263925
41.800000	 -76.264334
41.850000	 -76.264742
41.900000	 -76.265151
41.950000	 -76.265560
42.000000	 -76.265969
42.050000	 -76.266379
42.100000	 -76.266789
42.150000	 -76.267199
42.200000	 -76.267609
42.250000	 -76.268020
42.300000	 -76.268431
42.350000	 -76.268842
42.400000	 -76.269253
42.450000	 -76.269665
42.500000	 -76.270077
42.550000	 -76.270489
42.600000	 -76.270901
42.650000	 -76.271314
42.700000	 -76.271727
42.750000	 -76.272140
42.800000	 -76.272553
42.850000	 -76.272967
42.900000	 -76.273380
42.950000	 -76.273794
43.000000	 -76.274208
43.050000	 -76.274623
43.100000	 -76.275037
43.150000	 -76.275452
43.200000	 -76.275867
43.250000	 -76.276283
43.300000	 -76.276698
43.350000	 -76.277114
43.400000	 -76.277530
43.450000	 -76.277946
43.500000	 -76.278362
43.550000	 -76.278778
43.600000	 -76.279195
43.650000	 -76.279612
43.700000	 -76.280029
43.750000	 -76.280446
43.800000	 -76.280863
43.850000	 -76.281281
43.900000	 -76.281699
43.950000	 -76.282117
44.000000	 -76.282535
44.050000	 -76.282953
44.100000	 -76.283372
44.150000	 -76.283790
44.200000	 -76.284209
44.250000	 -76.284628
44.300000	 -76.285048
44.350000	 -76.285467
44.400000	 -76.285886
44.450000	 -76.286306
44.500000	 -76.286726
44.550000	 -76.287146
44.600000	 -76.287566
44.650000	 -76.287986
44.700000	 -76.288407
44.750000	 -76.288827
44.800000	 -76.289248
44.850000	 -76.289669
44.900000	 -76.290090
44.950000	 -76.290511
45.000000	 -76.290932
45.050000	 -76.291354
45.100000	 -76.291775
45.150000	 -76.292197
45.200000	 -76.292619
45.250000	 -76.293041
45.300000	 -76.293463
45.350000	 -76.293885
45.400000	 -76.294308
45.450000	 -76.294730
45.500000	 -76.295153
45.550000	 -76.295575
45.600000	 -76.295998
45.650000	 -76.296421
45.700000	 -76.296844
45.750000	 -76.297267
45.800000	 -76.297691
45.850000	 -76.298114
45.900000	 -76.298538
45.950000	 -76.298961
46.000000	 -76.299385
46.050000	 -76.299809
46.100000	 -76.300233
46.150000	 -76.300656
46.200000	 -76.301081
46.250000	 -76.301505
46.300000	 -76.301929
46.350000	 -76.302353
46.400000	 -76.302778
46.450000	 -76.303202
46.500000	 -76.303627
46.550000	 -76.304051
46.600000	 -76.304476
46.650000	 -76.304901
46.700000	 -76.305326
46.750000	 -76.305751
46.800000	 -76.306176
46.850000	 -76.306601
46.900000	 -76.307026
46.950000	 -76.307451
47.000000	 -76.307877
47.050000	 -76.308302
47.100000	 -76.308728
47.150000	 -76.309153
47.200000	 -76.309579
47.250000	 -76.310004
47.300000	 -76.310430
47.350000	 -76.310856
47.400000	 -76.311281
47.450000	 -76.311707
47.500000	 -76.312133
47.550000	 -76.312559
47.600000	 -76.312985
47.650000	 -76.313411
47.700000	 -76.313837
47.750000	 -76.314263
47.800000	 -76.314689
47.850000	 -76.315115
47.900000	 -76.315541
47.950000	 -76.315967
48.000000	 -76.316393
48.050000	 -76.316820
48.100000	 -76.317246
48.150000	 -76.317672
48.200000	 -76.318099
48.250000	 -76.318525
48.300000	 -76.318951
48.350000	 -76.319378
48.400000	 -76.319804
48.450000	 -76.320230
48.500000	 -76.320657
48.550000	 -76.321083
48.600000	 -76.321509
48.650000	 -76.321936
48.700000	 -76.322362
48.750000	 -76.322789
48.800000	 -76.323215
48.850000	 -76.323641
48.900000	 -76.324068
48.950000	 -76.324494
49.000000	 -76.324921
49.050000	 -76.325347
49.100000	 -76.325773
49.150000	 -76.326200
49.200000	 -76.326626
49.250000	 -76.327052
49.300000	 -76.327479
49.350000	 -76.327905
49.400000	 -76.328331
49.450000	 -76.328758
49.500000	 -76.329184
49.550000	 -76.329610
49.600000	 -76.330036
49.650000	 -76.330462
49.700000	 -76.330888
49.750000	 -76.331315
49.800000	 -76.331741
49.850000	 -76.332167
49.900000	 -76.332593
49.950000	 -76.333019
50.000000	 -76.333445
50.050000	 -76.333870
50.100000	 -76.334296
50.150000	 -76.334722
50.200000	 -76.335148
50.250000	 -76.335573
50.300000	 -76.335999
50.350000	 -76.336425
50.400000	 -76.336850
50.450000	 -76.337276
50.500000	 -76.337701
50.550000	 -76.338127
50.600000	 -76.338552
50.650000	 -76.338977
50.700000	 -76.339402
50.750000	 -76.339827
50.800000	 -76.340253
50.850000	 -76.340678
50.900000	 -76.341103
50.950000	 -76.341527
51.000000	 -76.341952
51.050000	 -76.342377
51.100000	 -76.342802
51.150000	 -76.343226
51.200000	 -76.343651
51.250000	 -76.344075
51.300000	 -76.344499
51.350000	 -76.344924
51.400000	 -76.345348
51.450000	 -76.345772
51.500000	 -76.346196
51.550000	 -76.346620
51.600000	 -76.347044
51.650000	 -76.347467
51.700000	 -76.347891
51.750000	 -76.348315
51.800000	 -76.348738
51.850000	 -76.349161
51.900000	 -76.349585
51.950000	 -76.350008
52.000000	 -76.350431
52.050000	 -76.350854
52.100000	 -76.351277
52.150000	 -76.351700
52.200000	 -76.352122
52.250000	 -76.352545
52.300000	 -76.352967
52.350000	 -76.353390
52.400000	 -76.353812
52.450000	 -76.354234
52.500000	 -76.354656
52.550000	 -76.355078
52.600000	 -76.355499
52.650000	 -76.355921
52.700000	 -76.356343
52.750000	 -76.356764
52.800000	 -76.357185
52.850000	 -76.357606
52.900000	 -76.358027
52.950000	 -76.358448
53.000000	 -76.358869
53.050000	 -76.359290
53.100000	 -76.359710
53.150000	 -76.360130
53.200000	 -76.360551
53.250000	 -76.360971
53.300000	 -76.361391
53.350000	 -76.361811
53.400000	 -76.362230
53.450000	 -76.362650
53.500000	 -76.363069
53.550000	 -76.363488
53.600000	 -76.363907
53.650000	 -76.364326
53.700000	 -76.364745
53.750000	 -76.365164
53.800000	 -76.365582
53.850000	 -76.366001
53.900000	 -76.366419
53.950000	 -76.366837
54.000000	 -76.367255
54.050000	 -76.367672
54.100000	 -76.368090
54.150000	 -76.368507
54.200000	 -76.368925
54.250000	 -76.369342
54.300000	 -76.369759
54.350000	 -76.370175
54.400000	 -76.370592
54.450000	 -76.371008
54.500000	 -76.371425
54.550000	 -76.371841
54.600000	 -76.372257
54.650000	 -76.372672
54.700000	 -76.373088
54.750000	 -76.373503
54.800000	 -76.373918
54.850000	 -76.374333
54.900000	 -76.374748
54.950000	 -76.375163
55.000000	 -76.375577
55.050000	 -76.375992
55.100000	 -76.376406
55.150000	 -76.376820
55.200000	 -76.377233
55.250000	 -76.377647
55.300000	 -76.378060
55.350000	 -76.378473
55.400000	 -76.378886
55.450000	 -76.379299
55.500000	 -76.379712
55.550000	 -76.380124
55.600000	 -76.380536
55.650000	 -76.380948
55.700000	 -76.381360
55.750000	 -76.381772
55.800000	 -76.382183
55.850000	 -76.382594
55.900000	 -76.383005
55.950000	 -76.383416
56.000000	 -76.383827
56.050000	 -76.384237
56.100000	 -76.384647
56.150000	 -76.385057
56.200000	 -76.385467
56.250000	 -76.385876
56.300000	 -76.386286
56.350000	 -76.386695
56.400000	 -76.387104
56.450000	 -76.387512
56.500000	 -76.387921
56.550000	 -76.388329
56.600000	 -76.388737
56.650000	 -76.389145
56.700000	 -76.389552
56.750000	 -76.389959
56.800000	 -76.390367
56.850000	 -76.390773
56.900000	 -76.391180
56.950000	 -76.391586
57.000000	 -76.391993
57.050000	 -76.392399
57.100000	 -76.392804
57.150000	 -76.393210
57.200000	 -76.393615
57.250000	 -76.394020
57.300000	 -76.394425
57.350000	 -76.394829
57.400000	 -76.395234
57.450000	 -76.395638
57.500000	 -76.396042
57.550000	 -76.396445
57.600000	 -76.396848
57.650000	 -76.397252
57.700000	 -76.397654
57.750000	 -76.398057
57.800000	 -76.398459
57.850000	 -76.398861
57.900000	 -76.399263
57.950000	 -76.399665
58.000000	 -76.400066
58.050000	 -76.400467
58.100000	 -76.400868
58.150000	 -76.401269
58.200000	 -76.401669
58.250000	 -76.402069
58.300000	 -76.402469
58.350000	 -76.402869
58.400000	 -76.403268
58.450000	 -76.403667
58.500000	 -76.404066
58.550000	 -76.404464
58.600000	 -76.404863
58.650000	 -76.405261
58.700000	 -76.405658
58.750000	 -76.406056
58.800000	 -76.406453
58.850000	 -76.406850
58.900000	 -76.407247
58.950000	 -76.407643
59.000000	 -76.408039
59.050000	 -76.408435
59.100000	 -76.408830
59.150000	 -76.409226
59.200000	 -76.409621
59.250000	 -76.410016
59.300000	 -76.410410
59.350000	 -76.410804
59.400000	 -76.411198
59.450000	 -76.411592
59.500000	 -76.411985
59.550000	 -76.412378
59.600000	 -76.412771
59.650000	 -76.413163
59.700000	 -76.413556
59.750000	 -76.413948
59.800000	 -76.414339
59.850000	 -76.414730
59.900000	 -76.415122
59.950000	 -76.415512
60.000000	 -76.415903
60.050000	 -76.416293
60.100000	 -76.416683
60.150000	 -76.417072
60.200000	 -76.417462
60.250000	 -76.417851
60.300000	 -76.418240
60.350000	 -76.418628
60.400000	 -76.419016
60.450000	 -76.419404
60.500000	 -76.419791
60.550000	 -76.420179
60.600000	 -76.420566
60.650000	 -76.420952
60.700000	 -76.421339
60.750000	 -76.421725
60.800000	 -76.422110
60.850000	 -76.422496
60.900000	 -76.422881
60.950000	 -76.423266
61.000000	 -76.423650
61.050000	 -76.424034
61.100000	 -76.424418
61.150000	 -76.424802
61.200000	 -76.425185
61.250000	 -76.425568
61.300000	 -76.425950
61.350000	 -76.426333
61.400000	 -76.426715
61.450000	 -76.427096
61.500000	 -76.427478
61.550000	 -76.427859
61.600000	 -76.428239
61.650000	 -76.428620
61.700000	 -76.429000
61.750000	 -76.429380
61.800000	 -76.429759
61.850000	 -76.430138
61.900000	 -76.430517
61.950000	 -76.430896
62.000000	 -76.431274
62.050000	 -76.431652
62.100000	 -76.432029
62.150000	 -76.432406
62.200000	 -76.432783
62.250000	 -76.433160
62.300000	 -76.433536
62.350000	 -76.433912
62.400000	 -76.434287
62.450000	 -76.434662
62.500000	 -76.435037
62.550000	 -76.435412
62.600000	 -76.435786
62.650000	 -76.436160
62.700000	 -76.436533
62.750000	 -76.436907
62.800000	 -76.437279
62.850000	 -76.437652
62.900000	 -76.438024
62.950000	 -76.438396
63.000000	 -76.438767
63.050000	 -76.439139
63.100000	 -76.439509
63.150000	 -76.439880
63.200000	 -76.440250
63.250000	 -76.440620
63.300000	 -76.440989
63.350000	 -76.441358
63.400000	 -76.441727
63.450000	 -76.442096
63.500000	 -76.442464
63.550000	 -76.442831
63.600000	 -76.443199
63.650000	 -76.443566
63.700000	 -76.443932
63.750000	 -76.444299
63.800000	 -76.444665
63.850000	 -76.445030
63.900000	 -76.445396
63.950000	 -76.445761
64.000000	 -76.446125
64.050000	 -76.446489
64.100000	 -76.446853
64.150000	 -76.447217
64.200000	 -76.447580
64.250000	 -76.447943
64.300000	 -76.448305
64.350000	 -76.448667
64.400000	 -76.449029
64.450000	 -76.449390
64.500000	 -76.449751
64.550000	 -76.450112
64.600000	 -76.450472
64.650000	 -76.450832
64.700000	 -76.451192
64.750000	 -76.451551
64.800000	 -76.451910
64.850000	 -76.452268
64.900000	 -76.452626
64.950000	 -76.452984
65.000000	 -76.453341
65.050000	 -76.453698
65.100000	 -76.454055
65.150000	 -76.454411
65.200000	 -76.454767
65.250000	 -76.455123
65.300000	 -76.455478
65.350000	 -76.455832
65.400000	 -76.456187
65.450000	 -76.456541
65.500000	 -76.456895
65.550000	 -76.457248
65.600000	 -76.457601
65.650000	 -76.457953
65.700000	 -76.458306
65.750000	 -76.458657
65.800000	 -76.459009
65.850000	 -76.459360
65.900000	 -76.459711
65.950000	 -76.460061
66.000000	 -76.460411
66.050000	 -76.460760
66.100000	 -76.461109
66.150000	 -76.461458
66.200000	 -76.461807
66.250000	 -76.462155
66.300000	 -76.462502
66.350000	 -76.462850
66.400000	 -76.463196
66.450000	 -76.463543
66.500000	 -76.463889
66.550000	 -76.464235
66.600000	 -76.464580
66.650000	 -76.464925
66.700000	 -76.465270
66.750000	 -76.465614
66.800000	 -76.465958
66.850000	 -76.466301
66.900000	 -76.466644
66.950000	 -76.466987
67.000000	 -76.467329
67.050000	 -76.467671
67.100000	 -76.468012
67.150000	 -76.468353
67.200000	 -76.468694
67.250000	 -76.469035
67.300000	 -76.469374
67.350000	 -76.469714
67.400000	 -76.470053
67.450000	 -76.470392
67.500000	 -76.470730
67.550000	 -76.471068
67.600000	 -76.471406
67.650000	 -76.471743
67.700000	 -76.472080
67.750000	 -76.472416
67.800000	 -76.472752
67.850000	 -76.473088
67.900000	 -76.473423
67.950000	 -76.473758
68.000000	 -76.474092
68.050000	 -76.474426
68.100000	 -76.474760
68.150000	 -76.475093
68.200000	 -76.475426
68.250000	 -76.475758
68.300000	 -76.476090
68.350000	 -76.476422
68.400000	 -76.476753
68.450000	 -76.477084
68.500000	 -76.477414
68.550000	 -76.477744
68.600000	 -76.478073
68.650000	 -76.478403
68.700000	 -76.478731
68.750000	 -76.479060
68.800000	 -76.479388
68.850000	 -76.479715
68.900000	 -76.480043
68.950000	 -76.480369
69.000000	 -76.480696
69.050000	 -76.481022
69.100000	 -76.481347
69.150000	 -76.481672
69.200000	 -76.481997
69.250000	 -76.482321
69.300000	 -76.482645
69.350000	 -76.482969
69.400000	 -76.483292
69.450000	 -76.483614
69.500000	 -76.483937
69.550000	 -76.484259
69.600000	 -76.484580
69.650000	 -76.484901
69.700000	 -76.485222
69.750000	 -76.485542
69.800000	 -76.485862
69.850000	 -76.486181
69.900000	 -76.486500
69.950000	 -76.486819
70.000000	 -76.487137
70.050000	 -76.487455
70.100000	 -76.487772
70.150000	 -76.488089
70.200000	 -76.488405
70.250000	 -76.488721
70.300000	 -76.489037
70.350000	 -76.489352
70.400000	 -76.489667
70.450000	 -76.489981
70.500000	 -76.490295
70.550000	 -76.490609
70.600000	 -76.490922
70.650000	 -76.491235
70.700000	 -76.491547
70.750000	 -76.491859
70.800000	 -76.492171
70.850000	 -76.492482
70.900000	 -76.492792
70.950000	 -76.493103
71.000000	 -76.493412
71.050000	 -76.493722
71.100000	 -76.494031
71.150000	 -76.494339
71.200000	 -76.494647
71.250000	 -76.494955
71.300000	 -76.495262
71.350000	 -76.495569
71.400000	 -76.495876
71.450000	 -76.496182
71.500000	 -76.496487
71.550000	 -76.496793
71.600000	 -76.497097
71.650000	 -76.497402
71.700000	 -76.497705
71.750000	 -76.498009
71.800000	 -76.498312
71.850000	 -76.498615
71.900000	 -76.498917
71.950000	 -76.499219
72.000000	 -76.499520
72.050000	 -76.499821
72.100000	 -76.500121
72.150000	 -76.500421
72.200000	 -76.500721
72.250000	 -76.501020
72.300000	 -76.501319
72.350000	 -76.501617
72.400000	 -76.501915
72.450000	 -76.502213
72.500000	 -76.502510
72.550000	 -76.502807
72.600000	 -76.503103
72.650000	 -76.503399
72.700000	 -76.503694
72.750000	 -76.503989
72.800000	 -76.504283
72.850000	 -76.504577
72.900000	 -76.504871
72.950000	 -76.505164
73.000000	 -76.505457
73.050000	 -76.505749
73.100000	 -76.506041
73.150000	 -76.506333
73.200000	 -76.506624
73.250000	 -76.506915
73.300000	 -76.507205
73.350000	 -76.507495
73.400000	 -76.507784
73.450000	 -76.508073
73.500000	 -76.508361
73.550000	 -76.508649
73.600000	 -76.508937
73.650000	 -76.509224
73.700000	 -76.509511
73.750000	 -76.509797
73.800000	 -76.510083
73.850000	 -76.510368
73.900000	 -76.510653
73.950000	 -76.510938
74.000000	 -76.511222
74.050000	 -76.511506
74.100000	 -76.511789
74.150000	 -76.512072
74.200000	 -76.512354
74.250000	 -76.512636
74.300000	 -76.512918
74.350000	 -76.513199
74.400000	 -76.513479
74.450000	 -76.513760
74.500000	 -76.514039
74.550000	 -76.514319
74.600000	 -76.514598
74.650000	 -76.514876
74.700000	 -76.515154
74.750000	 -76.515432
74.800000	 -76.515709
74.850000	 -76.515986
74.900000	 -76.516262
74.950000	 -76.516538
75.000000	 -76.516813
75.050000	 -76.517088
75.100000	 -76.517363
75.150000	 -76.517637
75.200000	 -76.517910
75.250000	 -76.518184
75.300000	 -76.518456
75.350000	 -76.518729
75.400000	 -76.519001
75.450000	 -76.519272
75.500000	 -76.519543
75.550000	 -76.519814
75.600000	 -76.520084
75.650000	 -76.520354
75.700000	 -76.520623
75.750000	 -76.520892
75.800000	 -76.521160
75.850000	 -76.521428
75.900000	 -76.521696
75.950000	 -76.521963
76.000000	 -76.522229
76.050000	 -76.522495
76.100000	 -76.522761
76.150000	 -76.523027
76.200000	 -76.523291
76.250000	 -76.523556
76.300000	 -76.523820
76.350000	 -76.524083
76.400000	 -76.524346
76.450000	 -76.524609
76.500000	 -76.524871
76.550000	 -76.525133
76.600000	 -76.525395
76.650000	 -76.525655
76.700000	 -76.525916
76.750000	 -76.526176
76.800000	 -76.526436
76.850000	 -76.526695
76.900000	 -76.526953
76.950000	 -76.527212
77.000000	 -76.527469
77.050000	 -76.527727
77.100000	 -76.527984
77.150000	 -76.528240
77.200000	 -76.528496
77.250000	 -76.528752
77.300000	 -76.529007
77.350000	 -76.529262
77.400000	 -76.529516
77.450000	 -76.529770
77.500000	 -76.530023
77.550000	 -76.530276
77.600000	 -76.530529
77.650000	 -76.530781
77.700000	 -76.531033
77.750000	 -76.531284
77.800000	 -76.531534
77.850000	 -76.531785
77.900000	 -76.532035
77.950000	 -76.532284
78.000000	 -76.532533
78.050000	 -76.532782
78.100000	 -76.533030
78.150000	 -76.533277
78.200000	 -76.533525
78.250000	 -76.533771
78.300000	 -76.534018
78.350000	 -76.534264
78.400000	 -76.534509
78.450000	 -76.534754
78.500000	 -76.534999
78.550000	 -76.535243
78.600000	 -76.535486
78.650000	 -76.535730
78.700000	 -76.535972
78.750000	 -76.536215
78.800000	 -76.536457
78.850000	 -76.536698
78.900000	 -76.536939
78.950000	 -76.537180
79.000000	 -76.537420
79.050000	 -76.537659
79.100000	 -76.537899
79.150000	 -76.538138
79.200000	 -76.538376
79.250000	 -76.538614
79.300000	 -76.538851
79.350000	 -76.539088
79.400000	 -76.539325
79.450000	 -76.539561
79.500000	 -76.539797
79.550000	 -76.540032
79.600000	 -76.540267
79.650000	 -76.540501
79.700000	 -76.540735
79.750000	 -76.540969
79.800000	 -76.541202
79.850000	 -76.541434
79.900000	 -76.541667
79.950000	 -76.541898
80.000000	 -76.542130
80.050000	 -76.542360
80.100000	 -76.542591
80.150000	 -76.542821
80.200000	 -76.543050
80.250000	 -76.543279
80.300000	 -76.543508
80.350000	 -76.543736
80.400000	 -76.543964
80.450000	 -76.544191
80.500000	 -76.544418
80.550000	 -76.544645
80.600000	 -76.544871
80.650000	 -76.545096
80.700000	 -76.545321
80.750000	 -76.545546
80.800000	 -76.545770
80.850000	 -76.545994
80.900000	 -76.546217
80.950000	 -76.546440
81.000000	 -76.546663
81.050000	 -76.546885
81.100000	 -76.547106
81.150000	 -76.547327
81.200000	 -76.547548
81.250000	 -76.547768
81.300000	 -76.547988
81.350000	 -76.548207
81.400000	 -76.548426
81.450000	 -76.548645
81.500000	 -76.548863
81.550000	 -76.549080
81.600000	 -76.549298
81.650000	 -76.549514
81.700000	 -76.549731
81.750000	 -76.549947
81.800000	 -76.550162
81.850000	 -76.550377
81.900000	 -76.550591
81.950000	 -76.550806
82.000000	 -76.551019
82.050000	 -76.551232
82.100000	 -76.551445
82.150000	 -76.551658
82.200000	 -76.551869
82.250000	 -76.552081
82.300000	 -76.552292
82.350000	 -76.552502
82.400000	 -76.552713
82.450000	 -76.552922
82.500000	 -76.553132
82.550000	 -76.553340
82.600000	 -76.553549
82.650000	 -76.553757
82.700000	 -76.553964
82.750000	 -76.554171
82.800000	 -76.554378
82.850000	 -76.554584
82.900000	 -76.554790
82.950000	 -76.554995
83.000000	 -76.555200
83.050000	 -76.555405
83.100000	 -76.555609
83.150000	 -76.555812
83.200000	 -76.556015
83.250000	 -76.556218
83.300000	 -76.556420
83.350000	 -76.556622
83.400000	 -76.556824
83.450000	 -76.557025
83.500000	 -76.557225
83.550000	 -76.557425
83.600000	 -76.557625
83.650000	 -76.557824
83.700000	 -76.558023
83.750000	 -76.558221
83.800000	 -76.558419
83.850000	 -76.558617
83.900000	 -76.558814
83.950000	 -76.559010
84.000000	 -76.559207
84.050000	 -76.559402
84.100000	 -76.559598
84.150000	 -76.559793
84.200000	 -76.559987
84.250000	 -76.560181
84.300000	 -76.560375
84.350000	 -76.560568
84.400000	 -76.560760
84.450000	 -76.560953
84.500000	 -76.561145
84.550000	 -76.561336
84.600000	 -76.561527
84.650000	 -76.561718
84.700000	 -76.561908
84.750000	 -76.562097
84.800000	 -76.562287
84.850000	 -76.562475
84.900000	 -76.562664
84.950000	 -76.562852
85.000000	 -76.563039
85.050000	 -76.563226
85.100000	 -76.563413
85.150000	 -76.563599
85.200000	 -76.563785
85.250000	 -76.563971
85.300000	 -76.564156
85.350000	 -76.564340
85.400000	 -76.564524
85.450000	 -76.564708
85.500000	 -76.564891
85.550000	 -76.565074
85.600000	 -76.565256
85.650000	 -76.565438
85.700000	 -76.565620
85.750000	 -76.565801
85.800000	 -76.565982
85.850000	 -76.566162
85.900000	 -76.566342
85.950000	 -76.566521
86.000000	 -76.566700
86.050000	 -76.566878
86.100000	 -76.567057
86.150000	 -76.567234
86.200000	 -76.567412
86.250000	 -76.567588
86.300000	 -76.567765
86.350000	 -76.567941
86.400000	 -76.568116
86.450000	 -76.568291
86.500000	 -76.568466
86.550000	 -76.568640
86.600000	 -76.568814
86.650000	 -76.568988
86.700000	 -76.569161
86.750000	 -76.569333
86.800000	 -76.569506
86.850000	 -76.569677
86.900000	 -76.569849
86.950000	 -76.570019
87.000000	 -76.570190
87.050000	 -76.570360
87.100000	 -76.570530
87.150000	 -76.570699
87.200000	 -76.570868
87.250000	 -76.571036
87.300000	 -76.571204
87.350000	 -76.571371
87.400000	 -76.571539
87.450000	 -76.571705
87.500000	 -76.571871
87.550000	 -76.572037
87.600000	 -76.572203
87.650000	 -76.572368
87.700000	 -76.572532
87.750000	 -76.572697
87.800000	 -76.572860
87.850000	 -76.573024
87.900000	 -76.573187
87.950000	 -76.573349
88.000000	 -76.573511
88.050000	 -76.573673
88.100000	 -76.573834
88.150000	 -76.573995
88.200000	 -76.574155
88.250000	 -76.574315
88.300000	 -76.574475
88.350000	 -76.574634
88.400000	 -76.574793
88.450000	 -76.574951
88.500000	 -76.575109
88.550000	 -76.575266
88.600000	 -76.575423
88.650000	 -76.575580
88.700000	 -76.575736
88.750000	 -76.575892
88.800000	 -76.576048
88.850000	 -76.576203
88.900000	 -76.576357
88.950000	 -76.576512
89.000000	 -76.576665
89.050000	 -76.576819
89.100000	 -76.576972
89.150000	 -76.577124
89.200000	 -76.577276
89.250000	 -76.577428
89.300000	 -76.577579
89.350000	 -76.577730
89.400000	 -76.577881
89.450000	 -76.578031
89.500000	 -76.578180
89.550000	 -76.578330
89.600000	 -76.578479
89.650000	 -76.578627
89.700000	 -76.578775
89.750000	 -76.578923
89.800000	 -76.579070
89.850000	 -76.579217
89.900000	 -76.579363
89.950000	 -76.579509
90.000000	 -76.579655
90.050000	 -76.579800
90.100000	 -76.579945
90.150000	 -76.580089
90.200000	 -76.580233
90.250000	 -76.580377
90.300000	 -76.580520
90.350000	 -76.580662
90.400000	 -76.580805
90.450000	 -76.580947
90.500000	 -76.581088
90.550000	 -76.581229
90.600000	 -76.581370
90.650000	 -76.581510
90.700000	 -76.581650
90.750000	 -76.581790
90.800000	 -76.581929
90.850000	 -76.582068
90.900000	 -76.582206
90.950000	 -76.582344
91.000000	 -76.582482
91.050000	 -76.582619
91.100000	 -76.582755
91.150000	 -76.582892
91.200000	 -76.583028
91.250000	 -76.583163
91.300000	 -76.583298
91.350000	 -76.583433
91.400000	 -76.583567
91.450000	 -76.583701
91.500000	 -76.583835
91.550000	 -76.583968
91.600000	 -76.584101
91.650000	 -76.584233
91.700000	 -76.584365
91.750000	 -76.584496
91.800000	 -76.584628
91.850000	 -76.584758
91.900000	 -76.584889
91.950000	 -76.585019
92.000000	 -76.585148
92.050000	 -76.585277
92.100000	 -76.585406
92.150000	 -76.585535
92.200000	 -76.585663
92.250000	 -76.585790
92.300000	 -76.585917
92.350000	 -76.586044
92.400000	 -76.586171
92.450000	 -76.586297
92.500000	 -76.586422
92.550000	 -76.586548
92.600000	 -76.586673
92.650000	 -76.586797
92.700000	 -76.586921
92.750000	 -76.587045
92.800000	 -76.587168
92.850000	 -76.587291
92.900000	 -76.587414
92.950000	 -76.587536
93.000000	 -76.587657
93.050000	 -76.587779
93.100000	 -76.587900
93.150000	 -76.588020
93.200000	 -76.588141
93.250000	 -76.588260
93.300000	 -76.588380
93.350000	 -76.588499
93.400000	 -76.588618
93.450000	 -76.588736
93.500000	 -76.588854
93.550000	 -76.588971
93.600000	 -76.589088
93.650000	 -76.589205
93.700000	 -76.589322
93.750000	 -76.589438
93.800000	 -76.589553
93.850000	 -76.589668
93.900000	 -76.589783
93.950000	 -76.589898
94.000000	 -76.590012
94.050000	 -76.590125
94.100000	 -76.590239
94.150000	 -76.590352
94.200000	 -76.590464
94.250000	 -76.590576
94.300000	 -76.590688
94.350000	 -76.590800
94.400000	 -76.590911
94.450000	 -76.591021
94.500000	 -76.591132
94.550000	 -76.591242
94.600000	 -76.591351
94.650000	 -76.591460
94.700000	 -76.591569
94.750000	 -76.591678
94.800000	 -76.591786
94.850000	 -76.591893
94.900000	 -76.592001
94.950000	 -76.592107
95.000000	 -76.592214
95.050000	 -76.592320
95.100000	 -76.592426
95.150000	 -76.592531
95.200000	 -76.592636
95.250000	 -76.592741
95.300000	 -76.592845
95.350000	 -76.592949
95.400000	 -76.593053
95.450000	 -76.593156
95.500000	 -76.593259
95.550000	 -76.593361
95.600000	 -76.593464
95.650000	 -76.593565
95.700000	 -76.593667
95.750000	 -76.593768
95.800000	 -76.593868
95.850000	 -76.593969
95.900000	 -76.594068
95.950000	 -76.594168
96.000000	 -76.594267
96.050000	 -76.594366
96.100000	 -76.594464
96.150000	 -76.594562
96.200000	 -76.594660
96.250000	 -76.594757
96.300000	 -76.594854
96.350000	 -76.594951
96.400000	 -76.595047
96.450000	 -76.595143
96.500000	 -76.595239
96.550000	 -76.595334
96.600000	 -76.595429
96.650000	 -76.595523
96.700000	 -76.595617
96.750000	 -76.595711
96.800000	 -76.595804
96.850000	 -76.595897
96.900000	 -76.595990
96.950000	 -76.596082
97.000000	 -76.596174
97.050000	 -76.596266
97.100000	 -76.596357
97.150000	 -76.596448
97.200000	 -76.596538
97.250000	 -76.596628
97.300000	 -76.596718
97.350000	 -76.596808
97.400000	 -76.596897
97.450000	 -76.596985
97.500000	 -76.597074
97.550000	 -76.597162
97.600000	 -76.597249
97.650000	 -76.597337
97.700000	 -76.597424
97.750000	 -76.597510
97.800000	 -76.597597
97.850000	 -76.597683
97.900000	 -76.597768
97.950000	 -76.597853
98.000000	 -76.597938
98.050000	 -76.598023
98.100000	 -76.598107
98.150000	 -76.598191
98.200000	 -76.598274
98.250000	 -76.598357
98.300000	 -76.598440
98.350000	 -76.598522
98.400000	 -76.598604
98.450000	 -76.598686
98.500000	 -76.598767
98.550000	 -76.598849
98.600000	 -76.598929
98.650000	 -76.599010
98.700000	 -76.599090
98.750000	 -76.599169
98.800000	 -76.599248
98.850000	 -76.599327
98.900000	 -76.599406
98.950000	 -76.599484
99.000000	 -76.599562
99.050000	 -76.599640
99.100000	 -76.599717
99.150000	 -76.599794
99.200000	 -76.599871
99.250000	 -76.599947
99.300000	 -76.600023
99.350000	 -76.600098
99.400000	 -76.600174
99.450000	 -76.600248
99.500000	 -76.600323
99.550000	 -76.600397
99.600000	 -76.600471
99.650000	 -76.600545
99.700000	 -76.600618
99.750000	 -76.600691
99.800000	 -76.600763
99.850000	 -76.600835
99.900000	 -76.600907
99.950000	 -76.600979
100.000000	 -76.601050
