0.000000	 -76.550956
0.050000	 -76.550956
0.100000	 -76.550956
0.150000	 -76.550956
0.200000	 -76.550956
0.250000	 -76.550956
0.300000	 -76.550956
0.350000	 -76.550956
0.400000	 -76.550956
0.450000	 -76.550956
0.500000	 -76.550955
0.550000	 -76.550955
0.600000	 -76.550955
0.650000	 -76.550955
0.700000	 -76.550955
0.750000	 -76.550955
0.800000	 -76.550955
0.850000	 -76.550955
0.900000	 -76.550955
0.950000	 -76.550955
1.000000	 -76.550955
1.050000	 -76.550955
1.100000	 -76.550955
1.150000	 -76.550955
1.200000	 -76.550955
1.250000	 -76.550955
1.300000	 -76.550955
1.350000	 -76.550955
1.400000	 -76.550955
1.450000	 -76.550955
1.500000	 -76.550955
1.550000	 -76.550955
1.600000	 -76.550955
1.650000	 -76.550955
1.700000	 -76.550955
1.750000	 -76.550954
1.800000	 -76.550954
1.850000	 -76.550954
1.900000	 -76.550954
1.950000	 -76.550954
2.000000	 -76.550954
2.050000	 -76.550954
2.100000	 -76.550954
2.150000	 -76.550954
2.200000	 -76.550954
2.250000	 -76.550954
2.300000	 -76.550954
2.350000	 -76.550954
2.400000	 -76.550954
2.450000	 -76.550954
2.500000	 -76.550954
2.550000	 -76.550954
2.600000	 -76.550954
2.650000	 -76.550954
2.700000	 -76.550954
2.750000	 -76.550954
2.800000	 -76.550954
2.850000	 -76.550954
2.900000	 -76.550954
2.950000	 -76.550954
3.000000	 -76.550953
3.050000	 -76.550953
3.100000	 -76.550953
3.150000	 -76.550953
3.200000	 -76.550953
3.250000	 -76.550953
3.300000	 -76.550953
3.350000	 -76.550953
3.400000	 -76.550953
3.450000	 -76.550953
3.500000	 -76.550953
3.550000	 -76.550953
3.600000	 -76.550953
3.650000	 -76.550953
3.700000	 -76.550953
3.750000	 -76.550953
3.800000	 -76.550953
3.850000	 -76.550953
3.900000	 -76.550953
3.950000	 -76.550953
4.000000	 -76.550953
4.050000	 -76.550953
4.100000	 -76.550953
4.150000	 -76.550953
4.200000	 -76.550952
4.250000	 -76.550952
4.300000	 -76.550952
4.350000	 -76.550952
4.400000	 -76.550952
4.450000	 -76.550952
4.500000	 -76.550952
4.550000	 -76.550952
4.600000	 -76.550952
4.650000	 -76.550952
4.700000	 -76.550952
4.750000	 -76.550952
4.800000	 -76.550952
4.850000	 -76.550952
4.900000	 -76.550952
4.950000	 -76.550952
5.000000	 -76.550952
5.050000	 -76.550951
5.100000	 -76.550947
5.150000	 -76.550932
5.200000	 -76.550892
5.250000	 -76.550810
5.300000	 -76.550659
5.350000	 -76.550415
5.400000	 -76.550049
5.450000	 -76.549532
5.500000	 -76.548839
5.550000	 -76.547944
5.600000	 -76.546827
5.650000	 -76.545469
5.700000	 -76.543854
5.750000	 -76.541970
5.800000	 -76.539808
5.850000	 -76.537360
5.900000	 -76.534623
5.950000	 -76.531595
6.000000	 -76.528275
6.050000	 -76.524666
6.100000	 -76.520772
6.150000	 -76.516597
6.200000	 -76.512146
6.250000	 -76.507428
6.300000	 -76.502450
6.350000	 -76.497219
6.400000	 -76.491745
6.450000	 -76.486037
6.500000	 -76.480104
6.550000	 -76.473957
6.600000	 -76.467604
6.650000	 -76.461055
6.700000	 -76.454320
6.750000	 -76.447409
6.800000	 -76.440330
6.850000	 -76.433094
6.900000	 -76.425708
6.950000	 -76.418182
7.000000	 -76.410524
7.050000	 -76.402742
7.100000	 -76.394845
7.150000	 -76.386839
7.200000	 -76.378733
7.250000	 -76.370533
7.300000	 -76.362247
7.350000	 -76.353880
7.400000	 -76.345439
7.450000	 -76.336930
7.500000	 -76.328359
7.550000	 -76.319731
7.600000	 -76.311052
7.650000	 -76.302327
7.700000	 -76.293560
7.750000	 -76.284756
7.800000	 -76.275920
7.850000	 -76.267055
7.900000	 -76.258166
7.950000	 -76.249257
8.000000	 -76.240332
8.050000	 -76.231393
8.100000	 -76.222445
8.150000	 -76.213491
8.200000	 -76.204534
8.250000	 -76.195577
8.300000	 -76.186622
8.350000	 -76.177674
8.400000	 -76.168734
8.450000	 -76.159804
8.500000	 -76.150889
8.550000	 -76.141989
8.600000	 -76.133108
8.650000	 -76.124247
8.700000	 -76.115410
8.750000	 -76.106597
8.800000	 -76.097811
8.850000	 -76.089054
8.900000	 -76.080327
8.950000	 -76.071633
9.000000	 -76.062974
9.050000	 -76.054350
9.100000	 -76.045764
9.150000	 -76.037218
9.200000	 -76.028712
9.250000	 -76.020248
9.300000	 -76.011827
9.350000	 -76.003452
9.400000	 -75.995122
9.450000	 -75.986839
9.500000	 -75.978605
9.550000	 -75.970420
9.600000	 -75.962285
9.650000	 -75.954202
9.700000	 -75.946171
9.750000	 -75.938192
9.800000	 -75.930268
9.850000	 -75.922398
9.900000	 -75.914583
9.950000	 -75.906823
10.000000	 -75.899120
10.050000	 -75.891474
10.100000	 -75.883885
10.150000	 -75.876353
10.200000	 -75.868879
10.250000	 -75.861463
10.300000	 -75.854106
10.350000	 -75.846807
10.400000	 -75.839566
10.450000	 -75.832385
10.500000	 -75.825262
10.550000	 -75.818198
10.600000	 -75.811193
10.650000	 -75.804247
10.700000	 -75.797359
10.750000	 -75.790529
10.800000	 -75.783758
10.850000	 -75.777046
10.900000	 -75.770391
10.950000	 -75.763793
11.000000	 -75.757253
11.050000	 -75.750770
11.100000	 -75.744344
11.150000	 -75.737974
11.200000	 -75.731660
11.250000	 -75.725402
11.300000	 -75.719199
11.350000	 -75.713051
11.400000	 -75.706957
11.450000	 -75.700917
11.500000	 -75.694931
11.550000	 -75.688998
11.600000	 -75.683118
11.650000	 -75.677289
11.700000	 -75.671513
11.750000	 -75.665787
11.800000	 -75.660113
11.850000	 -75.654488
11.900000	 -75.648914
11.950000	 -75.643389
12.000000	 -75.637912
12.050000	 -75.632484
12.100000	 -75.627104
12.150000	 -75.621771
12.200000	 -75.616485
12.250000	 -75.611246
12.300000	 -75.606053
12.350000	 -75.600905
12.400000	 -75.595803
12.450000	 -75.590745
12.500000	 -75.585731
12.550000	 -75.580761
12.600000	 -75.575834
12.650000	 -75.570951
12.700000	 -75.566110
12.750000	 -75.561311
12.800000	 -75.556554
12.850000	 -75.551838
12.900000	 -75.547163
12.950000	 -75.542529
13.000000	 -75.537935
13.050000	 -75.533381
13.100000	 -75.528866
13.150000	 -75.524391
13.200000	 -75.519954
13.250000	 -75.515556
13.300000	 -75.511196
13.350000	 -75.506874
13.400000	 -75.502589
13.450000	 -75.498341
13.500000	 -75.494131
13.550000	 -75.489957
13.600000	 -75.485819
13.650000	 -75.481718
13.700000	 -75.477652
13.750000	 -75.473622
13.800000	 -75.469627
13.850000	 -75.465667
13.900000	 -75.461742
13.950000	 -75.457851
14.000000	 -75.453995
14.050000	 -75.450173
14.100000	 -75.446384
14.150000	 -75.442629
14.200000	 -75.438908
14.250000	 -75.435220
14.300000	 -75.431564
14.350000	 -75.427941
14.400000	 -75.424351
14.450000	 -75.420793
14.500000	 -75.417268
14.550000	 -75.413774
14.600000	 -75.410312
14.650000	 -75.406882
14.700000	 -75.403483
14.750000	 -75.400115
14.800000	 -75.396778
14.850000	 -75.393472
14.900000	 -75.390197
14.950000	 -75.386953
15.000000	 -75.383738
15.050000	 -75.380554
15.100000	 -75.377400
15.150000	 -75.374276
15.200000	 -75.371182
15.250000	 -75.368117
15.300000	 -75.365082
15.350000	 -75.362076
15.400000	 -75.359099
15.450000	 -75.356151
15.500000	 -75.353232
15.550000	 -75.350341
15.600000	 -75.347479
15.650000	 -75.344645
15.700000	 -75.341840
15.750000	 -75.339063
15.800000	 -75.336314
15.850000	 -75.333592
15.900000	 -75.330899
15.950000	 -75.328232
16.000000	 -75.325594
16.050000	 -75.322982
16.100000	 -75.320398
16.150000	 -75.317841
16.200000	 -75.315310
16.250000	 -75.312806
16.300000	 -75.310329
16.350000	 -75.307879
16.400000	 -75.305454
16.450000	 -75.303056
16.500000	 -75.300684
16.550000	 -75.298338
16.600000	 -75.296018
16.650000	 -75.293723
16.700000	 -75.291454
16.750000	 -75.289211
16.800000	 -75.286992
16.850000	 -75.284799
16.900000	 -75.282631
16.950000	 -75.280488
17.000000	 -75.278369
17.050000	 -75.276276
17.100000	 -75.274206
17.150000	 -75.272161
17.200000	 -75.270140
17.250000	 -75.268144
17.300000	 -75.266171
17.350000	 -75.264222
17.400000	 -75.262297
17.450000	 -75.260396
17.500000	 -75.258518
17.550000	 -75.256663
17.600000	 -75.254832
17.650000	 -75.253023
17.700000	 -75.251238
17.750000	 -75.249475
17.800000	 -75.247735
17.850000	 -75.246018
17.900000	 -75.244323
17.950000	 -75.242650
18.000000	 -75.240999
18.050000	 -75.239371
18.100000	 -75.237764
18.150000	 -75.236179
18.200000	 -75.234616
18.250000	 -75.233074
18.300000	 -75.231554
18.350000	 -75.230055
18.400000	 -75.228576
18.450000	 -75.227119
18.500000	 -75.225683
18.550000	 -75.224268
18.600000	 -75.222873
18.650000	 -75.221499
18.700000	 -75.220144
18.750000	 -75.218811
18.800000	 -75.217497
18.850000	 -75.216203
18.900000	 -75.214929
18.950000	 -75.213675
19.000000	 -75.212440
19.050000	 -75.211225
19.100000	 -75.210029
19.150000	 -75.208852
19.200000	 -75.207694
19.250000	 -75.206555
19.300000	 -75.205435
19.350000	 -75.204334
19.400000	 -75.203251
19.450000	 -75.202187
19.500000	 -75.201140
19.550000	 -75.200112
19.600000	 -75.199103
19.650000	 -75.198111
19.700000	 -75.197136
19.750000	 -75.196180
19.800000	 -75.195241
19.850000	 -75.194319
19.900000	 -75.193415
19.950000	 -75.192528
20.000000	 -75.191658
20.050000	 -75.190805
20.100000	 -75.189969
20.150000	 -75.189149
20.200000	 -75.188346
20.250000	 -75.187559
20.300000	 -75.186789
20.350000	 -75.186035
20.400000	 -75.185297
20.450000	 -75.184575
20.500000	 -75.183869
20.550000	 -75.183179
20.600000	 -75.182504
20.650000	 -75.181845
20.700000	 -75.181201
20.750000	 -75.180573
20.800000	 -75.179959
20.850000	 -75.179361
20.900000	 -75.178778
20.950000	 -75.178209
21.000000	 -75.177655
21.050000	 -75.177116
21.100000	 -75.176591
21.150000	 -75.176081
21.200000	 -75.175585
21.250000	 -75.175103
21.300000	 -75.174635
21.350000	 -75.174181
21.400000	 -75.173741
21.450000	 -75.173315
21.500000	 -75.172902
21.550000	 -75.172503
21.600000	 -75.172117
21.650000	 -75.171745
21.700000	 -75.171386
21.750000	 -75.171040
21.800000	 -75.170707
21.850000	 -75.170386
21.900000	 -75.170079
21.950000	 -75.169784
22.000000	 -75.169502
22.050000	 -75.169233
22.100000	 -75.168976
22.150000	 -75.168731
22.200000	 -75.168499
22.250000	 -75.168278
22.300000	 -75.168070
22.350000	 -75.167874
22.400000	 -75.167689
22.450000	 -75.167516
22.500000	 -75.167355
22.550000	 -75.167206
22.600000	 -75.167068
22.650000	 -75.166941
22.700000	 -75.166826
22.750000	 -75.166721
22.800000	 -75.166628
22.850000	 -75.166547
22.900000	 -75.166476
22.950000	 -75.166415
23.000000	 -75.166366
23.050000	 -75.166328
23.100000	 -75.166300
23.150000	 -75.166282
23.200000	 -75.166275
23.250000	 -75.166279
23.300000	 -75.166292
23.350000	 -75.166316
23.400000	 -75.166350
23.450000	 -75.166395
23.500000	 -75.166449
23.550000	 -75.166513
23.600000	 -75.166587
23.650000	 -75.166670
23.700000	 -75.166764
23.750000	 -75.166866
23.800000	 -75.166979
23.850000	 -75.167101
23.900000	 -75.167232
23.950000	 -75.167373
24.000000	 -75.167523
24.050000	 -75.167682
24.100000	 -75.167850
24.150000	 -75.168027
24.200000	 -75.168213
24.250000	 -75.168408
24.300000	 -75.168612
24.350000	 -75.168825
24.400000	 -75.169047
24.450000	 -75.169277
24.500000	 -75.169515
24.550000	 -75.169762
24.600000	 -75.170018
24.650000	 -75.170282
24.700000	 -75.170554
24.750000	 -75.170835
24.800000	 -75.171124
24.850000	 -75.171421
24.900000	 -75.171726
24.950000	 -75.172039
25.000000	 -75.172360
25.050000	 -75.172689
25.100000	 -75.173026
25.150000	 -75.173370
25.200000	 -75.173723
25.250000	 -75.174084
25.300000	 -75.174453
25.350000	 -75.174831
25.400000	 -75.175216
25.450000	 -75.175609
25.500000	 -75.176010
25.550000	 -75.176419
25.600000	 -75.176836
25.650000	 -75.177261
25.700000	 -75.177693
25.750000	 -75.178133
25.800000	 -75.178580
25.850000	 -75.179035
25.900000	 -75.179497
25.950000	 -75.179966
26.000000	 -75.180442
26.050000	 -75.180926
26.100000	 -75.181416
26.150000	 -75.181913
26.200000	 -75.182417
26.250000	 -75.182928
26.300000	 -75.183446
26.350000	 -75.183970
26.400000	 -75.184501
26.450000	 -75.185038
26.500000	 -75.185582
26.550000	 -75.186132
26.600000	 -75.186688
26.650000	 -75.187251
26.700000	 -75.187820
26.750000	 -75.188395
26.800000	 -75.188977
26.850000	 -75.189564
26.900000	 -75.190158
26.950000	 -75.190758
27.000000	 -75.191363
27.050000	 -75.191975
27.100000	 -75.192592
27.150000	 -75.193215
27.200000	 -75.193844
27.250000	 -75.194479
27.300000	 -75.195120
27.350000	 -75.195766
27.400000	 -75.196418
27.450000	 -75.197076
27.500000	 -75.197739
27.550000	 -75.198408
27.600000	 -75.199082
27.650000	 -75.199762
27.700000	 -75.200447
27.750000	 -75.201137
27.800000	 -75.201833
27.850000	 -75.202535
27.900000	 -75.203241
27.950000	 -75.203953
28.000000	 -75.204670
28.050000	 -75.205393
28.100000	 -75.206120
28.150000	 -75.206853
28.200000	 -75.207591
28.250000	 -75.208334
28.300000	 -75.209082
28.350000	 -75.209835
28.400000	 -75.210593
28.450000	 -75.211356
28.500000	 -75.212124
28.550000	 -75.212897
28.600000	 -75.213675
28.650000	 -75.214458
28.700000	 -75.215246
28.750000	 -75.216038
28.800000	 -75.216835
28.850000	 -75.217637
28.900000	 -75.218444
28.950000	 -75.219255
29.000000	 -75.220072
29.050000	 -75.220892
29.100000	 -75.221718
29.150000	 -75.222548
29.200000	 -75.223383
29.250000	 -75.224222
29.300000	 -75.225066
29.350000	 -75.225914
29.400000	 -75.226767
29.450000	 -75.227625
29.500000	 -75.228486
29.550000	 -75.229353
29.600000	 -75.230223
29.650000	 -75.231098
29.700000	 -75.231978
29.750000	 -75.232861
29.800000	 -75.233749
29.850000	 -75.234642
29.900000	 -75.235538
29.950000	 -75.236439
30.000000	 -75.237344
30.050000	 -75.238254
30.100000	 -75.239167
30.150000	 -75.240085
30.200000	 -75.241007
30.250000	 -75.241933
30.300000	 -75.242863
30.350000	 -75.243797
30.400000	 -75.244736
30.450000	 -75.245678
30.500000	 -75.246624
30.550000	 -75.247575
30.600000	 -75.248529
30.650000	 -75.249487
30.700000	 -75.250450
30.750000	 -75.251416
30.800000	 -75.252386
30.850000	 -75.253360
30.900000	 -75.254338
30.950000	 -75.255320
31.000000	 -75.256306
31.050000	 -75.257295
31.100000	 -75.258288
31.150000	 -75.259285
31.200000	 -75.260286
31.250000	 -75.261291
31.300000	 -75.262299
31.350000	 -75.263311
31.400000	 -75.264327
31.450000	 -75.265346
31.500000	 -75.266370
31.550000	 -75.267396
31.600000	 -75.268427
31.650000	 -75.269461
31.700000	 -75.270498
31.750000	 -75.271539
31.800000	 -75.272584
31.850000	 -75.273632
31.900000	 -75.274684
31.950000	 -75.275740
32.000000	 -75.276798
32.050000	 -75.277861
32.100000	 -75.278926
32.150000	 -75.279996
32.200000	 -75.281068
32.250000	 -75.282144
32.300000	 -75.283224
32.350000	 -75.284307
32.400000	 -75.285393
32.450000	 -75.286483
32.500000	 -75.287575
32.550000	 -75.288672
32.600000	 -75.289771
32.650000	 -75.290874
32.700000	 -75.291980
32.750000	 -75.293090
32.800000	 -75.294202
32.850000	 -75.295318
32.900000	 -75.296437
32.950000	 -75.297559
33.000000	 -75.298685
33.050000	 -75.299813
33.100000	 -75.300945
33.150000	 -75.302080
33.200000	 -75.303218
33.250000	 -75.304359
33.300000	 -75.305504
33.350000	 -75.306651
33.400000	 -75.307801
33.450000	 -75.308955
33.500000	 -75.310111
33.550000	 -75.311271
33.600000	 -75.312433
33.650000	 -75.313599
33.700000	 -75.314767
33.750000	 -75.315939
33.800000	 -75.317113
33.850000	 -75.318291
33.900000	 -75.319471
33.950000	 -75.320654
34.000000	 -75.321840
34.050000	 -75.323029
34.100000	 -75.324221
34.150000	 -75.325416
34.200000	 -75.326614
34.250000	 -75.327814
34.300000	 -75.329017
34.350000	 -75.330223
34.400000	 -75.331432
34.450000	 -75.332644
34.500000	 -75.333858
34.550000	 -75.335075
34.600000	 -75.336295
34.650000	 -75.337518
34.700000	 -75.338743
34.750000	 -75.339971
34.800000	 -75.341202
34.850000	 -75.342435
34.900000	 -75.343671
34.950000	 -75.344910
35.000000	 -75.346151
35.050000	 -75.347395
35.100000	 -75.348642
35.150000	 -75.349891
35.200000	 -75.351143
35.250000	 -75.352397
35.300000	 -75.353654
35.350000	 -75.354913
35.400000	 -75.356175
35.450000	 -75.357440
35.500000	 -75.358707
35.550000	 -75.359976
35.600000	 -75.361248
35.650000	 -75.362523
35.700000	 -75.363800
35.750000	 -75.365079
35.800000	 -75.366361
35.850000	 -75.367645
35.900000	 -75.368932
35.950000	 -75.370221
36.000000	 -75.371513
36.050000	 -75.372807
36.100000	 -75.374103
36.150000	 -75.375401
36.200000	 -75.376702
36.250000	 -75.378006
36.300000	 -75.379311
36.350000	 -75.380619
36.400000	 -75.381929
36.450000	 -75.383242
36.500000	 -75.384556
36.550000	 -75.385874
36.600000	 -75.387193
36.650000	 -75.388514
36.700000	 -75.389838
36.750000	 -75.391164
36.800000	 -75.392492
36.850000	 -75.393822
36.900000	 -75.395155
36.950000	 -75.396490
37.000000	 -75.397827
37.050000	 -75.399166
37.100000	 -75.400507
37.150000	 -75.401850
37.200000	 -75.403195
37.250000	 -75.404543
37.300000	 -75.405892
37.350000	 -75.407244
37.400000	 -75.408598
37.450000	 -75.409954
37.500000	 -75.411311
37.550000	 -75.412671
37.600000	 -75.414033
37.650000	 -75.415397
37.700000	 -75.416763
37.750000	 -75.418131
37.800000	 -75.419501
37.850000	 -75.420873
37.900000	 -75.422246
37.950000	 -75.423622
38.000000	 -75.425000
38.050000	 -75.426379
38.100000	 -75.427761
38.150000	 -75.429144
38.200000	 -75.430530
38.250000	 -75.431917
38.300000	 -75.433306
38.350000	 -75.434697
38.400000	 -75.436090
38.450000	 -75.437484
38.500000	 -75.438881
38.550000	 -75.440279
38.600000	 -75.441679
38.650000	 -75.443081
38.700000	 -75.444485
38.750000	 -75.445890
38.800000	 -75.447298
38.850000	 -75.448707
38.900000	 -75.450117
38.950000	 -75.451530
39.000000	 -75.452944
39.050000	 -75.454360
39.100000	 -75.455777
39.150000	 -75.457197
39.200000	 -75.458618
39.250000	 -75.460040
39.300000	 -75.461465
39.350000	 -75.462891
39.400000	 -75.464318
39.450000	 -75.465748
39.500000	 -75.467179
39.550000	 -75.468611
39.600000	 -75.470045
39.650000	 -75.471481
39.700000	 -75.472918
39.750000	 -75.474357
39.800000	 -75.475798
39.850000	 -75.477240
39.900000	 -75.478683
39.950000	 -75.480128
40.000000	 -75.481575
40.050000	 -75.483023
40.100000	 -75.484472
40.150000	 -75.485923
40.200000	 -75.487376
40.250000	 -75.488830
40.300000	 -75.490286
40.350000	 -75.491743
40.400000	 -75.493201
40.450000	 -75.494661
40.500000	 -75.496122
40.550000	 -75.497585
40.600000	 -75.499049
40.650000	 -75.500515
40.700000	 -75.501981
40.750000	 -75.503450
40.800000	 -75.504919
40.850000	 -75.506390
40.900000	 -75.507863
40.950000	 -75.509336
41.000000	 -75.510811
41.050000	 -75.512288
41.100000	 -75.513766
41.150000	 -75.515244
41.200000	 -75.516725
41.250000	 -75.518206
41.300000	 -75.519689
41.350000	 -75.521173
41.400000	 -75.522659
41.450000	 -75.524145
41.500000	 -75.525633
41.550000	 -75.527122
41.600000	 -75.528612
41.650000	 -75.530104
41.700000	 -75.531597
41.750000	 -75.533090
41.800000	 -75.534585
41.850000	 -75.536082
41.900000	 -75.537579
41.950000	 -75.539078
42.000000	 -75.540577
42.050000	 -75.542078
42.100000	 -75.543580
42.150000	 -75.545083
42.200000	 -75.546588
42.250000	 -75.548093
42.300000	 -75.549599
42.350000	 -75.551107
42.400000	 -75.552615
42.450000	 -75.554125
42.500000	 -75.555636
42.550000	 -75.557147
42.600000	 -75.558660
42.650000	 -75.560174
42.700000	 -75.561689
42.750000	 -75.563205
42.800000	 -75.564721
42.850000	 -75.566239
42.900000	 -75.567758
42.950000	 -75.569278
43.000000	 -75.570799
43.050000	 -75.572320
43.100000	 -75.573843
43.150000	 -75.575367
43.200000	 -75.576891
43.250000	 -75.578417
43.300000	 -75.579943
43.350000	 -75.581470
43.400000	 -75.582999
43.450000	 -75.584528
43.500000	 -75.586058
43.550000	 -75.587589
43.600000	 -75.589120
43.650000	 -75.590653
43.700000	 -75.592186
43.750000	 -75.593721
43.800000	 -75.595256
43.850000	 -75.596792
43.900000	 -75.598328
43.950000	 -75.599866
44.000000	 -75.601404
44.050000	 -75.602943
44.100000	 -75.604483
44.150000	 -75.606024
44.200000	 -75.607566
44.250000	 -75.609108
44.300000	 -75.610651
44.350000	 -75.612195
44.400000	 -75.613739
44.450000	 -75.615284
44.500000	 -75.616830
44.550000	 -75.618377
44.600000	 -75.619924
44.650000	 -75.621472
44.700000	 -75.623021
44.750000	 -75.624570
44.800000	 -75.626120
44.850000	 -75.627671
44.900000	 -75.629222
44.950000	 -75.630774
45.000000	 -75.632327
45.050000	 -75.633880
45.100000	 -75.635434
45.150000	 -75.636988
45.200000	 -75.638543
45.250000	 -75.640099
45.300000	 -75.641655
45.350000	 -75.643212
45.400000	 -75.644770
45.450000	 -75.646328
45.500000	 -75.647886
45.550000	 -75.649445
45.600000	 -75.651005
45.650000	 -75.652565
45.700000	 -75.654126
45.750000	 -75.655687
45.800000	 -75.657249
45.850000	 -75.658811
45.900000	 -75.660374
45.950000	 -75.661937
46.000000	 -75.663501
46.050000	 -75.665065
46.100000	 -75.666629
46.150000	 -75.668194
46.200000	 -75.669760
46.250000	 -75.671326
46.300000	 -75.672892
46.350000	 -75.674459
46.400000	 -75.676026
46.450000	 -75.677594
46.500000	 -75.679162
46.550000	 -75.680731
46.600000	 -75.682299
46.650000	 -75.683869
46.700000	 -75.685438
46.750000	 -75.687008
46.800000	 -75.688579
46.850000	 -75.690149
46.900000	 -75.691720
46.950000	 -75.693292
47.000000	 -75.694863
47.050000	 -75.696435
47.100000	 -75.698008
47.150000	 -75.699580
47.200000	 -75.701153
47.250000	 -75.702726
47.300000	 -75.704300
47.350000	 -75.705874
47.400000	 -75.707448
47.450000	 -75.709022
47.500000	 -75.710597
47.550000	 -75.712172
47.600000	 -75.713747
47.650000	 -75.715322
47.700000	 -75.716897
47.750000	 -75.718473
47.800000	 -75.720049
47.850000	 -75.721625
47.900000	 -75.723202
47.950000	 -75.724778
48.000000	 -75.726355
48.050000	 -75.727932
48.100000	 -75.729509
48.150000	 -75.731087
48.200000	 -75.732664
48.250000	 -75.734242
48.300000	 -75.735819
48.350000	 -75.737397
48.400000	 -75.738975
48.450000	 -75.740553
48.500000	 -75.742131
48.550000	 -75.743710
48.600000	 -75.745288
48.650000	 -75.746867
48.700000	 -75.748445
48.750000	 -75.750024
48.800000	 -75.751603
48.850000	 -75.753182
48.900000	 -75.754761
48.950000	 -75.756339
49.000000	 -75.757918
49.050000	 -75.759497
49.100000	 -75.761076
49.150000	 -75.762656
49.200000	 -75.764235
49.250000	 -75.765814
49.300000	 -75.767393
49.350000	 -75.768972
49.400000	 -75.770551
49.450000	 -75.772130
49.500000	 -75.773709
49.550000	 -75.775288
49.600000	 -75.776867
49.650000	 -75.778445
49.700000	 -75.780024
49.750000	 -75.781603
49.800000	 -75.783182
49.850000	 -75.784760
49.900000	 -75.786339
49.950000	 -75.787917
50.000000	 -75.789495
50.050000	 -75.791073
50.100000	 -75.792651
50.150000	 -75.794229
50.200000	 -75.795807
50.250000	 -75.797384
50.300000	 -75.798962
50.350000	 -75.800539
50.400000	 -75.802116
50.450000	 -75.803693
50.500000	 -75.805270
50.550000	 -75.806846
50.600000	 -75.808423
50.650000	 -75.809999
50.700000	 -75.811575
50.750000	 -75.813150
50.800000	 -75.814726
50.850000	 -75.816301
50.900000	 -75.817876
50.950000	 -75.819450
51.000000	 -75.821025
51.050000	 -75.822599
51.100000	 -75.824173
51.150000	 -75.825747
51.200000	 -75.827320
51.250000	 -75.828893
51.300000	 -75.830466
51.350000	 -75.832038
51.400000	 -75.833610
51.450000	 -75.835182
51.500000	 -75.836753
51.550000	 -75.838324
51.600000	 -75.839895
51.650000	 -75.841465
51.700000	 -75.843035
51.750000	 -75.844605
51.800000	 -75.846174
51.850000	 -75.847743
51.900000	 -75.849311
51.950000	 -75.850879
52.000000	 -75.852446
52.050000	 -75.854014
52.100000	 -75.855580
52.150000	 -75.857147
52.200000	 -75.858712
52.250000	 -75.860278
52.300000	 -75.861843
52.350000	 -75.863407
52.400000	 -75.864971
52.450000	 -75.866535
52.500000	 -75.868097
52.550000	 -75.869660
52.600000	 -75.871222
52.650000	 -75.872784
52.700000	 -75.874344
52.750000	 -75.875905
52.800000	 -75.877465
52.850000	 -75.879024
52.900000	 -75.880583
52.950000	 -75.882141
53.000000	 -75.883699
53.050000	 -75.885256
53.100000	 -75.886813
53.150000	 -75.888369
53.200000	 -75.889925
53.250000	 -75.891480
53.300000	 -75.893034
53.350000	 -75.894588
53.400000	 -75.896141
53.450000	 -75.897693
53.500000	 -75.899245
53.550000	 -75.900797
53.600000	 -75.902347
53.650000	 -75.903897
53.700000	 -75.905447
53.750000	 -75.906995
53.800000	 -75.908544
53.850000	 -75.910091
53.900000	 -75.911638
53.950000	 -75.913184
54.000000	 -75.914729
54.050000	 -75.916274
54.100000	 -75.917818
54.150000	 -75.919362
54.200000	 -75.920904
54.250000	 -75.922446
54.300000	 -75.923988
54.350000	 -75.925528
54.400000	 -75.927068
54.450000	 -75.928607
54.500000	 -75.930145
54.550000	 -75.931683
54.600000	 -75.933220
54.650000	 -75.934756
54.700000	 -75.936292
54.750000	 -75.937826
54.800000	 -75.939360
54.850000	 -75.940893
54.900000	 -75.942425
54.950000	 -75.943957
55.000000	 -75.945488
55.050000	 -75.947018
55.100000	 -75.948547
55.150000	 -75.950075
55.200000	 -75.951603
55.250000	 -75.953130
55.300000	 -75.954656
55.350000	 -75.956181
55.400000	 -75.957705
55.450000	 -75.959228
55.500000	 -75.960751
55.550000	 -75.962273
55.600000	 -75.963794
55.650000	 -75.965314
55.700000	 -75.966833
55.750000	 -75.968351
55.800000	 -75.969869
55.850000	 -75.971386
55.900000	 -75.972901
55.950000	 -75.974416
56.000000	 -75.975930
56.050000	 -75.977443
56.100000	 -75.978955
56.150000	 -75.980467
56.200000	 -75.981977
56.250000	 -75.983487
56.300000	 -75.984995
56.350000	 -75.986503
56.400000	 -75.988009
56.450000	 -75.989515
56.500000	 -75.991020
56.550000	 -75.992524
56.600000	 -75.994027
56.650000	 -75.995529
56.700000	 -75.997030
56.750000	 -75.998530
56.800000	 -76.000029
56.850000	 -76.001527
56.900000	 -76.003024
56.950000	 -76.004520
57.000000	 -76.006016
57.050000	 -76.007510
57.100000	 -76.009003
57.150000	 -76.010495
57.200000	 -76.011986
57.250000	 -76.013477
57.300000	 -76.014966
57.350000	 -76.016454
57.400000	 -76.017941
57.450000	 -76.019427
57.500000	 -76.020913
57.550000	 -76.022397
57.600000	 -76.023880
57.650000	 -76.025362
57.700000	 -76.026843
57.750000	 -76.028323
57.800000	 -76.029802
57.850000	 -76.031279
57.900000	 -76.032756
57.950000	 -76.034232
58.000000	 -76.035706
58.050000	 -76.037180
58.100000	 -76.038653
58.150000	 -76.040124
58.200000	 -76.041594
58.250000	 -76.043064
58.300000	 -76.044532
58.350000	 -76.045999
58.400000	 -76.047465
58.450000	 -76.048930
58.500000	 -76.050393
58.550000	 -76.051856
58.600000	 -76.053317
58.650000	 -76.054778
58.700000	 -76.056237
58.750000	 -76.057695
58.800000	 -76.059152
58.850000	 -76.060608
58.900000	 -76.062063
58.950000	 -76.063516
59.000000	 -76.064969
59.050000	 -76.066420
59.100000	 -76.067870
59.150000	 -76.069319
59.200000	 -76.070767
59.250000	 -76.072214
59.300000	 -76.073659
59.350000	 -76.075103
59.400000	 -76.076547
59.450000	 -76.077989
59.500000	 -76.079429
59.550000	 -76.080869
59.600000	 -76.082307
59.650000	 -76.083745
59.700000	 -76.085181
59.750000	 -76.086615
59.800000	 -76.088049
59.850000	 -76.089481
59.900000	 -76.090913
59.950000	 -76.092343
60.000000	 -76.093771
60.050000	 -76.095199
60.100000	 -76.096625
60.150000	 -76.098050
60.200000	 -76.099474
60.250000	 -76.100897
60.300000	 -76.102318
60.350000	 -76.103738
60.400000	 -76.105157
60.450000	 -76.106575
60.500000	 -76.107991
60.550000	 -76.109406
60.600000	 -76.110820
60.650000	 -76.112233
60.700000	 -76.113644
60.750000	 -76.115054
60.800000	 -76.116463
60.850000	 -76.117871
60.900000	 -76.119277
60.950000	 -76.120682
61.000000	 -76.122086
61.050000	 -76.123488
61.100000	 -76.124889
61.150000	 -76.126289
61.200000	 -76.127688
61.250000	 -76.129085
61.300000	 -76.130481
61.350000	 -76.131876
61.400000	 -76.133269
61.450000	 -76.134661
61.500000	 -76.136052
61.550000	 -76.137441
61.600000	 -76.138829
61.650000	 -76.140216
61.700000	 -76.141602
61.750000	 -76.142986
61.800000	 -76.144369
61.850000	 -76.145750
61.900000	 -76.147130
61.950000	 -76.148509
62.000000	 -76.149886
62.050000	 -76.151263
62.100000	 -76.152637
62.150000	 -76.154011
62.200000	 -76.155383
62.250000	 -76.156754
62.300000	 -76.158123
62.350000	 -76.159491
62.400000	 -76.160858
62.450000	 -76.162223
62.500000	 -76.163587
62.550000	 -76.164949
62.600000	 -76.166310
62.650000	 -76.167670
62.700000	 -76.169028
62.750000	 -76.170386
62.800000	 -76.171741
62.850000	 -76.173095
62.900000	 -76.174448
62.950000	 -76.175800
63.000000	 -76.177150
63.050000	 -76.178498
63.100000	 -76.179846
63.150000	 -76.181192
63.200000	 -76.182536
63.250000	 -76.183879
63.300000	 -76.185221
63.350000	 -76.186561
63.400000	 -76.187900
63.450000	 -76.189237
63.500000	 -76.190573
63.550000	 -76.191908
63.600000	 -76.193241
63.650000	 -76.194572
63.700000	 -76.195903
63.750000	 -76.197232
63.800000	 -76.198559
63.850000	 -76.199885
63.900000	 -76.201210
63.950000	 -76.202533
64.000000	 -76.203854
64.050000	 -76.205174
64.100000	 -76.206493
64.150000	 -76.207811
64.200000	 -76.209126
64.250000	 -76.210441
64.300000	 -76.211754
64.350000	 -76.213065
64.400000	 -76.214375
64.450000	 -76.215684
64.500000	 -76.216991
64.550000	 -76.218297
64.600000	 -76.219601
64.650000	 -76.220904
64.700000	 -76.222205
64.750000	 -76.223504
64.800000	 -76.224803
64.850000	 -76.226100
64.900000	 -76.227395
64.950000	 -76.228689
65.000000	 -76.229981
65.050000	 -76.231272
65.100000	 -76.232561
65.150000	 -76.233849
65.200000	 -76.235136
65.250000	 -76.236420
65.300000	 -76.237704
65.350000	 -76.238986
65.400000	 -76.240266
65.450000	 -76.241545
65.500000	 -76.242822
65.550000	 -76.244098
65.600000	 -76.245373
65.650000	 -76.246645
65.700000	 -76.247917
65.750000	 -76.249187
65.800000	 -76.250455
65.850000	 -76.251722
65.900000	 -76.252987
65.950000	 -76.254251
66.000000	 -76.255513
66.050000	 -76.256773
66.100000	 -76.258033
66.150000	 -76.259290
66.200000	 -76.260546
66.250000	 -76.261801
66.300000	 -76.263054
66.350000	 -76.264305
66.400000	 -76.265555
66.450000	 -76.266804
66.500000	 -76.268051
66.550000	 -76.269296
66.600000	 -76.270540
66.650000	 -76.271782
66.700000	 -76.273023
66.750000	 -76.274262
66.800000	 -76.275499
66.850000	 -76.276735
66.900000	 -76.277970
66.950000	 -76.279203
67.000000	 -76.280434
67.050000	 -76.281664
67.100000	 -76.282892
67.150000	 -76.284119
67.200000	 -76.285344
67.250000	 -76.286567
67.300000	 -76.287789
67.350000	 -76.289010
67.400000	 -76.290229
67.450000	 -76.291446
67.500000	 -76.292662
67.550000	 -76.293876
67.600000	 -76.295088
67.650000	 -76.296299
67.700000	 -76.297508
67.750000	 -76.298716
67.800000	 -76.299922
67.850000	 -76.301127
67.900000	 -76.302330
67.950000	 -76.303532
68.000000	 -76.304731
68.050000	 -76.305930
68.100000	 -76.307126
68.150000	 -76.308321
68.200000	 -76.309515
68.250000	 -76.310707
68.300000	 -76.311897
68.350000	 -76.313086
68.400000	 -76.314273
68.450000	 -76.315458
68.500000	 -76.316642
68.550000	 -76.317825
68.600000	 -76.319005
68.650000	 -76.320184
68.700000	 -76.321362
68.750000	 -76.322538
68.800000	 -76.323712
68.850000	 -76.324885
68.900000	 -76.326056
68.950000	 -76.327225
69.000000	 -76.328393
69.050000	 -76.329559
69.100000	 -76.330724
69.150000	 -76.331887
69.200000	 -76.333048
69.250000	 -76.334208
69.300000	 -76.335366
69.350000	 -76.336522
69.400000	 -76.337677
69.450000	 -76.338830
69.500000	 -76.339982
69.550000	 -76.341132
69.600000	 -76.342280
69.650000	 -76.343427
69.700000	 -76.344572
69.750000	 -76.345716
69.800000	 -76.346858
69.850000	 -76.347998
69.900000	 -76.349136
69.950000	 -76.350273
70.000000	 -76.351409
70.050000	 -76.352542
70.100000	 -76.353674
70.150000	 -76.354805
70.200000	 -76.355933
70.250000	 -76.357060
70.300000	 -76.358186
70.350000	 -76.359310
70.400000	 -76.360432
70.450000	 -76.361552
70.500000	 -76.362671
70.550000	 -76.363789
70.600000	 -76.364904
70.650000	 -76.366018
70.700000	 -76.367130
70.750000	 -76.368241
70.800000	 -76.369350
70.850000	 -76.370457
70.900000	 -76.371563
70.950000	 -76.372667
71.000000	 -76.373770
71.050000	 -76.374870
71.100000	 -76.375969
71.150000	 -76.377067
71.200000	 -76.378163
71.250000	 -76.379257
71.300000	 -76.380349
71.350000	 -76.381440
71.400000	 -76.382529
71.450000	 -76.383616
71.500000	 -76.384702
71.550000	 -76.385786
71.600000	 -76.386869
71.650000	 -76.387950
71.700000	 -76.389029
71.750000	 -76.390106
71.800000	 -76.391182
71.850000	 -76.392256
71.900000	 -76.393329
71.950000	 -76.394400
72.000000	 -76.395469
72.050000	 -76.396536
72.100000	 -76.397602
72.150000	 -76.398666
72.200000	 -76.399729
72.250000	 -76.400790
72.300000	 -76.401849
72.350000	 -76.402906
72.400000	 -76.403962
72.450000	 -76.405016
72.500000	 -76.406068
72.550000	 -76.407119
72.600000	 -76.408168
72.650000	 -76.409216
72.700000	 -76.410261
72.750000	 -76.411306
72.800000	 -76.412348
72.850000	 -76.413389
72.900000	 -76.414428
72.950000	 -76.415465
73.000000	 -76.416501
73.050000	 -76.417535
73.100000	 -76.418567
73.150000	 -76.419598
73.200000	 -76.420626
73.250000	 -76.421654
73.300000	 -76.422679
73.350000	 -76.423703
73.400000	 -76.424725
73.450000	 -76.425746
73.500000	 -76.426765
73.550000	 -76.427782
73.600000	 -76.428798
73.650000	 -76.429811
73.700000	 -76.430823
73.750000	 -76.431834
73.800000	 -76.432843
73.850000	 -76.433850
73.900000	 -76.434855
73.950000	 -76.435859
74.000000	 -76.436861
74.050000	 -76.437861
74.100000	 -76.438860
74.150000	 -76.439857
74.200000	 -76.440852
74.250000	 -76.441845
74.300000	 -76.442837
74.350000	 -76.443827
74.400000	 -76.444816
74.450000	 -76.445803
74.500000	 -76.446788
74.550000	 -76.447771
74.600000	 -76.448753
74.650000	 -76.449733
74.700000	 -76.450712
74.750000	 -76.451688
74.800000	 -76.452663
74.850000	 -76.453636
74.900000	 -76.454608
74.950000	 -76.455578
75.000000	 -76.456546
75.050000	 -76.457513
75.100000	 -76.458478
75.150000	 -76.459441
75.200000	 -76.460402
75.250000	 -76.461362
75.300000	 -76.462320
75.350000	 -76.463276
75.400000	 -76.464231
75.450000	 -76.465184
75.500000	 -76.466135
75.550000	 -76.467085
75.600000	 -76.468033
75.650000	 -76.468979
75.700000	 -76.469924
75.750000	 -76.470867
75.800000	 -76.471808
75.850000	 -76.472747
75.900000	 -76.473685
75.950000	 -76.474621
76.000000	 -76.475555
76.050000	 -76.476488
76.100000	 -76.477419
76.150000	 -76.478348
76.200000	 -76.479276
76.250000	 -76.480202
76.300000	 -76.481126
76.350000	 -76.482049
76.400000	 -76.482970
76.450000	 -76.483889
76.500000	 -76.484806
76.550000	 -76.485722
76.600000	 -76.486636
76.650000	 -76.487548
76.700000	 -76.488459
76.750000	 -76.489368
76.800000	 -76.490276
76.850000	 -76.491181
76.900000	 -76.492085
76.950000	 -76.492987
77.000000	 -76.493888
77.050000	 -76.494787
77.100000	 -76.495684
77.150000	 -76.496579
77.200000	 -76.497473
77.250000	 -76.498365
77.300000	 -76.499256
77.350000	 -76.500145
77.400000	 -76.501032
77.450000	 -76.501917
77.500000	 -76.502801
77.550000	 -76.503683
77.600000	 -76.504563
77.650000	 -76.505442
77.700000	 -76.506318
77.750000	 -76.507194
77.800000	 -76.508067
77.850000	 -76.508939
77.900000	 -76.509809
77.950000	 -76.510678
78.000000	 -76.511545
78.050000	 -76.512410
78.100000	 -76.513273
78.150000	 -76.514135
78.200000	 -76.514995
78.250000	 -76.515853
78.300000	 -76.516710
78.350000	 -76.517565
78.400000	 -76.518418
78.450000	 -76.519270
78.500000	 -76.520120
78.550000	 -76.520968
78.600000	 -76.521815
78.650000	 -76.522660
78.700000	 -76.523503
78.750000	 -76.524345
78.800000	 -76.525184
78.850000	 -76.526023
78.900000	 -76.526859
78.950000	 -76.527694
79.000000	 -76.528527
79.050000	 -76.529359
79.100000	 -76.530188
79.150000	 -76.531017
79.200000	 -76.531843
79.250000	 -76.532668
79.300000	 -76.533491
79.350000	 -76.534312
79.400000	 -76.535132
79.450000	 -76.535950
79.500000	 -76.536767
79.550000	 -76.537581
79.600000	 -76.538394
79.650000	 -76.539206
79.700000	 -76.540015
79.750000	 -76.540824
79.800000	 -76.541630
79.850000	 -76.542435
79.900000	 -76.543238
79.950000	 -76.544039
80.000000	 -76.544839
80.050000	 -76.545637
80.100000	 -76.546433
80.150000	 -76.547228
80.200000	 -76.548021
80.250000	 -76.548812
80.300000	 -76.549602
80.350000	 -76.550390
80.400000	 -76.551176
80.450000	 -76.551961
80.500000	 -76.552744
80.550000	 -76.553525
80.600000	 -76.554305
80.650000	 -76.555083
80.700000	 -76.555859
80.750000	 -76.556634
80.800000	 -76.557407
80.850000	 -76.558179
80.900000	 -76.558948
80.950000	 -76.559716
81.000000	 -76.560483
81.050000	 -76.561248
81.100000	 -76.562011
81.150000	 -76.562772
81.200000	 -76.563532
81.250000	 -76.564290
81.300000	 -76.565047
81.350000	 -76.565802
81.400000	 -76.566555
81.450000	 -76.567306
81.500000	 -76.568056
81.550000	 -76.568804
81.600000	 -76.569551
81.650000	 -76.570296
81.700000	 -76.571039
81.750000	 -76.571781
81.800000	 -76.572521
81.850000	 -76.573259
81.900000	 -76.573996
81.950000	 -76.574731
82.000000	 -76.575464
82.050000	 -76.576196
82.100000	 -76.576926
82.150000	 -76.577655
82.200000	 -76.578382
82.250000	 -76.579107
82.300000	 -76.579831
82.350000	 -76.580553
82.400000	 -76.581273
82.450000	 -76.581992
82.500000	 -76.582709
82.550000	 -76.583424
82.600000	 -76.584138
82.650000	 -76.584850
82.700000	 -76.585560
82.750000	 -76.586269
82.800000	 -76.586976
82.850000	 -76.587682
82.900000	 -76.588386
82.950000	 -76.589088
83.000000	 -76.589789
83.050000	 -76.590488
83.100000	 -76.591186
83.150000	 -76.591882
83.200000	 -76.592576
83.250000	 -76.593268
83.300000	 -76.593959
83.350000	 -76.594649
83.400000	 -76.595336
83.450000	 -76.596023
83.500000	 -76.596707
83.550000	 -76.597390
83.600000	 -76.598071
83.650000	 -76.598751
83.700000	 -76.599429
83.750000	 -76.600105
83.800000	 -76.600780
83.850000	 -76.601453
83.900000	 -76.602125
83.950000	 -76.602795
84.000000	 -76.603463
84.050000	 -76.604130
84.100000	 -76.604795
84.150000	 -76.605459
84.200000	 -76.606121
84.250000	 -76.606781
84.300000	 -76.607440
84.350000	 -76.608097
84.400000	 -76.608752
84.450000	 -76.609406
84.500000	 -76.610058
84.550000	 -76.610709
84.600000	 -76.611358
84.650000	 -76.612006
84.700000	 -76.612652
84.750000	 -76.613296
84.800000	 -76.613939
84.850000	 -76.614580
84.900000	 -76.615219
84.950000	 -76.615857
85.000000	 -76.616494
85.050000	 -76.617129
85.100000	 -76.617762
85.150000	 -76.618393
85.200000	 -76.619023
85.250000	 -76.619652
85.300000	 -76.620279
85.350000	 -76.620904
85.400000	 -76.621528
85.450000	 -76.622150
85.500000	 -76.622770
85.550000	 -76.623389
85.600000	 -76.624006
85.650000	 -76.624622
85.700000	 -76.625236
85.750000	 -76.625849
85.800000	 -76.626460
85.850000	 -76.627070
85.900000	 -76.627678
85.950000	 -76.628284
86.000000	 -76.628889
86.050000	 -76.629492
86.100000	 -76.630094
86.150000	 -76.630694
86.200000	 -76.631292
86.250000	 -76.631889
86.300000	 -76.632485
86.350000	 -76.633078
86.400000	 -76.633671
86.450000	 -76.634261
86.500000	 -76.634850
86.550000	 -76.635438
86.600000	 -76.636024
86.650000	 -76.636609
86.700000	 -76.637192
86.750000	 -76.637773
86.800000	 -76.638353
86.850000	 -76.638931
86.900000	 -76.639508
86.950000	 -76.640083
87.000000	 -76.640657
87.050000	 -76.641229
87.100000	 -76.641799
87.150000	 -76.642368
87.200000	 -76.642936
87.250000	 -76.643502
87.300000	 -76.644066
87.350000	 -76.644629
87.400000	 -76.645190
87.450000	 -76.645750
87.500000	 -76.646308
87.550000	 -76.646865
87.600000	 -76.647420
87.650000	 -76.647974
87.700000	 -76.648526
87.750000	 -76.649076
87.800000	 -76.649625
87.850000	 -76.650173
87.900000	 -76.650719
87.950000	 -76.651263
88.000000	 -76.651806
88.050000	 -76.652348
88.100000	 -76.652888
88.150000	 -76.653426
88.200000	 -76.653963
88.250000	 -76.654498
88.300000	 -76.655032
88.350000	 -76.655564
88.400000	 -76.656095
88.450000	 -76.656624
88.500000	 -76.657152
88.550000	 -76.657678
88.600000	 -76.658203
88.650000	 -76.658727
88.700000	 -76.659248
88.750000	 -76.659769
88.800000	 -76.660287
88.850000	 -76.660805
88.900000	 -76.661320
88.950000	 -76.661835
89.000000	 -76.662347
89.050000	 -76.662859
89.100000	 -76.663368
89.150000	 -76.663877
89.200000	 -76.664383
89.250000	 -76.664889
89.300000	 -76.665393
89.350000	 -76.665895
89.400000	 -76.666396
89.450000	 -76.666895
89.500000	 -76.667393
89.550000	 -76.667889
89.600000	 -76.668384
89.650000	 -76.668878
89.700000	 -76.669369
89.750000	 -76.669860
89.800000	 -76.670349
89.850000	 -76.670836
89.900000	 -76.671322
89.950000	 -76.671807
90.000000	 -76.672290
90.050000	 -76.672772
90.100000	 -76.673252
90.150000	 -76.673731
90.200000	 -76.674208
90.250000	 -76.674683
90.300000	 -76.675158
90.350000	 -76.675631
90.400000	 -76.676102
90.450000	 -76.676572
90.500000	 -76.677040
90.550000	 -76.677507
90.600000	 -76.677973
90.650000	 -76.678437
90.700000	 -76.678900
90.750000	 -76.679361
90.800000	 -76.679821
90.850000	 -76.680279
90.900000	 -76.680736
90.950000	 -76.681191
91.000000	 -76.681645
91.050000	 -76.682098
91.100000	 -76.682549
91.150000	 -76.682998
91.200000	 -76.683446
91.250000	 -76.683893
91.300000	 -76.684339
91.350000	 -76.684782
91.400000	 -76.685225
91.450000	 -76.685666
91.500000	 -76.686105
91.550000	 -76.686544
91.600000	 -76.686980
91.650000	 -76.687416
91.700000	 -76.687850
91.750000	 -76.688282
91.800000	 -76.688713
91.850000	 -76.689143
91.900000	 -76.689571
91.950000	 -76.689998
92.000000	 -76.690423
92.050000	 -76.690847
92.100000	 -76.691270
92.150000	 -76.691691
92.200000	 -76.692111
92.250000	 -76.692529
92.300000	 -76.692946
92.350000	 -76.693361
92.400000	 -76.693775
92.450000	 -76.694188
92.500000	 -76.694600
92.550000	 -76.695009
92.600000	 -76.695418
92.650000	 -76.695825
92.700000	 -76.696231
92.750000	 -76.696635
92.800000	 -76.697038
92.850000	 -76.697440
92.900000	 -76.697840
92.950000	 -76.698239
93.000000	 -76.698636
93.050000	 -76.699032
93.100000	 -76.699427
93.150000	 -76.699820
93.200000	 -76.700212
93.250000	 -76.700602
93.300000	 -76.700991
93.350000	 -76.701379
93.400000	 -76.701765
93.450000	 -76.702150
93.500000	 -76.702534
93.550000	 -76.702916
93.600000	 -76.703297
93.650000	 -76.703677
93.700000	 -76.704055
93.750000	 -76.704432
93.800000	 -76.704807
93.850000	 -76.705181
93.900000	 -76.705554
93.950000	 -76.705925
94.000000	 -76.706295
94.050000	 -76.706664
94.100000	 -76.707031
94.150000	 -76.707397
94.200000	 -76.707762
94.250000	 -76.708125
94.300000	 -76.708487
94.350000	 -76.708847
94.400000	 -76.709207
94.450000	 -76.709564
94.500000	 -76.709921
94.550000	 -76.710276
94.600000	 -76.710630
94.650000	 -76.710982
94.700000	 -76.711334
94.750000	 -76.711684
94.800000	 -76.712032
94.850000	 -76.712379
94.900000	 -76.712725
94.950000	 -76.713070
95.000000	 -76.713413
95.050000	 -76.713755
95.100000	 -76.714095
95.150000	 -76.714435
95.200000	 -76.714772
95.250000	 -76.715109
95.300000	 -76.715444
95.350000	 -76.715778
95.400000	 -76.716111
95.450000	 -76.716442
95.500000	 -76.716772
95.550000	 -76.717101
95.600000	 -76.717429
95.650000	 -76.717755
95.700000	 -76.718080
95.750000	 -76.718403
95.800000	 -76.718725
95.850000	 -76.719046
95.900000	 -76.719366
95.950000	 -76.719684
96.000000	 -76.720001
96.050000	 -76.720317
96.100000	 -76.720632
96.150000	 -76.720945
96.200000	 -76.721257
96.250000	 -76.721567
96.300000	 -76.721877
96.350000	 -76.722185
96.400000	 -76.722491
96.450000	 -76.722797
96.500000	 -76.723101
96.550000	 -76.723404
96.600000	 -76.723706
96.650000	 -76.724006
96.700000	 -76.724305
96.750000	 -76.724603
96.800000	 -76.724900
96.850000	 -76.725195
96.900000	 -76.725489
96.950000	 -76.725782
97.000000	 -76.726073
97.050000	 -76.726364
97.100000	 -76.726653
97.150000	 -76.726940
97.200000	 -76.727227
97.250000	 -76.727512
97.300000	 -76.727796
97.350000	 -76.728079
97.400000	 -76.728360
97.450000	 -76.728641
97.500000	 -76.728920
97.550000	 -76.729197
97.600000	 -76.729474
97.650000	 -76.729749
97.700000	 -76.730023
97.750000	 -76.730296
97.800000	 -76.730568
97.850000	 -76.730838
97.900000	 -76.731107
97.950000	 -76.731375
98.000000	 -76.731642
98.050000	 -76.731907
98.100000	 -76.732171
98.150000	 -76.732434
98.200000	 -76.732696
98.250000	 -76.732956
98.300000	 -76.733216
98.350000	 -76.733474
98.400000	 -76.733731
98.450000	 -76.733986
98.500000	 -76.734241
98.550000	 -76.734494
98.600000	 -76.734746
98.650000	 -76.734997
98.700000	 -76.735247
98.750000	 -76.735495
98.800000	 -76.735742
98.850000	 -76.735988
98.900000	 -76.736233
98.950000	 -76.736477
99.000000	 -76.736719
99.050000	 -76.736960
99.100000	 -76.737200
99.150000	 -76.737439
99.200000	 -76.737677
99.250000	 -76.737913
99.300000	 -76.738149
99.350000	 -76.738383
99.400000	 -76.738616
99.450000	 -76.738847
99.500000	 -76.739078
99.550000	 -76.739307
99.600000	 -76.739536
99.650000	 -76.739763
99.700000	 -76.739988
99.750000	 -76.740213
99.800000	 -76.740437
99.850000	 -76.740659
99.900000	 -76.740880
99.950000	 -76.741100
100.000000	 -76.741319
