0.000000	 -76.550956
0.050000	 -76.550956
0.100000	 -76.550956
0.150000	 -76.550956
0.200000	 -76.550956
0.250000	 -76.550956
0.300000	 -76.550956
0.350000	 -76.550956
0.400000	 -76.550956
0.450000	 -76.550956
0.500000	 -76.550955
0.550000	 -76.550955
0.600000	 -76.550955
0.650000	 -76.550955
0.700000	 -76.550955
0.750000	 -76.550955
0.800000	 -76.550955
0.850000	 -76.550955
0.900000	 -76.550955
0.950000	 -76.550955
1.000000	 -76.550955
1.050000	 -76.550955
1.100000	 -76.550955
1.150000	 -76.550955
1.200000	 -76.550955
1.250000	 -76.550955
1.300000	 -76.550955
1.350000	 -76.550955
1.400000	 -76.550955
1.450000	 -76.550955
1.500000	 -76.550955
1.550000	 -76.550955
1.600000	 -76.550955
1.650000	 -76.550955
1.700000	 -76.550955
1.750000	 -76.550954
1.800000	 -76.550954
1.850000	 -76.550954
1.900000	 -76.550954
1.950000	 -76.550954
2.000000	 -76.550954
2.050000	 -76.550954
2.100000	 -76.550954
2.150000	 -76.550954
2.200000	 -76.550954
2.250000	 -76.550954
2.300000	 -76.550954
2.350000	 -76.550954
2.400000	 -76.550954
2.450000	 -76.550954
2.500000	 -76.550954
2.550000	 -76.550954
2.600000	 -76.550954
2.650000	 -76.550954
2.700000	 -76.550954
2.750000	 -76.550954
2.800000	 -76.550954
2.850000	 -76.550954
2.900000	 -76.550954
2.950000	 -76.550954
3.000000	 -76.550953
3.050000	 -76.550953
3.100000	 -76.550953
3.150000	 -76.550953
3.200000	 -76.550953
3.250000	 -76.550953
3.300000	 -76.550953
3.350000	 -76.550953
3.400000	 -76.550953
3.450000	 -76.550953
3.500000	 -76.550953
3.550000	 -76.550953
3.600000	 -76.550953
3.650000	 -76.550953
3.700000	 -76.550953
3.750000	 -76.550953
3.800000	 -76.550953
3.850000	 -76.550953
3.900000	 -76.550953
3.950000	 -76.550953
4.000000	 -76.550953
4.050000	 -76.550953
4.100000	 -76.550953
4.150000	 -76.550953
4.200000	 -76.550952
4.250000	 -76.550952
4.300000	 -76.550952
4.350000	 -76.550952
4.400000	 -76.550952
4.450000	 -76.550952
4.500000	 -76.550952
4.550000	 -76.550952
4.600000	 -76.550952
4.650000	 -76.550952
4.700000	 -76.550952
4.750000	 -76.550952
4.800000	 -76.550952
4.850000	 -76.550952
4.900000	 -76.550952
4.950000	 -76.550952
5.000000	 -76.550952
5.050000	 -76.550951
5.100000	 -76.550946
5.150000	 -76.550926
5.200000	 -76.550873
5.250000	 -76.550761
5.300000	 -76.550556
5.350000	 -76.550219
5.400000	 -76.549707
5.450000	 -76.548978
5.500000	 -76.547992
5.550000	 -76.546711
5.600000	 -76.545100
5.650000	 -76.543130
5.700000	 -76.540777
5.750000	 -76.538020
5.800000	 -76.534843
5.850000	 -76.531237
5.900000	 -76.527194
5.950000	 -76.522711
6.000000	 -76.517787
6.050000	 -76.512426
6.100000	 -76.506633
6.150000	 -76.500415
6.200000	 -76.493781
6.250000	 -76.486742
6.300000	 -76.479309
6.350000	 -76.471495
6.400000	 -76.463313
6.450000	 -76.454776
6.500000	 -76.445897
6.550000	 -76.436691
6.600000	 -76.427171
6.650000	 -76.417350
6.700000	 -76.407241
6.750000	 -76.396857
6.800000	 -76.386210
6.850000	 -76.375312
6.900000	 -76.364175
6.950000	 -76.352808
7.000000	 -76.341222
7.050000	 -76.329427
7.100000	 -76.317432
7.150000	 -76.305245
7.200000	 -76.292874
7.250000	 -76.280328
7.300000	 -76.267612
7.350000	 -76.254734
7.400000	 -76.241701
7.450000	 -76.228516
7.500000	 -76.215188
7.550000	 -76.201719
7.600000	 -76.188116
7.650000	 -76.174383
7.700000	 -76.160524
7.750000	 -76.146543
7.800000	 -76.132445
7.850000	 -76.118233
7.900000	 -76.103912
7.950000	 -76.089484
8.000000	 -76.074955
8.050000	 -76.060327
8.100000	 -76.045604
8.150000	 -76.030790
8.200000	 -76.015889
8.250000	 -76.000905
8.300000	 -75.985842
8.350000	 -75.970704
8.400000	 -75.955495
8.450000	 -75.940219
8.500000	 -75.924882
8.550000	 -75.909488
8.600000	 -75.894041
8.650000	 -75.878546
8.700000	 -75.863009
8.750000	 -75.847435
8.800000	 -75.831829
8.850000	 -75.816196
8.900000	 -75.800542
8.950000	 -75.784873
9.000000	 -75.769194
9.050000	 -75.753510
9.100000	 -75.737829
9.150000	 -75.722154
9.200000	 -75.706493
9.250000	 -75.690850
9.300000	 -75.675231
9.350000	 -75.659642
9.400000	 -75.644088
9.450000	 -75.628574
9.500000	 -75.613106
9.550000	 -75.597687
9.600000	 -75.582323
9.650000	 -75.567017
9.700000	 -75.551775
9.750000	 -75.536600
9.800000	 -75.521494
9.850000	 -75.506463
9.900000	 -75.491508
9.950000	 -75.476631
10.000000	 -75.461836
10.050000	 -75.447125
10.100000	 -75.432498
10.150000	 -75.417957
10.200000	 -75.403502
10.250000	 -75.389136
10.300000	 -75.374857
10.350000	 -75.360667
10.400000	 -75.346564
10.450000	 -75.332548
10.500000	 -75.318619
10.550000	 -75.304775
10.600000	 -75.291015
10.650000	 -75.277338
10.700000	 -75.263742
10.750000	 -75.250225
10.800000	 -75.236786
10.850000	 -75.223422
10.900000	 -75.210131
10.950000	 -75.196912
11.000000	 -75.183760
11.050000	 -75.170675
11.100000	 -75.157654
11.150000	 -75.144693
11.200000	 -75.131792
11.250000	 -75.118946
11.300000	 -75.106154
11.350000	 -75.093413
11.400000	 -75.080721
11.450000	 -75.068075
11.500000	 -75.055473
11.550000	 -75.042912
11.600000	 -75.030390
11.650000	 -75.017904
11.700000	 -75.005454
11.750000	 -74.993036
11.800000	 -74.980648
11.850000	 -74.968289
11.900000	 -74.955956
11.950000	 -74.943649
12.000000	 -74.931364
12.050000	 -74.919101
12.100000	 -74.906858
12.150000	 -74.894633
12.200000	 -74.882425
12.250000	 -74.870234
12.300000	 -74.858056
12.350000	 -74.845893
12.400000	 -74.833742
12.450000	 -74.821602
12.500000	 -74.809473
12.550000	 -74.797354
12.600000	 -74.785244
12.650000	 -74.773142
12.700000	 -74.761048
12.750000	 -74.748962
12.800000	 -74.736883
12.850000	 -74.724810
12.900000	 -74.712743
12.950000	 -74.700682
13.000000	 -74.688627
13.050000	 -74.676577
13.100000	 -74.664533
13.150000	 -74.652494
13.200000	 -74.640461
13.250000	 -74.628432
13.300000	 -74.616409
13.350000	 -74.604392
13.400000	 -74.592380
13.450000	 -74.580374
13.500000	 -74.568374
13.550000	 -74.556380
13.600000	 -74.544393
13.650000	 -74.532412
13.700000	 -74.520438
13.750000	 -74.508471
13.800000	 -74.496513
13.850000	 -74.484562
13.900000	 -74.472619
13.950000	 -74.460685
14.000000	 -74.448761
14.050000	 -74.436845
14.100000	 -74.424940
14.150000	 -74.413044
14.200000	 -74.401160
14.250000	 -74.389286
14.300000	 -74.377424
14.350000	 -74.365574
14.400000	 -74.353736
14.450000	 -74.341911
14.500000	 -74.330098
14.550000	 -74.318300
14.600000	 -74.306515
14.650000	 -74.294744
14.700000	 -74.282988
14.750000	 -74.271247
14.800000	 -74.259521
14.850000	 -74.247811
14.900000	 -74.236117
14.950000	 -74.224439
15.000000	 -74.212778
15.050000	 -74.201134
15.100000	 -74.189507
15.150000	 -74.177898
15.200000	 -74.166307
15.250000	 -74.154735
15.300000	 -74.143180
15.350000	 -74.131645
15.400000	 -74.120129
15.450000	 -74.108631
15.500000	 -74.097154
15.550000	 -74.085696
15.600000	 -74.074258
15.650000	 -74.062841
15.700000	 -74.051444
15.750000	 -74.040067
15.800000	 -74.028711
15.850000	 -74.017377
15.900000	 -74.006063
15.950000	 -73.994771
16.000000	 -73.983500
16.050000	 -73.972251
16.100000	 -73.961024
16.150000	 -73.949819
16.200000	 -73.938636
16.250000	 -73.927475
16.300000	 -73.916336
16.350000	 -73.905220
16.400000	 -73.894127
16.450000	 -73.883056
16.500000	 -73.872008
16.550000	 -73.860983
16.600000	 -73.849981
16.650000	 -73.839003
16.700000	 -73.828047
16.750000	 -73.817115
16.800000	 -73.806206
16.850000	 -73.795321
16.900000	 -73.784459
16.950000	 -73.773622
17.000000	 -73.762807
17.050000	 -73.752017
17.100000	 -73.741251
17.150000	 -73.730508
17.200000	 -73.719790
17.250000	 -73.709096
17.300000	 -73.698426
17.350000	 -73.687780
17.400000	 -73.677158
17.450000	 -73.666561
17.500000	 -73.655989
17.550000	 -73.645441
17.600000	 -73.634918
17.650000	 -73.624419
17.700000	 -73.613945
17.750000	 -73.603496
17.800000	 -73.593072
17.850000	 -73.582672
17.900000	 -73.572298
17.950000	 -73.561949
18.000000	 -73.551625
18.050000	 -73.541325
18.100000	 -73.531052
18.150000	 -73.520803
18.200000	 -73.510580
18.250000	 -73.500382
18.300000	 -73.490209
18.350000	 -73.480062
18.400000	 -73.469941
18.450000	 -73.459845
18.500000	 -73.449775
18.550000	 -73.439731
18.600000	 -73.429712
18.650000	 -73.419720
18.700000	 -73.409753
18.750000	 -73.399812
18.800000	 -73.389898
18.850000	 -73.380009
18.900000	 -73.370147
18.950000	 -73.360311
19.000000	 -73.350501
19.050000	 -73.340717
19.100000	 -73.330961
19.150000	 -73.321230
19.200000	 -73.311526
19.250000	 -73.301849
19.300000	 -73.292198
19.350000	 -73.282575
19.400000	 -73.272978
19.450000	 -73.263408
19.500000	 -73.253865
19.550000	 -73.244349
19.600000	 -73.234860
19.650000	 -73.225398
19.700000	 -73.215964
19.750000	 -73.206557
19.800000	 -73.197177
19.850000	 -73.187825
19.900000	 -73.178501
19.950000	 -73.169204
20.000000	 -73.159934
20.050000	 -73.150693
20.100000	 -73.141479
20.150000	 -73.132293
20.200000	 -73.123135
20.250000	 -73.114006
20.300000	 -73.104904
20.350000	 -73.095830
20.400000	 -73.086785
20.450000	 -73.077768
20.500000	 -73.068780
20.550000	 -73.059820
20.600000	 -73.050888
20.650000	 -73.041986
20.700000	 -73.033111
20.750000	 -73.024266
20.800000	 -73.015449
20.850000	 -73.006662
20.900000	 -72.997903
20.950000	 -72.989174
21.000000	 -72.980473
21.050000	 -72.971802
21.100000	 -72.963160
21.150000	 -72.954548
21.200000	 -72.945965
21.250000	 -72.937411
21.300000	 -72.928887
21.350000	 -72.920393
21.400000	 -72.911928
21.450000	 -72.903494
21.500000	 -72.895089
21.550000	 -72.886715
21.600000	 -72.878370
21.650000	 -72.870056
21.700000	 -72.861771
21.750000	 -72.853518
21.800000	 -72.845294
21.850000	 -72.837101
21.900000	 -72.828939
21.950000	 -72.820807
22.000000	 -72.812706
22.050000	 -72.804636
22.100000	 -72.796597
22.150000	 -72.788589
22.200000	 -72.780612
22.250000	 -72.772666
22.300000	 -72.764751
22.350000	 -72.756867
22.400000	 -72.749016
22.450000	 -72.741195
22.500000	 -72.733406
22.550000	 -72.725649
22.600000	 -72.717924
22.650000	 -72.710231
22.700000	 -72.702569
22.750000	 -72.694940
22.800000	 -72.687343
22.850000	 -72.679778
22.900000	 -72.672245
22.950000	 -72.664745
23.000000	 -72.657277
23.050000	 -72.649842
23.100000	 -72.642440
23.150000	 -72.635070
23.200000	 -72.627734
23.250000	 -72.620430
23.300000	 -72.613160
23.350000	 -72.605922
23.400000	 -72.598718
23.450000	 -72.591548
23.500000	 -72.584411
23.550000	 -72.577308
23.600000	 -72.570238
23.650000	 -72.563202
23.700000	 -72.556200
23.750000	 -72.549232
23.800000	 -72.542298
23.850000	 -72.535399
23.900000	 -72.528534
23.950000	 -72.521703
24.000000	 -72.514907
24.050000	 -72.508145
24.100000	 -72.501418
24.150000	 -72.494726
24.200000	 -72.488069
24.250000	 -72.481447
24.300000	 -72.474861
24.350000	 -72.468309
24.400000	 -72.461793
24.450000	 -72.455313
24.500000	 -72.448868
24.550000	 -72.442459
24.600000	 -72.436085
24.650000	 -72.429748
24.700000	 -72.423447
24.750000	 -72.417181
24.800000	 -72.410953
24.850000	 -72.404760
24.900000	 -72.398604
24.950000	 -72.392485
25.000000	 -72.386403
25.050000	 -72.380357
25.100000	 -72.374349
25.150000	 -72.368377
25.200000	 -72.362444
25.250000	 -72.356547
25.300000	 -72.350689
25.350000	 -72.344869
25.400000	 -72.339086
25.450000	 -72.333342
25.500000	 -72.327637
25.550000	 -72.321970
25.600000	 -72.316341
25.650000	 -72.310752
25.700000	 -72.305201
25.750000	 -72.299689
25.800000	 -72.294216
25.850000	 -72.288783
25.900000	 -72.283388
25.950000	 -72.278033
26.000000	 -72.272718
26.050000	 -72.267442
26.100000	 -72.262205
26.150000	 -72.257009
26.200000	 -72.251852
26.250000	 -72.246736
26.300000	 -72.241660
26.350000	 -72.236624
26.400000	 -72.231628
26.450000	 -72.226673
26.500000	 -72.221759
26.550000	 -72.216885
26.600000	 -72.212053
26.650000	 -72.207261
26.700000	 -72.202511
26.750000	 -72.197801
26.800000	 -72.193134
26.850000	 -72.188508
26.900000	 -72.183923
26.950000	 -72.179381
27.000000	 -72.174880
27.050000	 -72.170421
27.100000	 -72.166005
27.150000	 -72.161631
27.200000	 -72.157300
27.250000	 -72.153011
27.300000	 -72.148765
27.350000	 -72.144562
27.400000	 -72.140401
27.450000	 -72.136284
27.500000	 -72.132211
27.550000	 -72.128180
27.600000	 -72.124193
27.650000	 -72.120250
27.700000	 -72.116351
27.750000	 -72.112496
27.800000	 -72.108684
27.850000	 -72.104917
27.900000	 -72.101194
27.950000	 -72.097516
28.000000	 -72.093882
28.050000	 -72.090293
28.100000	 -72.086748
28.150000	 -72.083249
28.200000	 -72.079794
28.250000	 -72.076385
28.300000	 -72.073021
28.350000	 -72.069702
28.400000	 -72.066429
28.450000	 -72.063201
28.500000	 -72.060019
28.550000	 -72.056882
28.600000	 -72.053792
28.650000	 -72.050748
28.700000	 -72.047749
28.750000	 -72.044797
28.800000	 -72.041891
28.850000	 -72.039031
28.900000	 -72.036218
28.950000	 -72.033451
29.000000	 -72.030731
29.050000	 -72.028057
29.100000	 -72.025430
29.150000	 -72.022850
29.200000	 -72.020317
29.250000	 -72.017830
29.300000	 -72.015391
29.350000	 -72.012998
29.400000	 -72.010653
29.450000	 -72.008354
29.500000	 -72.006103
29.550000	 -72.003899
29.600000	 -72.001742
29.650000	 -71.999632
29.700000	 -71.997570
29.750000	 -71.995555
29.800000	 -71.993587
29.850000	 -71.991667
29.900000	 -71.989794
29.950000	 -71.987968
30.000000	 -71.986189
30.050000	 -71.984458
30.100000	 -71.982774
30.150000	 -71.981138
30.200000	 -71.979548
30.250000	 -71.978006
30.300000	 -71.976512
30.350000	 -71.975064
30.400000	 -71.973664
30.450000	 -71.972311
30.500000	 -71.971004
30.550000	 -71.969745
30.600000	 -71.968533
30.650000	 -71.967368
30.700000	 -71.966250
30.750000	 -71.965179
30.800000	 -71.964154
30.850000	 -71.963176
30.900000	 -71.962244
30.950000	 -71.961360
31.000000	 -71.960521
31.050000	 -71.959729
31.100000	 -71.958983
31.150000	 -71.958283
31.200000	 -71.957630
31.250000	 -71.957022
31.300000	 -71.956460
31.350000	 -71.955944
31.400000	 -71.955473
31.450000	 -71.955048
31.500000	 -71.954668
31.550000	 -71.954333
31.600000	 -71.954044
31.650000	 -71.953799
31.700000	 -71.953599
31.750000	 -71.953444
31.800000	 -71.953333
31.850000	 -71.953267
31.900000	 -71.953245
31.950000	 -71.953267
32.000000	 -71.953333
32.050000	 -71.953442
32.100000	 -71.953596
32.150000	 -71.953792
32.200000	 -71.954032
32.250000	 -71.954315
32.300000	 -71.954640
32.350000	 -71.955009
32.400000	 -71.955420
32.450000	 -71.955873
32.500000	 -71.956369
32.550000	 -71.956906
32.600000	 -71.957485
32.650000	 -71.958106
32.700000	 -71.958768
32.750000	 -71.959472
32.800000	 -71.960216
32.850000	 -71.961002
32.900000	 -71.961828
32.950000	 -71.962694
33.000000	 -71.963601
33.050000	 -71.964547
33.100000	 -71.965534
33.150000	 -71.966560
33.200000	 -71.967625
33.250000	 -71.968730
33.300000	 -71.969874
33.350000	 -71.971057
33.400000	 -71.972278
33.450000	 -71.973537
33.500000	 -71.974835
33.550000	 -71.976171
33.600000	 -71.977545
33.650000	 -71.978956
33.700000	 -71.980404
33.750000	 -71.981890
33.800000	 -71.983413
33.850000	 -71.984972
33.900000	 -71.986568
33.950000	 -71.988200
34.000000	 -71.989869
34.050000	 -71.991573
34.100000	 -71.993313
34.150000	 -71.995088
34.200000	 -71.996899
34.250000	 -71.998745
34.300000	 -72.000626
34.350000	 -72.002541
34.400000	 -72.004491
34.450000	 -72.006475
34.500000	 -72.008493
34.550000	 -72.010545
34.600000	 -72.012631
34.650000	 -72.014750
34.700000	 -72.016903
34.750000	 -72.019088
34.800000	 -72.021307
34.850000	 -72.023558
34.900000	 -72.025841
34.950000	 -72.028157
35.000000	 -72.030505
35.050000	 -72.032884
35.100000	 -72.035296
35.150000	 -72.037739
35.200000	 -72.040213
35.250000	 -72.042718
35.300000	 -72.045254
35.350000	 -72.047821
35.400000	 -72.050418
35.450000	 -72.053046
35.500000	 -72.055704
35.550000	 -72.058391
35.600000	 -72.061109
35.650000	 -72.063856
35.700000	 -72.066633
35.750000	 -72.069438
35.800000	 -72.072273
35.850000	 -72.075137
35.900000	 -72.078029
35.950000	 -72.080950
36.000000	 -72.083899
36.050000	 -72.086876
36.100000	 -72.089881
36.150000	 -72.092914
36.200000	 -72.095975
36.250000	 -72.099063
36.300000	 -72.102178
36.350000	 -72.105320
36.400000	 -72.108489
36.450000	 -72.111685
36.500000	 -72.114908
36.550000	 -72.118157
36.600000	 -72.121432
36.650000	 -72.124733
36.700000	 -72.128060
36.750000	 -72.131413
36.800000	 -72.134791
36.850000	 -72.138195
36.900000	 -72.141623
36.950000	 -72.145077
37.000000	 -72.148556
37.050000	 -72.152060
37.100000	 -72.155588
37.150000	 -72.159140
37.200000	 -72.162717
37.250000	 -72.166318
37.300000	 -72.169943
37.350000	 -72.173591
37.400000	 -72.177263
37.450000	 -72.180959
37.500000	 -72.184678
37.550000	 -72.188420
37.600000	 -72.192185
37.650000	 -72.195973
37.700000	 -72.199783
37.750000	 -72.203616
37.800000	 -72.207472
37.850000	 -72.211349
37.900000	 -72.215249
37.950000	 -72.219171
38.000000	 -72.223114
38.050000	 -72.227079
38.100000	 -72.231066
38.150000	 -72.235073
38.200000	 -72.239102
38.250000	 -72.243152
38.300000	 -72.247223
38.350000	 -72.251315
38.400000	 -72.255427
38.450000	 -72.259560
38.500000	 -72.263713
38.550000	 -72.267886
38.600000	 -72.272079
38.650000	 -72.276292
38.700000	 -72.280525
38.750000	 -72.284778
38.800000	 -72.289050
38.850000	 -72.293341
38.900000	 -72.297651
38.950000	 -72.301981
39.000000	 -72.306329
39.050000	 -72.310697
39.100000	 -72.315082
39.150000	 -72.319487
39.200000	 -72.323910
39.250000	 -72.328351
39.300000	 -72.332810
39.350000	 -72.337287
39.400000	 -72.341782
39.450000	 -72.346295
39.500000	 -72.350825
39.550000	 -72.355373
39.600000	 -72.359938
39.650000	 -72.364520
39.700000	 -72.369120
39.750000	 -72.373736
39.800000	 -72.378370
39.850000	 -72.383020
39.900000	 -72.387686
39.950000	 -72.392369
40.000000	 -72.397069
40.050000	 -72.401784
40.100000	 -72.406516
40.150000	 -72.411264
40.200000	 -72.416027
40.250000	 -72.420807
40.300000	 -72.425602
40.350000	 -72.430412
40.400000	 -72.435238
40.450000	 -72.440079
40.500000	 -72.444935
40.550000	 -72.449807
40.600000	 -72.454693
40.650000	 -72.459594
40.700000	 -72.464510
40.750000	 -72.469440
40.800000	 -72.474385
40.850000	 -72.479344
40.900000	 -72.484317
40.950000	 -72.489305
41.000000	 -72.494306
41.050000	 -72.499322
41.100000	 -72.504351
41.150000	 -72.509394
41.200000	 -72.514450
41.250000	 -72.519520
41.300000	 -72.524603
41.350000	 -72.529699
41.400000	 -72.534808
41.450000	 -72.539931
41.500000	 -72.545066
41.550000	 -72.550214
41.600000	 -72.555374
41.650000	 -72.560547
41.700000	 -72.565732
41.750000	 -72.570929
41.800000	 -72.576139
41.850000	 -72.581361
41.900000	 -72.586594
41.950000	 -72.591840
42.000000	 -72.597097
42.050000	 -72.602365
42.100000	 -72.607646
42.150000	 -72.612937
42.200000	 -72.618240
42.250000	 -72.623554
42.300000	 -72.628879
42.350000	 -72.634215
42.400000	 -72.639562
42.450000	 -72.644920
42.500000	 -72.650289
42.550000	 -72.655668
42.600000	 -72.661057
42.650000	 -72.666457
42.700000	 -72.671868
42.750000	 -72.677288
42.800000	 -72.682719
42.850000	 -72.688159
42.900000	 -72.693610
42.950000	 -72.699070
43.000000	 -72.704541
43.050000	 -72.710020
43.100000	 -72.715510
43.150000	 -72.721008
43.200000	 -72.726517
43.250000	 -72.732034
43.300000	 -72.737561
43.350000	 -72.743097
43.400000	 -72.748642
43.450000	 -72.754195
43.500000	 -72.759758
43.550000	 -72.765330
43.600000	 -72.770910
43.650000	 -72.776499
43.700000	 -72.782096
43.750000	 -72.787702
43.800000	 -72.793316
43.850000	 -72.798938
43.900000	 -72.804569
43.950000	 -72.810208
44.000000	 -72.815855
44.050000	 -72.821510
44.100000	 -72.827172
44.150000	 -72.832843
44.200000	 -72.838521
44.250000	 -72.844207
44.300000	 -72.849901
44.350000	 -72.855602
44.400000	 -72.861310
44.450000	 -72.867026
44.500000	 -72.872749
44.550000	 -72.878480
44.600000	 -72.884217
44.650000	 -72.889962
44.700000	 -72.895714
44.750000	 -72.901472
44.800000	 -72.907238
44.850000	 -72.913010
44.900000	 -72.918789
44.950000	 -72.924575
45.000000	 -72.930367
45.050000	 -72.936166
45.100000	 -72.941971
45.150000	 -72.947783
45.200000	 -72.953601
45.250000	 -72.959426
45.300000	 -72.965256
45.350000	 -72.971093
45.400000	 -72.976936
45.450000	 -72.982785
45.500000	 -72.988640
45.550000	 -72.994500
45.600000	 -73.000367
45.650000	 -73.006239
45.700000	 -73.012117
45.750000	 -73.018001
45.800000	 -73.023891
45.850000	 -73.029785
45.900000	 -73.035686
45.950000	 -73.041592
46.000000	 -73.047503
46.050000	 -73.053419
46.100000	 -73.059341
46.150000	 -73.065268
46.200000	 -73.071200
46.250000	 -73.077137
46.300000	 -73.083079
46.350000	 -73.089026
46.400000	 -73.094978
46.450000	 -73.100935
46.500000	 -73.106897
46.550000	 -73.112864
46.600000	 -73.118835
46.650000	 -73.124811
46.700000	 -73.130791
46.750000	 -73.136776
46.800000	 -73.142766
46.850000	 -73.148760
46.900000	 -73.154758
46.950000	 -73.160761
47.000000	 -73.166768
47.050000	 -73.172779
47.100000	 -73.178794
47.150000	 -73.184814
47.200000	 -73.190837
47.250000	 -73.196865
47.300000	 -73.202897
47.350000	 -73.208932
47.400000	 -73.214972
47.450000	 -73.221015
47.500000	 -73.227062
47.550000	 -73.233113
47.600000	 -73.239168
47.650000	 -73.245226
47.700000	 -73.251288
47.750000	 -73.257354
47.800000	 -73.263423
47.850000	 -73.269495
47.900000	 -73.275571
47.950000	 -73.281650
48.000000	 -73.287733
48.050000	 -73.293819
48.100000	 -73.299908
48.150000	 -73.306001
48.200000	 -73.312096
48.250000	 -73.318195
48.300000	 -73.324297
48.350000	 -73.330402
48.400000	 -73.336509
48.450000	 -73.342620
48.500000	 -73.348734
48.550000	 -73.354850
48.600000	 -73.360970
48.650000	 -73.367092
48.700000	 -73.373217
48.750000	 -73.379344
48.800000	 -73.385475
48.850000	 -73.391608
48.900000	 -73.397743
48.950000	 -73.403881
49.000000	 -73.410022
49.050000	 -73.416165
49.100000	 -73.422310
49.150000	 -73.428458
49.200000	 -73.434608
49.250000	 -73.440760
49.300000	 -73.446915
49.350000	 -73.453072
49.400000	 -73.459231
49.450000	 -73.465392
49.500000	 -73.471556
49.550000	 -73.477721
49.600000	 -73.483888
49.650000	 -73.490058
49.700000	 -73.496229
49.750000	 -73.502403
49.800000	 -73.508578
49.850000	 -73.514755
49.900000	 -73.520934
49.950000	 -73.527114
50.000000	 -73.533297
50.050000	 -73.539481
50.100000	 -73.545667
50.150000	 -73.551854
50.200000	 -73.558043
50.250000	 -73.564234
50.300000	 -73.570426
50.350000	 -73.576619
50.400000	 -73.582814
50.450000	 -73.589011
50.500000	 -73.595208
50.550000	 -73.601407
50.600000	 -73.607608
50.650000	 -73.613810
50.700000	 -73.620013
50.750000	 -73.626217
50.800000	 -73.632422
50.850000	 -73.638628
50.900000	 -73.644835
50.950000	 -73.651044
51.000000	 -73.657253
51.050000	 -73.663463
51.100000	 -73.669673
51.150000	 -73.675885
51.200000	 -73.682097
51.250000	 -73.688310
51.300000	 -73.694523
51.350000	 -73.700737
51.400000	 -73.706952
51.450000	 -73.713166
51.500000	 -73.719382
51.550000	 -73.725597
51.600000	 -73.731813
51.650000	 -73.738030
51.700000	 -73.744246
51.750000	 -73.750463
51.800000	 -73.756680
51.850000	 -73.762896
51.900000	 -73.769113
51.950000	 -73.775330
52.000000	 -73.781547
52.050000	 -73.787764
52.100000	 -73.793980
52.150000	 -73.800197
52.200000	 -73.806413
52.250000	 -73.812629
52.300000	 -73.818845
52.350000	 -73.825060
52.400000	 -73.831275
52.450000	 -73.837489
52.500000	 -73.843703
52.550000	 -73.849917
52.600000	 -73.856129
52.650000	 -73.862342
52.700000	 -73.868553
52.750000	 -73.874764
52.800000	 -73.880975
52.850000	 -73.887184
52.900000	 -73.893393
52.950000	 -73.899601
53.000000	 -73.905808
53.050000	 -73.912014
53.100000	 -73.918219
53.150000	 -73.924423
53.200000	 -73.930626
53.250000	 -73.936828
53.300000	 -73.943029
53.350000	 -73.949229
53.400000	 -73.955428
53.450000	 -73.961625
53.500000	 -73.967821
53.550000	 -73.974016
53.600000	 -73.980210
53.650000	 -73.986402
53.700000	 -73.992593
53.750000	 -73.998783
53.800000	 -74.004971
53.850000	 -74.011157
53.900000	 -74.017342
53.950000	 -74.023525
54.000000	 -74.029707
54.050000	 -74.035887
54.100000	 -74.042066
54.150000	 -74.048243
54.200000	 -74.054418
54.250000	 -74.060591
54.300000	 -74.066763
54.350000	 -74.072932
54.400000	 -74.079100
54.450000	 -74.085266
54.500000	 -74.091430
54.550000	 -74.097592
54.600000	 -74.103752
54.650000	 -74.109910
54.700000	 -74.116066
54.750000	 -74.122220
54.800000	 -74.128372
54.850000	 -74.134522
54.900000	 -74.140669
54.950000	 -74.146814
55.000000	 -74.152957
55.050000	 -74.159098
55.100000	 -74.165237
55.150000	 -74.171373
55.200000	 -74.177506
55.250000	 -74.183638
55.300000	 -74.189767
55.350000	 -74.195893
55.400000	 -74.202017
55.450000	 -74.208139
55.500000	 -74.214258
55.550000	 -74.220374
55.600000	 -74.226488
55.650000	 -74.232600
55.700000	 -74.238708
55.750000	 -74.244814
55.800000	 -74.250917
55.850000	 -74.257018
55.900000	 -74.263116
55.950000	 -74.269211
56.000000	 -74.275303
56.050000	 -74.281392
56.100000	 -74.287479
56.150000	 -74.293562
56.200000	 -74.299643
56.250000	 -74.305721
56.300000	 -74.311795
56.350000	 -74.317867
56.400000	 -74.323936
56.450000	 -74.330002
56.500000	 -74.336064
56.550000	 -74.342124
56.600000	 -74.348180
56.650000	 -74.354233
56.700000	 -74.360283
56.750000	 -74.366330
56.800000	 -74.372374
56.850000	 -74.378414
56.900000	 -74.384452
56.950000	 -74.390485
57.000000	 -74.396516
57.050000	 -74.402543
57.100000	 -74.408567
57.150000	 -74.414587
57.200000	 -74.420605
57.250000	 -74.426618
57.300000	 -74.432628
57.350000	 -74.438635
57.400000	 -74.444638
57.450000	 -74.450638
57.500000	 -74.456634
57.550000	 -74.462626
57.600000	 -74.468615
57.650000	 -74.474600
57.700000	 -74.480582
57.750000	 -74.486560
57.800000	 -74.492534
57.850000	 -74.498505
57.900000	 -74.504471
57.950000	 -74.510435
58.000000	 -74.516394
58.050000	 -74.522349
58.100000	 -74.528301
58.150000	 -74.534249
58.200000	 -74.540193
58.250000	 -74.546133
58.300000	 -74.552069
58.350000	 -74.558001
58.400000	 -74.563930
58.450000	 -74.569854
58.500000	 -74.575774
58.550000	 -74.581691
58.600000	 -74.587603
58.650000	 -74.593511
58.700000	 -74.599416
58.750000	 -74.605316
58.800000	 -74.611212
58.850000	 -74.617104
58.900000	 -74.622991
58.950000	 -74.628875
59.000000	 -74.634755
59.050000	 -74.640630
59.100000	 -74.646501
59.150000	 -74.652367
59.200000	 -74.658230
59.250000	 -74.664088
59.300000	 -74.669942
59.350000	 -74.675792
59.400000	 -74.681637
59.450000	 -74.687478
59.500000	 -74.693314
59.550000	 -74.699147
59.600000	 -74.704974
59.650000	 -74.710798
59.700000	 -74.716616
59.750000	 -74.722431
59.800000	 -74.728241
59.850000	 -74.734046
59.900000	 -74.739847
59.950000	 -74.745643
60.000000	 -74.751434
60.050000	 -74.757221
60.100000	 -74.763003
60.150000	 -74.768780
60.200000	 -74.774553
60.250000	 -74.780321
60.300000	 -74.786084
60.350000	 -74.791842
60.400000	 -74.797595
60.450000	 -74.803343
60.500000	 -74.809087
60.550000	 -74.814825
60.600000	 -74.820559
60.650000	 -74.826287
60.700000	 -74.832011
60.750000	 -74.837729
60.800000	 -74.843442
60.850000	 -74.849150
60.900000	 -74.854853
60.950000	 -74.860551
61.000000	 -74.866244
61.050000	 -74.871931
61.100000	 -74.877613
61.150000	 -74.883290
61.200000	 -74.888962
61.250000	 -74.894628
61.300000	 -74.900289
61.350000	 -74.905945
61.400000	 -74.911595
61.450000	 -74.917240
61.500000	 -74.922880
61.550000	 -74.928514
61.600000	 -74.934143
61.650000	 -74.939766
61.700000	 -74.945383
61.750000	 -74.950995
61.800000	 -74.956602
61.850000	 -74.962203
61.900000	 -74.967798
61.950000	 -74.973388
62.000000	 -74.978972
62.050000	 -74.984551
62.100000	 -74.990123
62.150000	 -74.995690
62.200000	 -75.001252
62.250000	 -75.006808
62.300000	 -75.012358
62.350000	 -75.017902
62.400000	 -75.023440
62.450000	 -75.028973
62.500000	 -75.034500
62.550000	 -75.040021
62.600000	 -75.045536
62.650000	 -75.051045
62.700000	 -75.056548
62.750000	 -75.062046
62.800000	 -75.067537
62.850000	 -75.073023
62.900000	 -75.078502
62.950000	 -75.083976
63.000000	 -75.089444
63.050000	 -75.094905
63.100000	 -75.100361
63.150000	 -75.105811
63.200000	 -75.111254
63.250000	 -75.116692
63.300000	 -75.122123
63.350000	 -75.127548
63.400000	 -75.132967
63.450000	 -75.138380
63.500000	 -75.143787
63.550000	 -75.149188
63.600000	 -75.154583
63.650000	 -75.159971
63.700000	 -75.165353
63.750000	 -75.170729
63.800000	 -75.176099
63.850000	 -75.181462
63.900000	 -75.186819
63.950000	 -75.192170
64.000000	 -75.197515
64.050000	 -75.202853
64.100000	 -75.208185
64.150000	 -75.213511
64.200000	 -75.218830
64.250000	 -75.224143
64.300000	 -75.229450
64.350000	 -75.234750
64.400000	 -75.240044
64.450000	 -75.245331
64.500000	 -75.250612
64.550000	 -75.255887
64.600000	 -75.261155
64.650000	 -75.266417
64.700000	 -75.271672
64.750000	 -75.276921
64.800000	 -75.282163
64.850000	 -75.287399
64.900000	 -75.292628
64.950000	 -75.297851
65.000000	 -75.303067
65.050000	 -75.308277
65.100000	 -75.313480
65.150000	 -75.318676
65.200000	 -75.323866
65.250000	 -75.329050
65.300000	 -75.334227
65.350000	 -75.339397
65.400000	 -75.344560
65.450000	 -75.349717
65.500000	 -75.354867
65.550000	 -75.360011
65.600000	 -75.365148
65.650000	 -75.370278
65.700000	 -75.375402
65.750000	 -75.380519
65.800000	 -75.385629
65.850000	 -75.390733
65.900000	 -75.395830
65.950000	 -75.400920
66.000000	 -75.406003
66.050000	 -75.411080
66.100000	 -75.416150
66.150000	 -75.421213
66.200000	 -75.426269
66.250000	 -75.431319
66.300000	 -75.436361
66.350000	 -75.441397
66.400000	 -75.446427
66.450000	 -75.451449
66.500000	 -75.456465
66.550000	 -75.461473
66.600000	 -75.466475
66.650000	 -75.471470
66.700000	 -75.476459
66.750000	 -75.481440
66.800000	 -75.486415
66.850000	 -75.491382
66.900000	 -75.496343
66.950000	 -75.501297
67.000000	 -75.506244
67.050000	 -75.511184
67.100000	 -75.516117
67.150000	 -75.521044
67.200000	 -75.525963
67.250000	 -75.530875
67.300000	 -75.535781
67.350000	 -75.540679
67.400000	 -75.545571
67.450000	 -75.550456
67.500000	 -75.555334
67.550000	 -75.560204
67.600000	 -75.565068
67.650000	 -75.569925
67.700000	 -75.574775
67.750000	 -75.579618
67.800000	 -75.584454
67.850000	 -75.589282
67.900000	 -75.594104
67.950000	 -75.598919
68.000000	 -75.603727
68.050000	 -75.608528
68.100000	 -75.613322
68.150000	 -75.618108
68.200000	 -75.622888
68.250000	 -75.627661
68.300000	 -75.632427
68.350000	 -75.637185
68.400000	 -75.641937
68.450000	 -75.646681
68.500000	 -75.651419
68.550000	 -75.656149
68.600000	 -75.660872
68.650000	 -75.665589
68.700000	 -75.670298
68.750000	 -75.675000
68.800000	 -75.679695
68.850000	 -75.684383
68.900000	 -75.689063
68.950000	 -75.693737
69.000000	 -75.698404
69.050000	 -75.703063
69.100000	 -75.707716
69.150000	 -75.712361
69.200000	 -75.716999
69.250000	 -75.721630
69.300000	 -75.726254
69.350000	 -75.730870
69.400000	 -75.735480
69.450000	 -75.740082
69.500000	 -75.744678
69.550000	 -75.749266
69.600000	 -75.753847
69.650000	 -75.758421
69.700000	 -75.762988
69.750000	 -75.767547
69.800000	 -75.772100
69.850000	 -75.776645
69.900000	 -75.781183
69.950000	 -75.785714
70.000000	 -75.790238
70.050000	 -75.794754
70.100000	 -75.799263
70.150000	 -75.803766
70.200000	 -75.808261
70.250000	 -75.812748
70.300000	 -75.817229
70.350000	 -75.821702
70.400000	 -75.826168
70.450000	 -75.830627
70.500000	 -75.835079
70.550000	 -75.839523
70.600000	 -75.843961
70.650000	 -75.848390
70.700000	 -75.852813
70.750000	 -75.857228
70.800000	 -75.861636
70.850000	 -75.866037
70.900000	 -75.870430
70.950000	 -75.874816
71.000000	 -75.879195
71.050000	 -75.883566
71.100000	 -75.887930
71.150000	 -75.892287
71.200000	 -75.896636
71.250000	 -75.900978
71.300000	 -75.905312
71.350000	 -75.909640
71.400000	 -75.913959
71.450000	 -75.918272
71.500000	 -75.922577
71.550000	 -75.926874
71.600000	 -75.931164
71.650000	 -75.935447
71.700000	 -75.939722
71.750000	 -75.943990
71.800000	 -75.948250
71.850000	 -75.952503
71.900000	 -75.956749
71.950000	 -75.960987
72.000000	 -75.965217
72.050000	 -75.969440
72.100000	 -75.973656
72.150000	 -75.977864
72.200000	 -75.982065
72.250000	 -75.986258
72.300000	 -75.990443
72.350000	 -75.994622
72.400000	 -75.998792
72.450000	 -76.002956
72.500000	 -76.007111
72.550000	 -76.011259
72.600000	 -76.015400
72.650000	 -76.019533
72.700000	 -76.023659
72.750000	 -76.027777
72.800000	 -76.031888
72.850000	 -76.035991
72.900000	 -76.040086
72.950000	 -76.044174
73.000000	 -76.048255
73.050000	 -76.052328
73.100000	 -76.056393
73.150000	 -76.060451
73.200000	 -76.064502
73.250000	 -76.068544
73.300000	 -76.072580
73.350000	 -76.076607
73.400000	 -76.080628
73.450000	 -76.084640
73.500000	 -76.088645
73.550000	 -76.092643
73.600000	 -76.096633
73.650000	 -76.100615
73.700000	 -76.104590
73.750000	 -76.108557
73.800000	 -76.112517
73.850000	 -76.116469
73.900000	 -76.120414
73.950000	 -76.124351
74.000000	 -76.128281
74.050000	 -76.132203
74.100000	 -76.136117
74.150000	 -76.140024
74.200000	 -76.143923
74.250000	 -76.147815
74.300000	 -76.151699
74.350000	 -76.155576
74.400000	 -76.159445
74.450000	 -76.163306
74.500000	 -76.167160
74.550000	 -76.171006
74.600000	 -76.174845
74.650000	 -76.178676
74.700000	 -76.182500
74.750000	 -76.186316
74.800000	 -76.190125
74.850000	 -76.193925
74.900000	 -76.197719
74.950000	 -76.201505
75.000000	 -76.205283
75.050000	 -76.209054
75.100000	 -76.212817
75.150000	 -76.216573
75.200000	 -76.220321
75.250000	 -76.224061
75.300000	 -76.227794
75.350000	 -76.231520
75.400000	 -76.235238
75.450000	 -76.238948
75.500000	 -76.242651
75.550000	 -76.246346
75.600000	 -76.250034
75.650000	 -76.253714
75.700000	 -76.257387
75.750000	 -76.261052
75.800000	 -76.264709
75.850000	 -76.268359
75.900000	 -76.272002
75.950000	 -76.275637
76.000000	 -76.279264
76.050000	 -76.282884
76.100000	 -76.286497
76.150000	 -76.290102
76.200000	 -76.293699
76.250000	 -76.297289
76.300000	 -76.300871
76.350000	 -76.304446
76.400000	 -76.308013
76.450000	 -76.311573
76.500000	 -76.315126
76.550000	 -76.318670
76.600000	 -76.322208
76.650000	 -76.325738
76.700000	 -76.329260
76.750000	 -76.332775
76.800000	 -76.336282
76.850000	 -76.339782
76.900000	 -76.343275
76.950000	 -76.346759
77.000000	 -76.350237
77.050000	 -76.353707
77.100000	 -76.357170
77.150000	 -76.360625
77.200000	 -76.364072
77.250000	 -76.367512
77.300000	 -76.370945
77.350000	 -76.374370
77.400000	 -76.377788
77.450000	 -76.381199
77.500000	 -76.384601
77.550000	 -76.387997
77.600000	 -76.391385
77.650000	 -76.394766
77.700000	 -76.398139
77.750000	 -76.401505
77.800000	 -76.404863
77.850000	 -76.408214
77.900000	 -76.411558
77.950000	 -76.414894
78.000000	 -76.418223
78.050000	 -76.421544
78.100000	 -76.424858
78.150000	 -76.428164
78.200000	 -76.431464
78.250000	 -76.434755
78.300000	 -76.438040
78.350000	 -76.441317
78.400000	 -76.444587
78.450000	 -76.447849
78.500000	 -76.451104
78.550000	 -76.454352
78.600000	 -76.457592
78.650000	 -76.460825
78.700000	 -76.464050
78.750000	 -76.467269
78.800000	 -76.470480
78.850000	 -76.473683
78.900000	 -76.476880
78.950000	 -76.480068
79.000000	 -76.483250
79.050000	 -76.486424
79.100000	 -76.489592
79.150000	 -76.492751
79.200000	 -76.495904
79.250000	 -76.499049
79.300000	 -76.502187
79.350000	 -76.505317
79.400000	 -76.508441
79.450000	 -76.511557
79.500000	 -76.514666
79.550000	 -76.517767
79.600000	 -76.520861
79.650000	 -76.523948
79.700000	 -76.527028
79.750000	 -76.530101
79.800000	 -76.533166
79.850000	 -76.536224
79.900000	 -76.539275
79.950000	 -76.542319
80.000000	 -76.545355
80.050000	 -76.548385
80.100000	 -76.551407
80.150000	 -76.554421
80.200000	 -76.557429
80.250000	 -76.560430
80.300000	 -76.563423
80.350000	 -76.566409
80.400000	 -76.569388
80.450000	 -76.572360
80.500000	 -76.575325
80.550000	 -76.578282
80.600000	 -76.581232
80.650000	 -76.584176
80.700000	 -76.587112
80.750000	 -76.590041
80.800000	 -76.592963
80.850000	 -76.595877
80.900000	 -76.598785
80.950000	 -76.601685
81.000000	 -76.604579
81.050000	 -76.607465
81.100000	 -76.610344
81.150000	 -76.613217
81.200000	 -76.616082
81.250000	 -76.618940
81.300000	 -76.621791
81.350000	 -76.624635
81.400000	 -76.627471
81.450000	 -76.630301
81.500000	 -76.633124
81.550000	 -76.635940
81.600000	 -76.638748
81.650000	 -76.641550
81.700000	 -76.644345
81.750000	 -76.647132
81.800000	 -76.649913
81.850000	 -76.652687
81.900000	 -76.655453
81.950000	 -76.658213
82.000000	 -76.660966
82.050000	 -76.663712
82.100000	 -76.666450
82.150000	 -76.669182
82.200000	 -76.671907
82.250000	 -76.674625
82.300000	 -76.677336
82.350000	 -76.680040
82.400000	 -76.682737
82.450000	 -76.685428
82.500000	 -76.688111
82.550000	 -76.690787
82.600000	 -76.693457
82.650000	 -76.696119
82.700000	 -76.698775
82.750000	 -76.701424
82.800000	 -76.704066
82.850000	 -76.706701
82.900000	 -76.709329
82.950000	 -76.711951
83.000000	 -76.714565
83.050000	 -76.717173
83.100000	 -76.719774
83.150000	 -76.722368
83.200000	 -76.724955
83.250000	 -76.727536
83.300000	 -76.730109
83.350000	 -76.732676
83.400000	 -76.735236
83.450000	 -76.737789
83.500000	 -76.740336
83.550000	 -76.742875
83.600000	 -76.745408
83.650000	 -76.747935
83.700000	 -76.750454
83.750000	 -76.752967
83.800000	 -76.755473
83.850000	 -76.757972
83.900000	 -76.760464
83.950000	 -76.762950
84.000000	 -76.765429
84.050000	 -76.767901
84.100000	 -76.770367
84.150000	 -76.772826
84.200000	 -76.775278
84.250000	 -76.777724
84.300000	 -76.780163
84.350000	 -76.782595
84.400000	 -76.785021
84.450000	 -76.787440
84.500000	 -76.789852
84.550000	 -76.792258
84.600000	 -76.794657
84.650000	 -76.797049
84.700000	 -76.799435
84.750000	 -76.801815
84.800000	 -76.804187
84.850000	 -76.806553
84.900000	 -76.808913
84.950000	 -76.811266
85.000000	 -76.813612
85.050000	 -76.815952
85.100000	 -76.818285
85.150000	 -76.820612
85.200000	 -76.822932
85.250000	 -76.825246
85.300000	 -76.827553
85.350000	 -76.829853
85.400000	 -76.832147
85.450000	 -76.834435
85.500000	 -76.836716
85.550000	 -76.838991
85.600000	 -76.841259
85.650000	 -76.843520
85.700000	 -76.845776
85.750000	 -76.848024
85.800000	 -76.850267
85.850000	 -76.852502
85.900000	 -76.854732
85.950000	 -76.856955
86.000000	 -76.859171
86.050000	 -76.861381
86.100000	 -76.863585
86.150000	 -76.865782
86.200000	 -76.867973
86.250000	 -76.870158
86.300000	 -76.872336
86.350000	 -76.874508
86.400000	 -76.876673
86.450000	 -76.878832
86.500000	 -76.880985
86.550000	 -76.883131
86.600000	 -76.885271
86.650000	 -76.887405
86.700000	 -76.889533
86.750000	 -76.891654
86.800000	 -76.893768
86.850000	 -76.895877
86.900000	 -76.897979
86.950000	 -76.900075
87.000000	 -76.902164
87.050000	 -76.904247
87.100000	 -76.906324
87.150000	 -76.908395
87.200000	 -76.910459
87.250000	 -76.912518
87.300000	 -76.914570
87.350000	 -76.916615
87.400000	 -76.918655
87.450000	 -76.920688
87.500000	 -76.922715
87.550000	 -76.924735
87.600000	 -76.926750
87.650000	 -76.928758
87.700000	 -76.930760
87.750000	 -76.932756
87.800000	 -76.934746
87.850000	 -76.936729
87.900000	 -76.938707
87.950000	 -76.940678
88.000000	 -76.942643
88.050000	 -76.944602
88.100000	 -76.946554
88.150000	 -76.948501
88.200000	 -76.950441
88.250000	 -76.952375
88.300000	 -76.954303
88.350000	 -76.956225
88.400000	 -76.958141
88.450000	 -76.960051
88.500000	 -76.961954
88.550000	 -76.963852
88.600000	 -76.965743
88.650000	 -76.967628
88.700000	 -76.969507
88.750000	 -76.971380
88.800000	 -76.973247
88.850000	 -76.975108
88.900000	 -76.976963
88.950000	 -76.978812
89.000000	 -76.980655
89.050000	 -76.982491
89.100000	 -76.984322
89.150000	 -76.986147
89.200000	 -76.987965
89.250000	 -76.989778
89.300000	 -76.991584
89.350000	 -76.993385
89.400000	 -76.995180
89.450000	 -76.996968
89.500000	 -76.998751
89.550000	 -77.000528
89.600000	 -77.002298
89.650000	 -77.004063
89.700000	 -77.005822
89.750000	 -77.007575
89.800000	 -77.009321
89.850000	 -77.011062
89.900000	 -77.012797
89.950000	 -77.014527
90.000000	 -77.016250
90.050000	 -77.017967
90.100000	 -77.019678
90.150000	 -77.021384
90.200000	 -77.023084
90.250000	 -77.024777
90.300000	 -77.026465
90.350000	 -77.028147
90.400000	 -77.029824
90.450000	 -77.031494
90.500000	 -77.033158
90.550000	 -77.034817
90.600000	 -77.036470
90.650000	 -77.038117
90.700000	 -77.039758
90.750000	 -77.041394
90.800000	 -77.043023
90.850000	 -77.044647
90.900000	 -77.046265
90.950000	 -77.047877
91.000000	 -77.049484
91.050000	 -77.051085
91.100000	 -77.052680
91.150000	 -77.054269
91.200000	 -77.055853
91.250000	 -77.057431
91.300000	 -77.059003
91.350000	 -77.060569
91.400000	 -77.062130
91.450000	 -77.063685
91.500000	 -77.065234
91.550000	 -77.066778
91.600000	 -77.068316
91.650000	 -77.069848
91.700000	 -77.071375
91.750000	 -77.072896
91.800000	 -77.074411
91.850000	 -77.075921
91.900000	 -77.077425
91.950000	 -77.078924
92.000000	 -77.080417
92.050000	 -77.081904
92.100000	 -77.083386
92.150000	 -77.084862
92.200000	 -77.086332
92.250000	 -77.087797
92.300000	 -77.089257
92.350000	 -77.090711
92.400000	 -77.092159
92.450000	 -77.093602
92.500000	 -77.095039
92.550000	 -77.096471
92.600000	 -77.097897
92.650000	 -77.099318
92.700000	 -77.100733
92.750000	 -77.102143
92.800000	 -77.103547
92.850000	 -77.104946
92.900000	 -77.106339
92.950000	 -77.107727
93.000000	 -77.109109
93.050000	 -77.110486
93.100000	 -77.111858
93.150000	 -77.113224
93.200000	 -77.114585
93.250000	 -77.115940
93.300000	 -77.117290
93.350000	 -77.118634
93.400000	 -77.119973
93.450000	 -77.121307
93.500000	 -77.122636
93.550000	 -77.123959
93.600000	 -77.125276
93.650000	 -77.126589
93.700000	 -77.127896
93.750000	 -77.129197
93.800000	 -77.130494
93.850000	 -77.131785
93.900000	 -77.133070
93.950000	 -77.134351
94.000000	 -77.135626
94.050000	 -77.136896
94.100000	 -77.138160
94.150000	 -77.139420
94.200000	 -77.140674
94.250000	 -77.141923
94.300000	 -77.143166
94.350000	 -77.144405
94.400000	 -77.145638
94.450000	 -77.146866
94.500000	 -77.148088
94.550000	 -77.149306
94.600000	 -77.150518
94.650000	 -77.151726
94.700000	 -77.152928
94.750000	 -77.154124
94.800000	 -77.155316
94.850000	 -77.156503
94.900000	 -77.157684
94.950000	 -77.158860
95.000000	 -77.160031
95.050000	 -77.161197
95.100000	 -77.162358
95.150000	 -77.163514
95.200000	 -77.164665
95.250000	 -77.165811
95.300000	 -77.166951
95.350000	 -77.168087
95.400000	 -77.169217
95.450000	 -77.170342
95.500000	 -77.171463
95.550000	 -77.172578
95.600000	 -77.173688
95.650000	 -77.174794
95.700000	 -77.175894
95.750000	 -77.176989
95.800000	 -77.178080
95.850000	 -77.179165
95.900000	 -77.180245
95.950000	 -77.181321
96.000000	 -77.182391
96.050000	 -77.183457
96.100000	 -77.184517
96.150000	 -77.185573
96.200000	 -77.186623
96.250000	 -77.187669
96.300000	 -77.188710
96.350000	 -77.189746
96.400000	 -77.190777
96.450000	 -77.191803
96.500000	 -77.192825
96.550000	 -77.193841
96.600000	 -77.194853
96.650000	 -77.195859
96.700000	 -77.196861
96.750000	 -77.197858
96.800000	 -77.198851
96.850000	 -77.199838
96.900000	 -77.200821
96.950000	 -77.201798
97.000000	 -77.202771
97.050000	 -77.203740
97.100000	 -77.204703
97.150000	 -77.205662
97.200000	 -77.206616
97.250000	 -77.207565
97.300000	 -77.208509
97.350000	 -77.209449
97.400000	 -77.210384
97.450000	 -77.211314
97.500000	 -77.212240
97.550000	 -77.213161
97.600000	 -77.214077
97.650000	 -77.214989
97.700000	 -77.215895
97.750000	 -77.216797
97.800000	 -77.217695
97.850000	 -77.218588
97.900000	 -77.219476
97.950000	 -77.220360
98.000000	 -77.221238
98.050000	 -77.222113
98.100000	 -77.222982
98.150000	 -77.223848
98.200000	 -77.224708
98.250000	 -77.225564
98.300000	 -77.226415
98.350000	 -77.227262
98.400000	 -77.228104
98.450000	 -77.228942
98.500000	 -77.229775
98.550000	 -77.230604
98.600000	 -77.231428
98.650000	 -77.232247
98.700000	 -77.233062
98.750000	 -77.233873
98.800000	 -77.234679
98.850000	 -77.235480
98.900000	 -77.236277
98.950000	 -77.237070
99.000000	 -77.237858
99.050000	 -77.238642
99.100000	 -77.239421
99.150000	 -77.240196
99.200000	 -77.240966
99.250000	 -77.241732
99.300000	 -77.242493
99.350000	 -77.243250
99.400000	 -77.244003
99.450000	 -77.244752
99.500000	 -77.245495
99.550000	 -77.246235
99.600000	 -77.246970
99.650000	 -77.247701
99.700000	 -77.248428
99.750000	 -77.249150
99.800000	 -77.249867
99.850000	 -77.250581
99.900000	 -77.251290
99.950000	 -77.251995
100.000000	 -77.252696
