-95
-94.3542
-93.6734
-92.9727
-92.2631
-91.5542
-90.8528
-90.1625
-89.483
-88.806
-88.1067
-87.3487
-86.4712
-85.3997
-84.0894
-82.5242
-80.7926
-78.9792
-76.9923
-74.7042
-72.2594
-69.6547
-66.4011
-60.9195
-49.4151
-15.5998
21.5688
-32.4139
-48.1999
-59.9178
-64.4538
-65.019
-64.1524
-62.6883
-60.8668
-58.6687
-55.8762
-52.0328
-46.3219
-36.6891
-20.818
-18.9733
-31.3612
-43.4026
-54.3885
-59.9291
-60.4788
-59.1104
-57.1849
-55.0769
-52.8107
-50.2839
-47.2507
-43.0028
-35.8053
-28.0293
-26.919
-32.7473
-41.7144
-51.5396
-58.3479
-60.4135
-60.0249
-58.8154
-57.3709
-55.8197
-54.1202
-52.1686
-49.8102
-46.6816
-41.6043
-32.7496
-26.0459
-26.5282
-33.4048
-42.7425
-52.67
-59.3612
-61.7085
-61.9776
-61.512
-60.8015
-60.0012
-59.1187
-58.0766
-56.725
-54.8303
-52.0838
-48.0492
-41.3225
-28.4472
-18.3264
-24.0688
-34.9496
-46.2468
-56.5403
-61.9028
-63.6977
-64.3152
-64.5575
-64.6604
-64.7344
-64.8263
-64.9403
-65.057
-65.1489
-65.1913
-65.167
-65.0587
-64.8353
-64.4411
-63.8098
-62.9083
-61.7643
-60.4489
-59.0951
-57.9608
-57.2613
-57.1438
-57.7633
-59.3042
-61.8056
-64.6625
-66.9499
-68.5355
-69.7242
-70.7371
-71.6527
-72.494
-73.2819
-74.0342
-74.7611
-75.4633
-76.1354
-76.7716
-77.3682
-77.9239
-78.4397
-78.9173
-79.3592
-79.7677
-80.1455
-80.4947
-80.8176
-81.1162
-81.3924
-81.648
-81.8846
-82.1036
-82.3066
-82.4946
-82.669
-82.8308
-82.981
-83.1204
-83.2499
-83.3702
-83.4822
-83.5862
-83.6831
-83.7732
-83.8571
-83.9353
-84.008
-84.0757
-84.1388
-84.1975
-84.2521
-84.3029
-84.3502
-84.3941
-84.4349
-84.4727
-84.5077
-84.5401
-84.57
-84.5975
-84.6229
-84.6461
-84.6674
-84.6867
-84.7043
-84.7201
-84.7343
-84.747
-84.7581
-84.7679
-84.7762
-84.7833
-84.7891
-84.7938
-84.7973
-84.7997
-84.801
-84.8014
-84.8008
-84.7992
-84.7968
-84.7935
-84.7894
-84.7845
-84.7788
-84.7724
-84.7653
-84.7576
-84.7492
-84.7402
-84.7305
-84.7204
-84.7096
-84.6984
-84.6867
-84.6744
-84.6618
-84.6487
-84.6351
-84.6212
-84.6069
-84.5923
-84.5773
-84.5619
-84.5463
-84.5304
-84.5142
-84.4977
-84.481
-84.4641
-84.447
-84.4296
-84.4121
-84.3944
-84.3765
-84.3585
-84.3403
-84.3221
-84.3037
-84.2852
-84.2666
-84.2479
-84.2291
-84.2103
-84.1915
-84.1725
-84.1536
-84.1346
-84.1156
-84.0966
-84.0776
-84.0586
-84.0396
-84.0207
-84.0017
-83.9828
-83.964
-83.9451
-83.9264
-83.9077
-83.889
-83.8704
-83.8519
-83.8335
-83.8151
-83.7968
-83.7787
-83.7606
-83.7426
-83.7247
-83.7069
-83.6892
-83.6717
-83.6542
-83.6369
-83.6197
-83.6026
-83.5856
-83.5688
-83.5521
-83.5355
-83.5191
-83.5027
-83.4866
-83.4705
-83.4546
-83.4389
-83.4232
-83.4077
-83.3924
-83.3772
-83.3621
-83.3472
-83.3324
-83.3178
-83.3033
-83.289
-83.2748
-83.2607
-83.2468
-83.233
-83.2194
-83.2059
-83.1926
-83.1794
-83.1664
-83.1535
-83.1407
-83.1281
-83.1156
-83.1033
-83.0911
-83.0791
-83.0672
-83.0554
-83.0438
-83.0323
-83.021
-83.0098
-82.9987
-82.9877
-82.9769
-82.9663
-82.9557
-82.9453
-82.9351
-82.9249
-82.9149
-82.905
-82.8953
-82.8856
-82.8761
-82.8668
-82.8575
-82.8484
-82.8394
-82.8305
-82.8217
-82.8131
-82.8045
-82.7961
-82.7878
-82.7796
-82.7715
-82.7636
-82.7557
-82.748
-82.7403
-82.7328
-82.7254
-82.718
-82.7108
-82.7037
-82.6967
-82.6898
-82.683
-82.6763
-82.6696
-82.6631
-82.6567
-82.6503
-82.6441
-82.638
-82.6319
-82.6259
-82.62
-82.6142
-82.6085
-82.6029
-82.5974
-82.5919
-82.5865
-82.5812
-82.576
-82.5708
-82.5658
-82.5608
-82.5559
-82.551
-82.5463
-82.5416
-82.537
-82.5324
-82.5279
-82.5235
-82.5192
-82.5149
-82.5107
-82.5065
-82.5024
-82.4984
-82.4945
-82.4906
-82.4867
-82.4829
-82.4792
-82.4756
-82.4719
-82.4684
-82.4649
-82.4615
-82.4581
-82.4547
-82.4514
-82.4482
-82.445
-82.4419
-82.4388
-82.4358
-82.4328
-82.4298
-82.4269
-82.4241
-82.4213
-82.4185
-82.4158
-82.4131
-82.4105
-82.4079
-82.4053
-82.4028
-82.4003
-82.3979
-82.3955
-82.3931
-82.3908
-82.3885
-82.3863
-82.384
-82.3819
-82.3797
-82.3776
-82.3755
-82.3735
-82.3714
-82.3694
-82.3675
-82.3656
-82.3637
-82.3618
-82.36
-82.3581
-82.3564
-82.3546
-82.3529
-82.3512
-82.3495
-82.3479
-82.3462
-82.3446
-82.3431
-82.3415
-82.34
-82.3385
-82.337
-82.3356
-82.3341
-82.3327
-82.3313
-82.33
-82.3286
-82.3273
-82.326
-82.3247
-82.3234
-82.3222
-82.321
-82.3197
-82.3186
-82.3174
-82.3162
-82.3151
-82.314
-82.3129
-82.3118
-82.3107
-82.3097
-82.3086
-82.3076
-82.3066
-82.3056
-82.3046
-82.3037
-82.3027
-82.3018
-82.3009
-82.3
-82.2991
-82.2982
-82.2973
-82.2965
-82.2956
-82.2948
-82.294
-82.2932
-82.2924
-82.2916
-82.2909
-82.2901
-82.2894
-82.2886
-82.2879
-82.2872
-82.2865
-82.2858
-82.2851
-82.2845
-82.2838
-82.2831
-82.2825
-82.2819
-82.2812
-82.2806
-82.28
-82.2794
-82.2788
-82.2783
-82.2777
-82.2771
-82.2766
-82.276
-82.2755
-82.2749
-82.2744
-82.2739
-82.2734
-82.2729
-82.2724
-82.2719
-82.2714
-82.2709
-82.2705
-82.27
-82.2695
-82.2691
-82.2687
-82.2682
-82.2678
-82.2674
-82.2669
-82.2665
-82.2661
-82.2657
-82.2653
-82.2649
-82.2645
-82.2641
-82.2638
-82.2634
-82.263
-82.2627
-82.2623
-82.262
-82.2616
-82.2613
-82.2609
-82.2606
-82.2603
-82.2599
-82.2596
-82.2593
-82.259
-82.2587
-82.2584
-82.258
-82.2578
-82.2575
-82.2572
-82.2569
-82.2566
-82.2563
-82.256
-82.2558
-82.2555
-82.2552
-82.255
-82.2547
-82.2544
-82.2542
-82.2539
-82.2537
-82.2534
-82.2532
-82.2529
-82.2527
-82.2525
-82.2522
-82.252
-82.2518
-82.2516
-82.2513
-82.2511
-82.2509
-82.2507
-82.2505
-82.2503
-82.2501
-82.2499
-82.2497
-82.2495
-82.2493
-82.2491
-82.2489
-82.2487
-82.2485
-82.2483
-82.2481
-82.2479
-82.2477
-82.2476
-82.2474
-82.2472
-82.247
-82.2469
-82.2467
-82.2465
-82.2464
-82.2462
-82.246
-82.2459
-82.2457
-82.2455
-82.2454
-82.2452
-82.2451
-82.2449
-82.2448
-82.2446
-82.2445
-82.2443
-82.2442
-82.244
-82.2439
-82.2438
-82.2436
-82.2435
-82.2433
-82.2432
-82.2431
-82.2429
-82.2428
-82.2427
-82.2426
-82.2424
-82.2423
-82.2422
-82.242
-82.2419
-82.2418
-82.2417
-82.2416
-82.2414
-82.2413
-82.2412
-82.2411
-82.241
-82.2409
-82.2407
-82.2406
-82.2405
-82.2404
-82.2403
-82.2402
-82.2401
-82.24
-82.2399
-82.2398
-82.2397
-82.2396
-82.2395
-82.2394
-82.2393
-82.2392
-82.2391
-82.239
-82.2389
-82.2388
-82.2387
-82.2386
-82.2385
-82.2384
-82.2383
-82.2382
-82.2381
-82.238
-82.2379
-82.2378
-82.2377
-82.2377
-82.2376
-82.2375
-82.2374
-82.2373
-82.2372
-82.2371
-82.2371
-82.237
-82.2369
-82.2368
-82.2367
-82.2367
-82.2366
-82.2365
-82.2364
-82.2363
-82.2363
-82.2362
-82.2361
-82.236
-82.236
-82.2359
-82.2358
-82.2357
-82.2357
-82.2356
-82.2355
-82.2355
-82.2354
-82.2353
-82.2352
-82.2352
-82.2351
-82.235
-82.235
-82.2349
-82.2348
-82.2348
-82.2347
-82.2346
-82.2346
-82.2345
-82.2344
-82.2344
-82.2343
-82.2343
-82.2342
-82.2341
-82.2341
-82.234
-82.234
-82.2339
-82.2338
-82.2338
-82.2337
-82.2337
-82.2336
-82.2335
-82.2335
-82.2334
-82.2334
-82.2333
-82.2333
-82.2332
-82.2331
-82.2331
-82.233
-82.233
-82.2329
-82.2329
-82.2328
-82.2328
-82.2327
-82.2327
-82.2326
-82.2326
-82.2325
-82.2325
-82.2324
-82.2324
-82.2323
-82.2323
-82.2322
-82.2322
-82.2321
-82.2321
-82.232
-82.232
-82.2319
-82.2319
-82.2318
-82.2318
-82.2317
-82.2317
-82.2317
-82.2316
-82.2316
-82.2315
-82.2315
-82.2314
-82.2314
-82.2313
-82.2313
-82.2313
-82.2312
-82.2312
-82.2311
-82.2311
-82.2311
-82.231
-82.231
-82.2309
-82.2309
-82.2308
-82.2308
-82.2308
-82.2307
-82.2307
-82.2307
-82.2306
-82.2306
-82.2305
-82.2305
-82.2305
-82.2304
-82.2304
-82.2304
-82.2303
-82.2303
-82.2302
-82.2302
-82.2302
-82.2301
-82.2301
-82.2301
-82.23
-82.23
-82.23
-82.2299
-82.2299
-82.2299
-82.2298
-82.2298
-82.2298
-82.2297
-82.2297
-82.2297
-82.2296
-82.2296
-82.2296
-82.2295
-82.2295
-82.2295
-82.2294
-82.2294
-82.2294
-82.2293
-82.2293
-82.2293
-82.2293
-82.2292
-82.2292
-82.2292
-82.2291
-82.2291
-82.2291
-82.229
-82.229
-82.229
-82.229
-82.2289
-82.2289
-82.2289
-82.2289
-82.2288
-82.2288
-82.2288
-82.2287
-82.2287
-82.2287
-82.2287
-82.2286
-82.2286
-82.2286
-82.2286
-82.2285
-82.2285
-82.2285
-82.2285
-82.2284
-82.2284
-82.2284
-82.2284
-82.2283
-82.2283
-82.2283
-82.2283
-82.2282
-82.2282
-82.2282
-82.2282
-82.2281
-82.2281
-82.2281
-82.2281
-82.2281
-82.228
-82.228
-82.228
-82.228
-82.2279
-82.2279
-82.2279
-82.2279
-82.2279
-82.2278
-82.2278
-82.2278
-82.2278
-82.2277
-82.2277
-82.2277
-82.2277
-82.2277
-82.2276
-82.2276
-82.2276
-82.2276
-82.2276
-82.2275
-82.2275
-82.2275
-82.2275
-82.2275
-82.2275
-82.2274
-82.2274
-82.2274
-82.2274
-82.2274
-82.2273
-82.2273
-82.2273
-82.2273
-82.2273
-82.2272
-82.2272
-82.2272
-82.2272
-82.2272
-82.2272
-82.2271
-82.2271
-82.2271
-82.2271
-82.2271
-82.2271
-82.227
-82.227
-82.227
-82.227
-82.227
-82.227
-82.2269
-82.2269
-82.2269
-82.2269
-82.2269
-82.2269
-82.2269
-82.2268
-82.2268
-82.2268
-82.2268
-82.2268
-82.2268
-82.2267
-82.2267
-82.2267
-82.2267
-82.2267
-82.2267
-82.2267
-82.2266
-82.2266
-82.2266
-82.2266
-82.2266
-82.2266
-82.2266
-82.2266
-82.2265
-82.2265
-82.2265
-82.2265
-82.2265
-82.2265
-82.2265
-82.2264
-82.2264
-82.2264
-82.2264
-82.2264
-82.2264
-82.2264
-82.2264
-82.2263
-82.2263
-82.2263
-82.2263
-82.2263
-82.2263
-82.2263
-82.2263
-82.2263
-82.2262
-82.2262
-82.2262
-82.2262
-82.2262
-82.2262
-82.2262
-82.2262
-82.2261
-82.2261
-82.2261
-82.2261
-82.2261
-82.2261
-82.2261
-82.2261
-82.2261
-82.2261
-82.226
-82.226
-82.226
-82.226
-82.226
-82.226
-82.226
-82.226
-82.226
-82.226
-82.2259
-82.2259
-82.2259
-82.2259
-82.2259
-82.2259
-82.2259
-82.2259
-82.2259
-82.2259
-82.2258
-82.2258
-82.2258
-82.2258
-82.2258
-82.2258
-82.2258
-82.2258
-82.2258
-82.2258
-82.2258
-82.2257
-82.2257
-82.2257
-82.2257
-82.2257
-82.2257
-82.2257
-82.2257
-82.2257
-82.2257
-82.2257
-82.2257
-82.2256
-82.2256
-82.2256
-82.2256
-82.2256
-82.2256
-82.2256
-82.2256
-82.2256
-82.2256
-82.2256
-82.2256
-82.2256
-82.2255
-82.2255
-82.2255
-82.2255
-82.2255
-82.2255
-82.2255
-82.2255
-82.2255
-82.2255
-82.2255
-82.2255
-82.2255
-82.2255
-82.2255
-82.2254
-82.2254
-82.2254
-82.2254
-82.2254
-82.2254
-82.2254
-82.2254
-82.2254
-82.2254
-82.2254

