-87
-86.6876
-86.3564
-86.0099
-85.6516
-85.286
-84.9173
-84.5492
-84.1844
-83.8249
-83.4721
-83.1273
-82.7911
-82.4643
-82.1472
-81.8401
-81.543
-81.2558
-80.9782
-80.7099
-80.4503
-80.1991
-79.9557
-79.7195
-79.4902
-79.2671
-79.05
-78.8383
-78.6317
-78.4298
-78.2323
-78.0388
-77.8492
-77.6631
-77.4803
-77.3005
-77.1237
-76.9495
-76.7779
-76.6087
-76.4418
-76.277
-76.1141
-75.9532
-75.7941
-75.6367
-75.4809
-75.3267
-75.1739
-75.0225
-74.8726
-74.7239
-74.5766
-74.4305
-74.2857
-74.1422
-73.9999
-73.8588
-73.719
-73.5806
-73.4435
-73.3077
-73.1734
-73.0406
-72.9093
-72.7796
-72.6517
-72.5255
-72.4013
-72.279
-72.1589
-72.041
-71.9254
-71.8123
-71.7019
-71.5942
-71.4894
-71.3878
-71.2894
-71.1944
-71.103
-71.0153
-70.9316
-70.852
-70.7767
-70.7059
-70.6397
-70.5784
-70.5221
-70.4709
-70.4251
-70.3847
-70.35
-70.3211
-70.2981
-70.281
-70.2701
-70.2654
-70.2669
-70.2747
-70.2888
-70.3092
-70.336
-70.369
-70.4082
-70.4536
-70.505
-70.5623
-70.6255
-70.6943
-70.7686
-70.8481
-70.9329
-71.0225
-71.1168
-71.2156
-71.3186
-71.4257
-71.5366
-71.6509
-71.7685
-71.889
-72.0122
-72.1379
-72.2658
-72.3957
-72.5273
-72.6604
-72.7948
-72.9302
-73.0664
-73.2032
-73.3404
-73.4778
-73.6153
-73.7525
-73.8895
-74.026
-74.1618
-74.2968
-74.4309
-74.5639
-74.6958
-74.8264
-74.9555
-75.0832
-75.2093
-75.3337
-75.4564
-75.5772
-75.6961
-75.8131
-75.9282
-76.0411
-76.152
-76.2608
-76.3675
-76.4719
-76.5741
-76.6742
-76.772
-76.8675
-76.9609
-77.052
-77.1409
-77.2276
-77.312
-77.3943
-77.4743
-77.5521
-77.6278
-77.7013
-77.7727
-77.8421
-77.9093
-77.9745
-78.0377
-78.099
-78.1582
-78.2156
-78.2711
-78.3247
-78.3764
-78.4264
-78.4746
-78.5211
-78.5659
-78.609
-78.6505
-78.6904
-78.7288
-78.7656
-78.8009
-78.8348
-78.8673
-78.8984
-78.9281
-78.9565
-78.9837
-79.0095
-79.0342
-79.0577
-79.08
-79.1012
-79.1213
-79.1403
-79.1583
-79.1753
-79.1914
-79.2064
-79.2205
-79.2338
-79.2461
-79.2576
-79.2683
-79.2781
-79.2872
-79.2956
-79.3032
-79.31
-79.3163
-79.3218
-79.3267
-79.3309
-79.3346
-79.3377
-79.3402
-79.3422
-79.3436
-79.3445
-79.345
-79.3449
-79.3444
-79.3435
-79.3421
-79.3404
-79.3382
-79.3356
-79.3327
-79.3295
-79.3259
-79.322
-79.3177
-79.3132
-79.3084
-79.3033
-79.2979
-79.2923
-79.2865
-79.2804
-79.2741
-79.2676
-79.261
-79.2541
-79.247
-79.2398
-79.2324
-79.2249
-79.2173
-79.2095
-79.2015
-79.1935
-79.1853
-79.1771
-79.1687
-79.1603
-79.1518
-79.1432
-79.1346
-79.1259
-79.1171
-79.1083
-79.0994
-79.0905
-79.0816
-79.0726
-79.0636
-79.0546
-79.0456
-79.0366
-79.0275
-79.0185
-79.0095
-79.0004
-78.9914
-78.9824
-78.9735
-78.9645
-78.9556
-78.9467
-78.9378
-78.929
-78.9202
-78.9114
-78.9027
-78.8941
-78.8854
-78.8769
-78.8684
-78.8599
-78.8516
-78.8432
-78.835
-78.8268
-78.8186
-78.8106
-78.8026
-78.7947
-78.7869
-78.7791
-78.7714
-78.7638
-78.7563
-78.7488
-78.7415
-78.7342
-78.727
-78.7199
-78.7129
-78.7059
-78.6991
-78.6923
-78.6857
-78.6791
-78.6726
-78.6662
-78.6599
-78.6537
-78.6476
-78.6416
-78.6356
-78.6298
-78.624
-78.6184
-78.6128
-78.6074
-78.602
-78.5967
-78.5915
-78.5864
-78.5814
-78.5765
-78.5716
-78.5669
-78.5623
-78.5577
-78.5533
-78.5489
-78.5446
-78.5404
-78.5363
-78.5323
-78.5283
-78.5245
-78.5207
-78.5171
-78.5135
-78.51
-78.5065
-78.5032
-78.4999
-78.4968
-78.4937
-78.4906
-78.4877
-78.4848
-78.482
-78.4793
-78.4767
-78.4741
-78.4716
-78.4692
-78.4669
-78.4646
-78.4624
-78.4602
-78.4582
-78.4562
-78.4542
-78.4524
-78.4506
-78.4488
-78.4471
-78.4455
-78.4439
-78.4424
-78.441
-78.4396
-78.4383
-78.437
-78.4358
-78.4346
-78.4335
-78.4324
-78.4314
-78.4304
-78.4295
-78.4286
-78.4278
-78.427
-78.4263
-78.4256
-78.425
-78.4243
-78.4238
-78.4233
-78.4228
-78.4223
-78.4219
-78.4215
-78.4212
-78.4209
-78.4206
-78.4204
-78.4202
-78.42
-78.4199
-78.4197
-78.4197
-78.4196
-78.4196
-78.4196
-78.4196
-78.4196
-78.4197
-78.4198
-78.4199
-78.4201
-78.4202
-78.4204
-78.4206
-78.4208
-78.4211
-78.4213
-78.4216
-78.4219
-78.4222
-78.4225
-78.4228
-78.4232
-78.4235
-78.4239
-78.4243
-78.4247
-78.4251
-78.4255
-78.426
-78.4264
-78.4269
-78.4273
-78.4278
-78.4283
-78.4287
-78.4292
-78.4297
-78.4302
-78.4307
-78.4312
-78.4318
-78.4323
-78.4328
-78.4333
-78.4339
-78.4344
-78.4349
-78.4355
-78.436
-78.4365
-78.4371
-78.4376
-78.4382
-78.4387
-78.4392
-78.4398
-78.4403
-78.4409
-78.4414
-78.4419
-78.4425
-78.443
-78.4435
-78.4441
-78.4446
-78.4451
-78.4456
-78.4461
-78.4467
-78.4472
-78.4477
-78.4482
-78.4487
-78.4492
-78.4497
-78.4502
-78.4506
-78.4511
-78.4516
-78.4521
-78.4525
-78.453
-78.4534
-78.4539
-78.4543
-78.4548
-78.4552
-78.4556
-78.4561
-78.4565
-78.4569
-78.4573
-78.4577
-78.4581
-78.4585
-78.4589
-78.4592
-78.4596
-78.46
-78.4603
-78.4607
-78.461
-78.4614
-78.4617
-78.4621
-78.4624
-78.4627
-78.463
-78.4633
-78.4636
-78.4639
-78.4642
-78.4645
-78.4648
-78.465
-78.4653
-78.4656
-78.4658
-78.4661
-78.4663
-78.4666
-78.4668
-78.467
-78.4673
-78.4675
-78.4677
-78.4679
-78.4681
-78.4683
-78.4685
-78.4687
-78.4689
-78.469
-78.4692
-78.4694
-78.4696
-78.4697
-78.4699
-78.47
-78.4702
-78.4703
-78.4704
-78.4706
-78.4707
-78.4708
-78.4709
-78.4711
-78.4712
-78.4713
-78.4714
-78.4715
-78.4716
-78.4717
-78.4718
-78.4719
-78.4719
-78.472
-78.4721
-78.4722
-78.4722
-78.4723
-78.4724
-78.4724
-78.4725
-78.4725
-78.4726
-78.4726
-78.4727
-78.4727
-78.4728
-78.4728
-78.4728
-78.4729
-78.4729
-78.4729
-78.4729
-78.473
-78.473
-78.473
-78.473
-78.473
-78.473
-78.4731
-78.4731
-78.4731
-78.4731
-78.4731
-78.4731
-78.4731
-78.4731
-78.4731
-78.4731
-78.4731
-78.4731
-78.473
-78.473
-78.473
-78.473
-78.473
-78.473
-78.473
-78.473
-78.4729
-78.4729
-78.4729
-78.4729
-78.4729
-78.4728
-78.4728
-78.4728
-78.4728
-78.4727
-78.4727
-78.4727
-78.4727
-78.4726
-78.4726
-78.4726
-78.4726
-78.4725
-78.4725
-78.4725
-78.4724
-78.4724
-78.4724
-78.4723
-78.4723
-78.4723
-78.4722
-78.4722
-78.4722
-78.4721
-78.4721
-78.4721
-78.4721
-78.472
-78.472
-78.472
-78.4719
-78.4719
-78.4719
-78.4718
-78.4718
-78.4718
-78.4717
-78.4717
-78.4717
-78.4716
-78.4716
-78.4716
-78.4715
-78.4715
-78.4715
-78.4714
-78.4714
-78.4714
-78.4714
-78.4713
-78.4713
-78.4713
-78.4712
-78.4712
-78.4712
-78.4712
-78.4711
-78.4711
-78.4711
-78.471
-78.471
-78.471
-78.471
-78.4709
-78.4709
-78.4709
-78.4709
-78.4708
-78.4708
-78.4708
-78.4708
-78.4708
-78.4707
-78.4707
-78.4707
-78.4707
-78.4706
-78.4706
-78.4706
-78.4706
-78.4706
-78.4705
-78.4705
-78.4705
-78.4705
-78.4705
-78.4705
-78.4704
-78.4704
-78.4704
-78.4704
-78.4704
-78.4704
-78.4703
-78.4703
-78.4703
-78.4703
-78.4703
-78.4703
-78.4703
-78.4703
-78.4702
-78.4702
-78.4702
-78.4702
-78.4702
-78.4702
-78.4702
-78.4702
-78.4702
-78.4701
-78.4701
-78.4701
-78.4701
-78.4701
-78.4701
-78.4701
-78.4701
-78.4701
-78.4701
-78.4701
-78.4701
-78.4701
-78.47
-78.47
-78.47
-78.47
-78.47
-78.47
-78.47
-78.47
-78.47
-78.47
-78.47
-78.47
-78.47
-78.47
-78.47
-78.47
-78.47
-78.47
-78.47
-78.47
-78.47
-78.47
-78.47
-78.47
-78.47
-78.47
-78.47
-78.47
-78.47
-78.47
-78.47
-78.47
-78.47
-78.47
-78.47
-78.47
-78.47
-78.47
-78.47
-78.47
-78.47
-78.47
-78.47
-78.47
-78.47
-78.47
-78.47
-78.47
-78.47
-78.47
-78.47
-78.47
-78.47
-78.47
-78.47
-78.47
-78.47
-78.47
-78.47
-78.47
-78.47
-78.47
-78.47
-78.47
-78.47
-78.47
-78.47
-78.47
-78.47
-78.47
-78.47
-78.47
-78.47
-78.47
-78.47
-78.47
-78.47
-78.47
-78.47
-78.47
-78.47
-78.47
-78.47
-78.47
-78.47
-78.4701
-78.4701
-78.4701
-78.4701
-78.4701
-78.4701
-78.4701
-78.4701
-78.4701
-78.4701
-78.4701
-78.4701
-78.4701
-78.4701
-78.4701
-78.4701
-78.4701
-78.4701
-78.4701
-78.4701
-78.4701
-78.4701
-78.4701
-78.4701
-78.4701
-78.4701
-78.4701
-78.4701
-78.4701
-78.4701
-78.4701
-78.4701
-78.4701
-78.4701
-78.4701
-78.4701
-78.4701
-78.4701
-78.4701
-78.4701
-78.4701
-78.4701
-78.4701
-78.4701
-78.4702
-78.4702
-78.4702
-78.4702
-78.4702
-78.4702
-78.4702
-78.4702
-78.4702
-78.4702
-78.4702
-78.4702
-78.4702
-78.4702
-78.4702
-78.4702
-78.4702
-78.4702
-78.4702
-78.4702
-78.4702
-78.4702
-78.4702
-78.4702
-78.4702
-78.4702
-78.4702
-78.4702
-78.4702
-78.4702
-78.4702
-78.4702
-78.4702
-78.4702
-78.4702
-78.4702
-78.4702
-78.4702
-78.4702
-78.4702
-78.4702
-78.4702
-78.4702
-78.4702
-78.4702
-78.4702
-78.4702
-78.4702
-78.4702
-78.4702
-78.4702
-78.4702
-78.4702
-78.4702
-78.4702
-78.4702
-78.4702
-78.4702
-78.4702
-78.4702
-78.4702
-78.4702
-78.4702
-78.4702
-78.4702
-78.4702
-78.4702
-78.4702
-78.4702
-78.4702
-78.4702
-78.4702
-78.4702
-78.4702
-78.4702
-78.4702
-78.4702
-78.4702
-78.4702
-78.4702
-78.4702
-78.4702
-78.4702
-78.4702
-78.4702
-78.4702
-78.4702
-78.4702
-78.4702
-78.4702
-78.4702
-78.4702
-78.4702
-78.4702
-78.4702
-78.4702
-78.4702
-78.4702
-78.4702
-78.4702
-78.4702
-78.4702
-78.4702
-78.4702
-78.4702
-78.4702
-78.4702
-78.4702
-78.4702
-78.4702
-78.4702
-78.4702
-78.4702
-78.4702
-78.4702
-78.4702
-78.4702
-78.4702
-78.4702
-78.4702
-78.4702
-78.4702
-78.4702
-78.4702
-78.4702
-78.4702
-78.4702
-78.4702
-78.4702
-78.4702
-78.4702
-78.4702
-78.4702
-78.4702
-78.4702
-78.4702
-78.4702
-78.4702
-78.4702
-78.4702
-78.4702
-78.4702
-78.4702
-78.4702
-78.4702
-78.4702
-78.4702
-78.4702
-78.4702
-78.4702
-78.4702
-78.4702
-78.4702
-78.4702
-78.4702
-78.4702
-78.4702
-78.4702
-78.4702
-78.4702
-78.4702
-78.4702
-78.4702
-78.4702
-78.4702
-78.4702
-78.4702
-78.4702
-78.4702
-78.4702
-78.4702
-78.4702
-78.4702
-78.4702
-78.4702
-78.4702
-78.4702
-78.4702
-78.4702
-78.4702
-78.4702
-78.4702
-78.4702
-78.4702
-78.4702
-78.4702
-78.4702
-78.4702
-78.4702
-78.4702
-78.4702
-78.4702
-78.4702
-78.4702
-78.4702
-78.4702
-78.4702
-78.4702
-78.4702
-78.4702
-78.4702
-78.4702
-78.4702
-78.4702
-78.4702
-78.4702
-78.4702
-78.4702
-78.4702
-78.4702
-78.4702
-78.4702
-78.4702
-78.4702
-78.4702
-78.4702
-78.4702
-78.4702
-78.4702
-78.4702
-78.4702
-78.4702
-78.4702

