0.000000	 -78.470234
0.050000	 -78.470234
0.100000	 -78.470234
0.150000	 -78.470234
0.200000	 -78.470234
0.250000	 -78.470234
0.300000	 -78.470234
0.350000	 -78.470234
0.400000	 -78.470234
0.450000	 -78.470234
0.500000	 -78.470234
0.550000	 -78.470234
0.600000	 -78.470234
0.650000	 -78.470234
0.700000	 -78.470234
0.750000	 -78.470234
0.800000	 -78.470234
0.850000	 -78.470234
0.900000	 -78.470234
0.950000	 -78.470234
1.000000	 -78.470234
1.050000	 -78.470234
1.100000	 -78.470234
1.150000	 -78.470234
1.200000	 -78.470234
1.250000	 -78.470234
1.300000	 -78.470234
1.350000	 -78.470234
1.400000	 -78.470234
1.450000	 -78.470234
1.500000	 -78.470234
1.550000	 -78.470234
1.600000	 -78.470234
1.650000	 -78.470234
1.700000	 -78.470234
1.750000	 -78.470234
1.800000	 -78.470234
1.850000	 -78.470234
1.900000	 -78.470234
1.950000	 -78.470234
2.000000	 -78.470234
2.050000	 -78.470234
2.100000	 -78.470234
2.150000	 -78.470234
2.200000	 -78.470234
2.250000	 -78.470234
2.300000	 -78.470234
2.350000	 -78.470234
2.400000	 -78.470234
2.450000	 -78.470234
2.500000	 -78.470234
2.550000	 -78.470234
2.600000	 -78.470234
2.650000	 -78.470234
2.700000	 -78.470234
2.750000	 -78.470234
2.800000	 -78.470234
2.850000	 -78.470234
2.900000	 -78.470234
2.950000	 -78.470234
3.000000	 -78.470234
3.050000	 -78.470234
3.100000	 -78.470234
3.150000	 -78.470234
3.200000	 -78.470235
3.250000	 -78.470235
3.300000	 -78.470235
3.350000	 -78.470235
3.400000	 -78.470235
3.450000	 -78.470235
3.500000	 -78.470235
3.550000	 -78.470235
3.600000	 -78.470235
3.650000	 -78.470235
3.700000	 -78.470235
3.750000	 -78.470235
3.800000	 -78.470235
3.850000	 -78.470235
3.900000	 -78.470235
3.950000	 -78.470235
4.000000	 -78.470235
4.050000	 -78.470235
4.100000	 -78.470235
4.150000	 -78.470235
4.200000	 -78.470235
4.250000	 -78.470235
4.300000	 -78.470235
4.350000	 -78.470235
4.400000	 -78.470235
4.450000	 -78.470235
4.500000	 -78.470235
4.550000	 -78.470235
4.600000	 -78.470235
4.650000	 -78.470235
4.700000	 -78.470235
4.750000	 -78.470235
4.800000	 -78.470235
4.850000	 -78.470235
4.900000	 -78.470235
4.950000	 -78.470235
5.000000	 -78.470235
5.050000	 -78.470235
5.100000	 -78.470235
5.150000	 -78.470234
5.200000	 -78.470233
5.250000	 -78.470229
5.300000	 -78.470223
5.350000	 -78.470211
5.400000	 -78.470192
5.450000	 -78.470163
5.500000	 -78.470121
5.550000	 -78.470064
5.600000	 -78.469989
5.650000	 -78.469893
5.700000	 -78.469773
5.750000	 -78.469627
5.800000	 -78.469453
5.850000	 -78.469248
5.900000	 -78.469010
5.950000	 -78.468738
6.000000	 -78.468430
6.050000	 -78.468085
6.100000	 -78.467701
6.150000	 -78.467278
6.200000	 -78.466815
6.250000	 -78.466311
6.300000	 -78.465766
6.350000	 -78.465180
6.400000	 -78.464552
6.450000	 -78.463882
6.500000	 -78.463172
6.550000	 -78.462420
6.600000	 -78.461628
6.650000	 -78.460795
6.700000	 -78.459923
6.750000	 -78.459012
6.800000	 -78.458063
6.850000	 -78.457076
6.900000	 -78.456053
6.950000	 -78.454994
7.000000	 -78.453900
7.050000	 -78.452772
7.100000	 -78.451612
7.150000	 -78.450420
7.200000	 -78.449198
7.250000	 -78.447945
7.300000	 -78.446664
7.350000	 -78.445356
7.400000	 -78.444022
7.450000	 -78.442662
7.500000	 -78.441278
7.550000	 -78.439871
7.600000	 -78.438443
7.650000	 -78.436993
7.700000	 -78.435524
7.750000	 -78.434036
7.800000	 -78.432531
7.850000	 -78.431009
7.900000	 -78.429472
7.950000	 -78.427920
8.000000	 -78.426355
8.050000	 -78.424777
8.100000	 -78.423188
8.150000	 -78.421589
8.200000	 -78.419980
8.250000	 -78.418362
8.300000	 -78.416737
8.350000	 -78.415105
8.400000	 -78.413467
8.450000	 -78.411823
8.500000	 -78.410176
8.550000	 -78.408525
8.600000	 -78.406871
8.650000	 -78.405215
8.700000	 -78.403558
8.750000	 -78.401901
8.800000	 -78.400244
8.850000	 -78.398587
8.900000	 -78.396932
8.950000	 -78.395279
9.000000	 -78.393630
9.050000	 -78.391983
9.100000	 -78.390340
9.150000	 -78.388702
9.200000	 -78.387069
9.250000	 -78.385442
9.300000	 -78.383820
9.350000	 -78.382206
9.400000	 -78.380598
9.450000	 -78.378998
9.500000	 -78.377406
9.550000	 -78.375822
9.600000	 -78.374247
9.650000	 -78.372681
9.700000	 -78.371124
9.750000	 -78.369578
9.800000	 -78.368042
9.850000	 -78.366516
9.900000	 -78.365001
9.950000	 -78.363498
10.000000	 -78.362005
10.050000	 -78.360525
10.100000	 -78.359057
10.150000	 -78.357600
10.200000	 -78.356157
10.250000	 -78.354726
10.300000	 -78.353308
10.350000	 -78.351903
10.400000	 -78.350511
10.450000	 -78.349133
10.500000	 -78.347768
10.550000	 -78.346417
10.600000	 -78.345080
10.650000	 -78.343757
10.700000	 -78.342449
10.750000	 -78.341154
10.800000	 -78.339874
10.850000	 -78.338609
10.900000	 -78.337358
10.950000	 -78.336121
11.000000	 -78.334900
11.050000	 -78.333693
11.100000	 -78.332501
11.150000	 -78.331324
11.200000	 -78.330161
11.250000	 -78.329014
11.300000	 -78.327882
11.350000	 -78.326764
11.400000	 -78.325662
11.450000	 -78.324575
11.500000	 -78.323502
11.550000	 -78.322445
11.600000	 -78.321403
11.650000	 -78.320375
11.700000	 -78.319363
11.750000	 -78.318365
11.800000	 -78.317383
11.850000	 -78.316415
11.900000	 -78.315462
11.950000	 -78.314524
12.000000	 -78.313600
12.050000	 -78.312691
12.100000	 -78.311797
12.150000	 -78.310917
12.200000	 -78.310051
12.250000	 -78.309200
12.300000	 -78.308364
12.350000	 -78.307541
12.400000	 -78.306733
12.450000	 -78.305938
12.500000	 -78.305158
12.550000	 -78.304392
12.600000	 -78.303639
12.650000	 -78.302900
12.700000	 -78.302175
12.750000	 -78.301463
12.800000	 -78.300764
12.850000	 -78.300079
12.900000	 -78.299407
12.950000	 -78.298748
13.000000	 -78.298102
13.050000	 -78.297469
13.100000	 -78.296849
13.150000	 -78.296241
13.200000	 -78.295646
13.250000	 -78.295063
13.300000	 -78.294493
13.350000	 -78.293935
13.400000	 -78.293389
13.450000	 -78.292854
13.500000	 -78.292332
13.550000	 -78.291821
13.600000	 -78.291322
13.650000	 -78.290835
13.700000	 -78.290359
13.750000	 -78.289894
13.800000	 -78.289440
13.850000	 -78.288997
13.900000	 -78.288565
13.950000	 -78.288144
14.000000	 -78.287733
14.050000	 -78.287333
14.100000	 -78.286943
14.150000	 -78.286564
14.200000	 -78.286194
14.250000	 -78.285835
14.300000	 -78.285486
14.350000	 -78.285146
14.400000	 -78.284816
14.450000	 -78.284495
14.500000	 -78.284184
14.550000	 -78.283882
14.600000	 -78.283590
14.650000	 -78.283306
14.700000	 -78.283032
14.750000	 -78.282766
14.800000	 -78.282508
14.850000	 -78.282260
14.900000	 -78.282020
14.950000	 -78.281788
15.000000	 -78.281564
15.050000	 -78.281349
15.100000	 -78.281142
15.150000	 -78.280942
15.200000	 -78.280750
15.250000	 -78.280566
15.300000	 -78.280390
15.350000	 -78.280221
15.400000	 -78.280059
15.450000	 -78.279905
15.500000	 -78.279757
15.550000	 -78.279617
15.600000	 -78.279484
15.650000	 -78.279357
15.700000	 -78.279237
15.750000	 -78.279124
15.800000	 -78.279017
15.850000	 -78.278917
15.900000	 -78.278823
15.950000	 -78.278735
16.000000	 -78.278653
16.050000	 -78.278578
16.100000	 -78.278508
16.150000	 -78.278444
16.200000	 -78.278386
16.250000	 -78.278333
16.300000	 -78.278286
16.350000	 -78.278245
16.400000	 -78.278209
16.450000	 -78.278178
16.500000	 -78.278152
16.550000	 -78.278132
16.600000	 -78.278117
16.650000	 -78.278106
16.700000	 -78.278100
16.750000	 -78.278100
16.800000	 -78.278103
16.850000	 -78.278112
16.900000	 -78.278125
16.950000	 -78.278143
17.000000	 -78.278164
17.050000	 -78.278191
17.100000	 -78.278221
17.150000	 -78.278256
17.200000	 -78.278295
17.250000	 -78.278337
17.300000	 -78.278384
17.350000	 -78.278435
17.400000	 -78.278489
17.450000	 -78.278547
17.500000	 -78.278609
17.550000	 -78.278675
17.600000	 -78.278744
17.650000	 -78.278816
17.700000	 -78.278892
17.750000	 -78.278972
17.800000	 -78.279054
17.850000	 -78.279140
17.900000	 -78.279229
17.950000	 -78.279322
18.000000	 -78.279417
18.050000	 -78.279515
18.100000	 -78.279616
18.150000	 -78.279720
18.200000	 -78.279827
18.250000	 -78.279937
18.300000	 -78.280050
18.350000	 -78.280165
18.400000	 -78.280283
18.450000	 -78.280403
18.500000	 -78.280526
18.550000	 -78.280651
18.600000	 -78.280779
18.650000	 -78.280910
18.700000	 -78.281042
18.750000	 -78.281177
18.800000	 -78.281314
18.850000	 -78.281454
18.900000	 -78.281595
18.950000	 -78.281739
19.000000	 -78.281885
19.050000	 -78.282032
19.100000	 -78.282182
19.150000	 -78.282334
19.200000	 -78.282488
19.250000	 -78.282643
19.300000	 -78.282801
19.350000	 -78.282960
19.400000	 -78.283121
19.450000	 -78.283284
19.500000	 -78.283448
19.550000	 -78.283615
19.600000	 -78.283782
19.650000	 -78.283952
19.700000	 -78.284123
19.750000	 -78.284295
19.800000	 -78.284469
19.850000	 -78.284645
19.900000	 -78.284822
19.950000	 -78.285000
20.000000	 -78.285180
20.050000	 -78.285361
20.100000	 -78.285543
20.150000	 -78.285727
20.200000	 -78.285912
20.250000	 -78.286098
20.300000	 -78.286286
20.350000	 -78.286474
20.400000	 -78.286664
20.450000	 -78.286855
20.500000	 -78.287047
20.550000	 -78.287240
20.600000	 -78.287435
20.650000	 -78.287630
20.700000	 -78.287826
20.750000	 -78.288024
20.800000	 -78.288222
20.850000	 -78.288421
20.900000	 -78.288622
20.950000	 -78.288823
21.000000	 -78.289025
21.050000	 -78.289228
21.100000	 -78.289431
21.150000	 -78.289636
21.200000	 -78.289842
21.250000	 -78.290048
21.300000	 -78.290255
21.350000	 -78.290463
21.400000	 -78.290671
21.450000	 -78.290881
21.500000	 -78.291091
21.550000	 -78.291302
21.600000	 -78.291513
21.650000	 -78.291725
21.700000	 -78.291938
21.750000	 -78.292151
21.800000	 -78.292366
21.850000	 -78.292580
21.900000	 -78.292796
21.950000	 -78.293011
22.000000	 -78.293228
22.050000	 -78.293445
22.100000	 -78.293662
22.150000	 -78.293881
22.200000	 -78.294099
22.250000	 -78.294318
22.300000	 -78.294538
22.350000	 -78.294758
22.400000	 -78.294979
22.450000	 -78.295200
22.500000	 -78.295421
22.550000	 -78.295643
22.600000	 -78.295866
22.650000	 -78.296088
22.700000	 -78.296312
22.750000	 -78.296535
22.800000	 -78.296759
22.850000	 -78.296984
22.900000	 -78.297209
22.950000	 -78.297434
23.000000	 -78.297659
23.050000	 -78.297885
23.100000	 -78.298112
23.150000	 -78.298338
23.200000	 -78.298565
23.250000	 -78.298792
23.300000	 -78.299020
23.350000	 -78.299248
23.400000	 -78.299476
23.450000	 -78.299704
23.500000	 -78.299933
23.550000	 -78.300162
23.600000	 -78.300391
23.650000	 -78.300621
23.700000	 -78.300850
23.750000	 -78.301080
23.800000	 -78.301311
23.850000	 -78.301541
23.900000	 -78.301772
23.950000	 -78.302003
24.000000	 -78.302234
24.050000	 -78.302465
24.100000	 -78.302697
24.150000	 -78.302929
24.200000	 -78.303161
24.250000	 -78.303393
24.300000	 -78.303625
24.350000	 -78.303858
24.400000	 -78.304091
24.450000	 -78.304324
24.500000	 -78.304557
24.550000	 -78.304790
24.600000	 -78.305023
24.650000	 -78.305257
24.700000	 -78.305491
24.750000	 -78.305725
24.800000	 -78.305959
24.850000	 -78.306193
24.900000	 -78.306427
24.950000	 -78.306662
25.000000	 -78.306896
25.050000	 -78.307131
25.100000	 -78.307366
25.150000	 -78.307601
25.200000	 -78.307836
25.250000	 -78.308071
25.300000	 -78.308306
25.350000	 -78.308542
25.400000	 -78.308778
25.450000	 -78.309013
25.500000	 -78.309249
25.550000	 -78.309486
25.600000	 -78.309722
25.650000	 -78.309958
25.700000	 -78.310195
25.750000	 -78.310432
25.800000	 -78.310669
25.850000	 -78.310906
25.900000	 -78.311143
25.950000	 -78.311380
26.000000	 -78.311617
26.050000	 -78.311855
26.100000	 -78.312092
26.150000	 -78.312330
26.200000	 -78.312568
26.250000	 -78.312806
26.300000	 -78.313044
26.350000	 -78.313282
26.400000	 -78.313520
26.450000	 -78.313758
26.500000	 -78.313997
26.550000	 -78.314235
26.600000	 -78.314474
26.650000	 -78.314712
26.700000	 -78.314951
26.750000	 -78.315189
26.800000	 -78.315428
26.850000	 -78.315667
26.900000	 -78.315905
26.950000	 -78.316144
27.000000	 -78.316383
27.050000	 -78.316622
27.100000	 -78.316861
27.150000	 -78.317100
27.200000	 -78.317339
27.250000	 -78.317578
27.300000	 -78.317817
27.350000	 -78.318056
27.400000	 -78.318295
27.450000	 -78.318534
27.500000	 -78.318773
27.550000	 -78.319012
27.600000	 -78.319252
27.650000	 -78.319491
27.700000	 -78.319730
27.750000	 -78.319969
27.800000	 -78.320208
27.850000	 -78.320447
27.900000	 -78.320687
27.950000	 -78.320926
28.000000	 -78.321165
28.050000	 -78.321404
28.100000	 -78.321643
28.150000	 -78.321883
28.200000	 -78.322122
28.250000	 -78.322361
28.300000	 -78.322600
28.350000	 -78.322839
28.400000	 -78.323079
28.450000	 -78.323318
28.500000	 -78.323557
28.550000	 -78.323796
28.600000	 -78.324035
28.650000	 -78.324274
28.700000	 -78.324513
28.750000	 -78.324753
28.800000	 -78.324992
28.850000	 -78.325231
28.900000	 -78.325470
28.950000	 -78.325709
29.000000	 -78.325948
29.050000	 -78.326187
29.100000	 -78.326426
29.150000	 -78.326665
29.200000	 -78.326904
29.250000	 -78.327143
29.300000	 -78.327382
29.350000	 -78.327620
29.400000	 -78.327859
29.450000	 -78.328098
29.500000	 -78.328337
29.550000	 -78.328576
29.600000	 -78.328815
29.650000	 -78.329053
29.700000	 -78.329292
29.750000	 -78.329531
29.800000	 -78.329769
29.850000	 -78.330008
29.900000	 -78.330247
29.950000	 -78.330485
30.000000	 -78.330724
30.050000	 -78.330962
30.100000	 -78.331201
30.150000	 -78.331439
30.200000	 -78.331678
30.250000	 -78.331916
30.300000	 -78.332155
30.350000	 -78.332393
30.400000	 -78.332631
30.450000	 -78.332869
30.500000	 -78.333108
30.550000	 -78.333346
30.600000	 -78.333584
30.650000	 -78.333822
30.700000	 -78.334060
30.750000	 -78.334298
30.800000	 -78.334536
30.850000	 -78.334775
30.900000	 -78.335012
30.950000	 -78.335250
31.000000	 -78.335488
31.050000	 -78.335726
31.100000	 -78.335964
31.150000	 -78.336202
31.200000	 -78.336440
31.250000	 -78.336677
31.300000	 -78.336915
31.350000	 -78.337152
31.400000	 -78.337390
31.450000	 -78.337628
31.500000	 -78.337865
31.550000	 -78.338103
31.600000	 -78.338340
31.650000	 -78.338577
31.700000	 -78.338815
31.750000	 -78.339052
31.800000	 -78.339289
31.850000	 -78.339526
31.900000	 -78.339764
31.950000	 -78.340001
32.000000	 -78.340238
32.050000	 -78.340475
32.100000	 -78.340712
32.150000	 -78.340949
32.200000	 -78.341185
32.250000	 -78.341422
32.300000	 -78.341659
32.350000	 -78.341896
32.400000	 -78.342132
32.450000	 -78.342369
32.500000	 -78.342606
32.550000	 -78.342842
32.600000	 -78.343079
32.650000	 -78.343315
32.700000	 -78.343551
32.750000	 -78.343788
32.800000	 -78.344024
32.850000	 -78.344260
32.900000	 -78.344496
32.950000	 -78.344732
33.000000	 -78.344968
33.050000	 -78.345204
33.100000	 -78.345440
33.150000	 -78.345676
33.200000	 -78.345912
33.250000	 -78.346147
33.300000	 -78.346383
33.350000	 -78.346619
33.400000	 -78.346854
33.450000	 -78.347090
33.500000	 -78.347325
33.550000	 -78.347561
33.600000	 -78.347796
33.650000	 -78.348031
33.700000	 -78.348266
33.750000	 -78.348501
33.800000	 -78.348736
33.850000	 -78.348971
33.900000	 -78.349206
33.950000	 -78.349441
34.000000	 -78.349676
34.050000	 -78.349911
34.100000	 -78.350145
34.150000	 -78.350380
34.200000	 -78.350614
34.250000	 -78.350849
34.300000	 -78.351083
34.350000	 -78.351318
34.400000	 -78.351552
34.450000	 -78.351786
34.500000	 -78.352020
34.550000	 -78.352254
34.600000	 -78.352488
34.650000	 -78.352722
34.700000	 -78.352956
34.750000	 -78.353189
34.800000	 -78.353423
34.850000	 -78.353656
34.900000	 -78.353890
34.950000	 -78.354123
35.000000	 -78.354357
35.050000	 -78.354590
35.100000	 -78.354823
35.150000	 -78.355056
35.200000	 -78.355289
35.250000	 -78.355522
35.300000	 -78.355755
35.350000	 -78.355988
35.400000	 -78.356220
35.450000	 -78.356453
35.500000	 -78.356685
35.550000	 -78.356918
35.600000	 -78.357150
35.650000	 -78.357382
35.700000	 -78.357614
35.750000	 -78.357846
35.800000	 -78.358078
35.850000	 -78.358310
35.900000	 -78.358542
35.950000	 -78.358774
36.000000	 -78.359005
36.050000	 -78.359237
36.100000	 -78.359468
36.150000	 -78.359700
36.200000	 -78.359931
36.250000	 -78.360162
36.300000	 -78.360393
36.350000	 -78.360624
36.400000	 -78.360855
36.450000	 -78.361086
36.500000	 -78.361316
36.550000	 -78.361547
36.600000	 -78.361777
36.650000	 -78.362008
36.700000	 -78.362238
36.750000	 -78.362468
36.800000	 -78.362698
36.850000	 -78.362928
36.900000	 -78.363158
36.950000	 -78.363388
37.000000	 -78.363617
37.050000	 -78.363847
37.100000	 -78.364076
37.150000	 -78.364306
37.200000	 -78.364535
37.250000	 -78.364764
37.300000	 -78.364993
37.350000	 -78.365222
37.400000	 -78.365451
37.450000	 -78.365680
37.500000	 -78.365908
37.550000	 -78.366137
37.600000	 -78.366365
37.650000	 -78.366593
37.700000	 -78.366821
37.750000	 -78.367049
37.800000	 -78.367277
37.850000	 -78.367505
37.900000	 -78.367733
37.950000	 -78.367960
38.000000	 -78.368188
38.050000	 -78.368415
38.100000	 -78.368642
38.150000	 -78.368869
38.200000	 -78.369096
38.250000	 -78.369323
38.300000	 -78.369550
38.350000	 -78.369776
38.400000	 -78.370003
38.450000	 -78.370229
38.500000	 -78.370456
38.550000	 -78.370682
38.600000	 -78.370908
38.650000	 -78.371134
38.700000	 -78.371359
38.750000	 -78.371585
38.800000	 -78.371810
38.850000	 -78.372036
38.900000	 -78.372261
38.950000	 -78.372486
39.000000	 -78.372711
39.050000	 -78.372936
39.100000	 -78.373161
39.150000	 -78.373385
39.200000	 -78.373610
39.250000	 -78.373834
39.300000	 -78.374058
39.350000	 -78.374282
39.400000	 -78.374506
39.450000	 -78.374730
39.500000	 -78.374954
39.550000	 -78.375177
39.600000	 -78.375400
39.650000	 -78.375624
39.700000	 -78.375847
39.750000	 -78.376070
39.800000	 -78.376293
39.850000	 -78.376515
39.900000	 -78.376738
39.950000	 -78.376960
40.000000	 -78.377182
40.050000	 -78.377404
40.100000	 -78.377626
40.150000	 -78.377848
40.200000	 -78.378070
40.250000	 -78.378292
40.300000	 -78.378513
40.350000	 -78.378734
40.400000	 -78.378955
40.450000	 -78.379176
40.500000	 -78.379397
40.550000	 -78.379618
40.600000	 -78.379838
40.650000	 -78.380058
40.700000	 -78.380279
40.750000	 -78.380499
40.800000	 -78.380719
40.850000	 -78.380938
40.900000	 -78.381158
40.950000	 -78.381377
41.000000	 -78.381597
41.050000	 -78.381816
41.100000	 -78.382035
41.150000	 -78.382254
41.200000	 -78.382472
41.250000	 -78.382691
41.300000	 -78.382909
41.350000	 -78.383127
41.400000	 -78.383345
41.450000	 -78.383563
41.500000	 -78.383781
41.550000	 -78.383999
41.600000	 -78.384216
41.650000	 -78.384433
41.700000	 -78.384650
41.750000	 -78.384867
41.800000	 -78.385084
41.850000	 -78.385301
41.900000	 -78.385517
41.950000	 -78.385733
42.000000	 -78.385949
42.050000	 -78.386165
42.100000	 -78.386381
42.150000	 -78.386597
42.200000	 -78.386812
42.250000	 -78.387027
42.300000	 -78.387242
42.350000	 -78.387457
42.400000	 -78.387672
42.450000	 -78.387886
42.500000	 -78.388101
42.550000	 -78.388315
42.600000	 -78.388529
42.650000	 -78.388743
42.700000	 -78.388957
42.750000	 -78.389170
42.800000	 -78.389384
42.850000	 -78.389597
42.900000	 -78.389810
42.950000	 -78.390023
43.000000	 -78.390235
43.050000	 -78.390448
43.100000	 -78.390660
43.150000	 -78.390872
43.200000	 -78.391084
43.250000	 -78.391296
43.300000	 -78.391508
43.350000	 -78.391719
43.400000	 -78.391930
43.450000	 -78.392141
43.500000	 -78.392352
43.550000	 -78.392563
43.600000	 -78.392773
43.650000	 -78.392984
43.700000	 -78.393194
43.750000	 -78.393404
43.800000	 -78.393613
43.850000	 -78.393823
43.900000	 -78.394032
43.950000	 -78.394242
44.000000	 -78.394451
44.050000	 -78.394659
44.100000	 -78.394868
44.150000	 -78.395076
44.200000	 -78.395285
44.250000	 -78.395493
44.300000	 -78.395701
44.350000	 -78.395908
44.400000	 -78.396116
44.450000	 -78.396323
44.500000	 -78.396530
44.550000	 -78.396737
44.600000	 -78.396944
44.650000	 -78.397150
44.700000	 -78.397357
44.750000	 -78.397563
44.800000	 -78.397769
44.850000	 -78.397975
44.900000	 -78.398180
44.950000	 -78.398386
45.000000	 -78.398591
45.050000	 -78.398796
45.100000	 -78.399001
45.150000	 -78.399205
45.200000	 -78.399410
45.250000	 -78.399614
45.300000	 -78.399818
45.350000	 -78.400021
45.400000	 -78.400225
45.450000	 -78.400428
45.500000	 -78.400632
45.550000	 -78.400835
45.600000	 -78.401037
45.650000	 -78.401240
45.700000	 -78.401442
45.750000	 -78.401644
45.800000	 -78.401846
45.850000	 -78.402048
45.900000	 -78.402250
45.950000	 -78.402451
46.000000	 -78.402652
46.050000	 -78.402853
46.100000	 -78.403054
46.150000	 -78.403254
46.200000	 -78.403455
46.250000	 -78.403655
46.300000	 -78.403855
46.350000	 -78.404054
46.400000	 -78.404254
46.450000	 -78.404453
46.500000	 -78.404652
46.550000	 -78.404851
46.600000	 -78.405050
46.650000	 -78.405248
46.700000	 -78.405446
46.750000	 -78.405644
46.800000	 -78.405842
46.850000	 -78.406040
46.900000	 -78.406237
46.950000	 -78.406434
47.000000	 -78.406631
47.050000	 -78.406828
47.100000	 -78.407024
47.150000	 -78.407221
47.200000	 -78.407417
47.250000	 -78.407613
47.300000	 -78.407808
47.350000	 -78.408004
47.400000	 -78.408199
47.450000	 -78.408394
47.500000	 -78.408589
47.550000	 -78.408783
47.600000	 -78.408978
47.650000	 -78.409172
47.700000	 -78.409366
47.750000	 -78.409559
47.800000	 -78.409753
47.850000	 -78.409946
47.900000	 -78.410139
47.950000	 -78.410332
48.000000	 -78.410525
48.050000	 -78.410717
48.100000	 -78.410909
48.150000	 -78.411101
48.200000	 -78.411293
48.250000	 -78.411484
48.300000	 -78.411675
48.350000	 -78.411866
48.400000	 -78.412057
48.450000	 -78.412248
48.500000	 -78.412438
48.550000	 -78.412628
48.600000	 -78.412818
48.650000	 -78.413008
48.700000	 -78.413197
48.750000	 -78.413387
48.800000	 -78.413576
48.850000	 -78.413764
48.900000	 -78.413953
48.950000	 -78.414141
49.000000	 -78.414329
49.050000	 -78.414517
49.100000	 -78.414705
49.150000	 -78.414892
49.200000	 -78.415079
49.250000	 -78.415266
49.300000	 -78.415453
49.350000	 -78.415639
49.400000	 -78.415826
49.450000	 -78.416012
49.500000	 -78.416198
49.550000	 -78.416383
49.600000	 -78.416568
49.650000	 -78.416754
49.700000	 -78.416938
49.750000	 -78.417123
49.800000	 -78.417307
49.850000	 -78.417492
49.900000	 -78.417676
49.950000	 -78.417859
50.000000	 -78.418043
50.050000	 -78.418226
50.100000	 -78.418409
50.150000	 -78.418592
50.200000	 -78.418774
50.250000	 -78.418956
50.300000	 -78.419139
50.350000	 -78.419320
50.400000	 -78.419502
50.450000	 -78.419683
50.500000	 -78.419864
50.550000	 -78.420045
50.600000	 -78.420226
50.650000	 -78.420406
50.700000	 -78.420586
50.750000	 -78.420766
50.800000	 -78.420946
50.850000	 -78.421125
50.900000	 -78.421305
50.950000	 -78.421484
51.000000	 -78.421662
51.050000	 -78.421841
51.100000	 -78.422019
51.150000	 -78.422197
51.200000	 -78.422375
51.250000	 -78.422552
51.300000	 -78.422730
51.350000	 -78.422907
51.400000	 -78.423083
51.450000	 -78.423260
51.500000	 -78.423436
51.550000	 -78.423612
51.600000	 -78.423788
51.650000	 -78.423964
51.700000	 -78.424139
51.750000	 -78.424314
51.800000	 -78.424489
51.850000	 -78.424664
51.900000	 -78.424838
51.950000	 -78.425012
52.000000	 -78.425186
52.050000	 -78.425360
52.100000	 -78.425533
52.150000	 -78.425706
52.200000	 -78.425879
52.250000	 -78.426052
52.300000	 -78.426224
52.350000	 -78.426397
52.400000	 -78.426569
52.450000	 -78.426740
52.500000	 -78.426912
52.550000	 -78.427083
52.600000	 -78.427254
52.650000	 -78.427425
52.700000	 -78.427595
52.750000	 -78.427765
52.800000	 -78.427935
52.850000	 -78.428105
52.900000	 -78.428274
52.950000	 -78.428444
53.000000	 -78.428613
53.050000	 -78.428781
53.100000	 -78.428950
53.150000	 -78.429118
53.200000	 -78.429286
53.250000	 -78.429454
53.300000	 -78.429621
53.350000	 -78.429788
53.400000	 -78.429955
53.450000	 -78.430122
53.500000	 -78.430289
53.550000	 -78.430455
53.600000	 -78.430621
53.650000	 -78.430787
53.700000	 -78.430952
53.750000	 -78.431117
53.800000	 -78.431282
53.850000	 -78.431447
53.900000	 -78.431611
53.950000	 -78.431776
54.000000	 -78.431940
54.050000	 -78.432103
54.100000	 -78.432267
54.150000	 -78.432430
54.200000	 -78.432593
54.250000	 -78.432756
54.300000	 -78.432918
54.350000	 -78.433081
54.400000	 -78.433243
54.450000	 -78.433404
54.500000	 -78.433566
54.550000	 -78.433727
54.600000	 -78.433888
54.650000	 -78.434049
54.700000	 -78.434209
54.750000	 -78.434369
54.800000	 -78.434529
54.850000	 -78.434689
54.900000	 -78.434848
54.950000	 -78.435008
55.000000	 -78.435166
55.050000	 -78.435325
55.100000	 -78.435484
55.150000	 -78.435642
55.200000	 -78.435800
55.250000	 -78.435957
55.300000	 -78.436115
55.350000	 -78.436272
55.400000	 -78.436429
55.450000	 -78.436586
55.500000	 -78.436742
55.550000	 -78.436898
55.600000	 -78.437054
55.650000	 -78.437210
55.700000	 -78.437365
55.750000	 -78.437520
55.800000	 -78.437675
55.850000	 -78.437830
55.900000	 -78.437984
55.950000	 -78.438138
56.000000	 -78.438292
56.050000	 -78.438446
56.100000	 -78.438599
56.150000	 -78.438752
56.200000	 -78.438905
56.250000	 -78.439057
56.300000	 -78.439210
56.350000	 -78.439362
56.400000	 -78.439514
56.450000	 -78.439665
56.500000	 -78.439816
56.550000	 -78.439967
56.600000	 -78.440118
56.650000	 -78.440269
56.700000	 -78.440419
56.750000	 -78.440569
56.800000	 -78.440719
56.850000	 -78.440868
56.900000	 -78.441018
56.950000	 -78.441167
57.000000	 -78.441315
57.050000	 -78.441464
57.100000	 -78.441612
57.150000	 -78.441760
57.200000	 -78.441908
57.250000	 -78.442055
57.300000	 -78.442202
57.350000	 -78.442349
57.400000	 -78.442496
57.450000	 -78.442642
57.500000	 -78.442788
57.550000	 -78.442934
57.600000	 -78.443080
57.650000	 -78.443225
57.700000	 -78.443371
57.750000	 -78.443515
57.800000	 -78.443660
57.850000	 -78.443804
57.900000	 -78.443949
57.950000	 -78.444092
58.000000	 -78.444236
58.050000	 -78.444379
58.100000	 -78.444522
58.150000	 -78.444665
58.200000	 -78.444808
58.250000	 -78.444950
58.300000	 -78.445092
58.350000	 -78.445234
58.400000	 -78.445375
58.450000	 -78.445517
58.500000	 -78.445658
58.550000	 -78.445799
58.600000	 -78.445939
58.650000	 -78.446079
58.700000	 -78.446219
58.750000	 -78.446359
58.800000	 -78.446498
58.850000	 -78.446638
58.900000	 -78.446777
58.950000	 -78.446915
59.000000	 -78.447054
59.050000	 -78.447192
59.100000	 -78.447330
59.150000	 -78.447468
59.200000	 -78.447605
59.250000	 -78.447742
59.300000	 -78.447879
59.350000	 -78.448016
59.400000	 -78.448152
59.450000	 -78.448288
59.500000	 -78.448424
59.550000	 -78.448560
59.600000	 -78.448695
59.650000	 -78.448830
59.700000	 -78.448965
59.750000	 -78.449100
59.800000	 -78.449234
59.850000	 -78.449368
59.900000	 -78.449502
59.950000	 -78.449635
60.000000	 -78.449769
60.050000	 -78.449902
60.100000	 -78.450035
60.150000	 -78.450167
60.200000	 -78.450299
60.250000	 -78.450431
60.300000	 -78.450563
60.350000	 -78.450695
60.400000	 -78.450826
60.450000	 -78.450957
60.500000	 -78.451088
60.550000	 -78.451218
60.600000	 -78.451348
60.650000	 -78.451478
60.700000	 -78.451608
60.750000	 -78.451737
60.800000	 -78.451867
60.850000	 -78.451996
60.900000	 -78.452124
60.950000	 -78.452253
61.000000	 -78.452381
61.050000	 -78.452509
61.100000	 -78.452636
61.150000	 -78.452764
61.200000	 -78.452891
61.250000	 -78.453018
61.300000	 -78.453144
61.350000	 -78.453271
61.400000	 -78.453397
61.450000	 -78.453523
61.500000	 -78.453648
61.550000	 -78.453774
61.600000	 -78.453899
61.650000	 -78.454024
61.700000	 -78.454148
61.750000	 -78.454273
61.800000	 -78.454397
61.850000	 -78.454521
61.900000	 -78.454644
61.950000	 -78.454767
62.000000	 -78.454891
62.050000	 -78.455013
62.100000	 -78.455136
62.150000	 -78.455258
62.200000	 -78.455380
62.250000	 -78.455502
62.300000	 -78.455624
62.350000	 -78.455745
62.400000	 -78.455866
62.450000	 -78.455987
62.500000	 -78.456107
62.550000	 -78.456227
62.600000	 -78.456347
62.650000	 -78.456467
62.700000	 -78.456587
62.750000	 -78.456706
62.800000	 -78.456825
62.850000	 -78.456944
62.900000	 -78.457062
62.950000	 -78.457180
63.000000	 -78.457298
63.050000	 -78.457416
63.100000	 -78.457534
63.150000	 -78.457651
63.200000	 -78.457768
63.250000	 -78.457885
63.300000	 -78.458001
63.350000	 -78.458117
63.400000	 -78.458233
63.450000	 -78.458349
63.500000	 -78.458464
63.550000	 -78.458580
63.600000	 -78.458695
63.650000	 -78.458809
63.700000	 -78.458924
63.750000	 -78.459038
63.800000	 -78.459152
63.850000	 -78.459266
63.900000	 -78.459379
63.950000	 -78.459492
64.000000	 -78.459605
64.050000	 -78.459718
64.100000	 -78.459830
64.150000	 -78.459942
64.200000	 -78.460054
64.250000	 -78.460166
64.300000	 -78.460278
64.350000	 -78.460389
64.400000	 -78.460500
64.450000	 -78.460610
64.500000	 -78.460721
64.550000	 -78.460831
64.600000	 -78.460941
64.650000	 -78.461051
64.700000	 -78.461160
64.750000	 -78.461269
64.800000	 -78.461378
64.850000	 -78.461487
64.900000	 -78.461595
64.950000	 -78.461704
65.000000	 -78.461812
65.050000	 -78.461919
65.100000	 -78.462027
65.150000	 -78.462134
65.200000	 -78.462241
65.250000	 -78.462348
65.300000	 -78.462454
65.350000	 -78.462560
65.400000	 -78.462666
65.450000	 -78.462772
65.500000	 -78.462878
65.550000	 -78.462983
65.600000	 -78.463088
65.650000	 -78.463193
65.700000	 -78.463297
65.750000	 -78.463401
65.800000	 -78.463505
65.850000	 -78.463609
65.900000	 -78.463713
65.950000	 -78.463816
66.000000	 -78.463919
66.050000	 -78.464022
66.100000	 -78.464124
66.150000	 -78.464226
66.200000	 -78.464328
66.250000	 -78.464430
66.300000	 -78.464532
66.350000	 -78.464633
66.400000	 -78.464734
66.450000	 -78.464835
66.500000	 -78.464936
66.550000	 -78.465036
66.600000	 -78.465136
66.650000	 -78.465236
66.700000	 -78.465336
66.750000	 -78.465435
66.800000	 -78.465534
66.850000	 -78.465633
66.900000	 -78.465732
66.950000	 -78.465830
67.000000	 -78.465928
67.050000	 -78.466026
67.100000	 -78.466124
67.150000	 -78.466221
67.200000	 -78.466318
67.250000	 -78.466415
67.300000	 -78.466512
67.350000	 -78.466608
67.400000	 -78.466705
67.450000	 -78.466801
67.500000	 -78.466896
67.550000	 -78.466992
67.600000	 -78.467087
67.650000	 -78.467182
67.700000	 -78.467277
67.750000	 -78.467371
67.800000	 -78.467466
67.850000	 -78.467560
67.900000	 -78.467654
67.950000	 -78.467747
68.000000	 -78.467841
68.050000	 -78.467934
68.100000	 -78.468026
68.150000	 -78.468119
68.200000	 -78.468212
68.250000	 -78.468304
68.300000	 -78.468396
68.350000	 -78.468487
68.400000	 -78.468579
68.450000	 -78.468670
68.500000	 -78.468761
68.550000	 -78.468852
68.600000	 -78.468942
68.650000	 -78.469032
68.700000	 -78.469122
68.750000	 -78.469212
68.800000	 -78.469302
68.850000	 -78.469391
68.900000	 -78.469480
68.950000	 -78.469569
69.000000	 -78.469658
69.050000	 -78.469746
69.100000	 -78.469834
69.150000	 -78.469922
69.200000	 -78.470010
69.250000	 -78.470097
69.300000	 -78.470184
69.350000	 -78.470271
69.400000	 -78.470358
69.450000	 -78.470445
69.500000	 -78.470531
69.550000	 -78.470617
69.600000	 -78.470703
69.650000	 -78.470788
69.700000	 -78.470874
69.750000	 -78.470959
69.800000	 -78.471044
69.850000	 -78.471129
69.900000	 -78.471213
69.950000	 -78.471297
70.000000	 -78.471381
70.050000	 -78.471465
70.100000	 -78.471548
70.150000	 -78.471632
70.200000	 -78.471715
70.250000	 -78.471798
70.300000	 -78.471880
70.350000	 -78.471962
70.400000	 -78.472045
70.450000	 -78.472126
70.500000	 -78.472208
70.550000	 -78.472290
70.600000	 -78.472371
70.650000	 -78.472452
70.700000	 -78.472533
70.750000	 -78.472613
70.800000	 -78.472693
70.850000	 -78.472774
70.900000	 -78.472853
70.950000	 -78.472933
71.000000	 -78.473012
71.050000	 -78.473092
71.100000	 -78.473171
71.150000	 -78.473249
71.200000	 -78.473328
71.250000	 -78.473406
71.300000	 -78.473484
71.350000	 -78.473562
71.400000	 -78.473640
71.450000	 -78.473717
71.500000	 -78.473794
71.550000	 -78.473871
71.600000	 -78.473948
71.650000	 -78.474024
71.700000	 -78.474100
71.750000	 -78.474177
71.800000	 -78.474252
71.850000	 -78.474328
71.900000	 -78.474403
71.950000	 -78.474478
72.000000	 -78.474553
72.050000	 -78.474628
72.100000	 -78.474703
72.150000	 -78.474777
72.200000	 -78.474851
72.250000	 -78.474925
72.300000	 -78.474998
72.350000	 -78.475072
72.400000	 -78.475145
72.450000	 -78.475218
72.500000	 -78.475291
72.550000	 -78.475363
72.600000	 -78.475435
72.650000	 -78.475507
72.700000	 -78.475579
72.750000	 -78.475651
72.800000	 -78.475722
72.850000	 -78.475794
72.900000	 -78.475865
72.950000	 -78.475935
73.000000	 -78.476006
73.050000	 -78.476076
73.100000	 -78.476146
73.150000	 -78.476216
73.200000	 -78.476286
73.250000	 -78.476355
73.300000	 -78.476425
73.350000	 -78.476494
73.400000	 -78.476562
73.450000	 -78.476631
73.500000	 -78.476699
73.550000	 -78.476768
73.600000	 -78.476836
73.650000	 -78.476903
73.700000	 -78.476971
73.750000	 -78.477038
73.800000	 -78.477105
73.850000	 -78.477172
73.900000	 -78.477239
73.950000	 -78.477305
74.000000	 -78.477372
74.050000	 -78.477438
74.100000	 -78.477504
74.150000	 -78.477569
74.200000	 -78.477635
74.250000	 -78.477700
74.300000	 -78.477765
74.350000	 -78.477830
74.400000	 -78.477894
74.450000	 -78.477959
74.500000	 -78.478023
74.550000	 -78.478087
74.600000	 -78.478150
74.650000	 -78.478214
74.700000	 -78.478277
74.750000	 -78.478340
74.800000	 -78.478403
74.850000	 -78.478466
74.900000	 -78.478528
74.950000	 -78.478591
75.000000	 -78.478653
75.050000	 -78.478715
75.100000	 -78.478776
75.150000	 -78.478838
75.200000	 -78.478899
75.250000	 -78.478960
75.300000	 -78.479021
75.350000	 -78.479082
75.400000	 -78.479142
75.450000	 -78.479202
75.500000	 -78.479262
75.550000	 -78.479322
75.600000	 -78.479382
75.650000	 -78.479441
75.700000	 -78.479500
75.750000	 -78.479559
75.800000	 -78.479618
75.850000	 -78.479677
75.900000	 -78.479735
75.950000	 -78.479793
76.000000	 -78.479851
76.050000	 -78.479909
76.100000	 -78.479967
76.150000	 -78.480024
76.200000	 -78.480081
76.250000	 -78.480138
76.300000	 -78.480195
76.350000	 -78.480252
76.400000	 -78.480308
76.450000	 -78.480364
76.500000	 -78.480420
76.550000	 -78.480476
76.600000	 -78.480532
76.650000	 -78.480587
76.700000	 -78.480642
76.750000	 -78.480697
76.800000	 -78.480752
76.850000	 -78.480807
76.900000	 -78.480861
76.950000	 -78.480915
77.000000	 -78.480969
77.050000	 -78.481023
77.100000	 -78.481077
77.150000	 -78.481130
77.200000	 -78.481183
77.250000	 -78.481236
77.300000	 -78.481289
77.350000	 -78.481342
77.400000	 -78.481394
77.450000	 -78.481447
77.500000	 -78.481499
77.550000	 -78.481551
77.600000	 -78.481602
77.650000	 -78.481654
77.700000	 -78.481705
77.750000	 -78.481756
77.800000	 -78.481807
77.850000	 -78.481858
77.900000	 -78.481908
77.950000	 -78.481959
78.000000	 -78.482009
78.050000	 -78.482059
78.100000	 -78.482109
78.150000	 -78.482158
78.200000	 -78.482208
78.250000	 -78.482257
78.300000	 -78.482306
78.350000	 -78.482355
78.400000	 -78.482403
78.450000	 -78.482452
78.500000	 -78.482500
78.550000	 -78.482548
78.600000	 -78.482596
78.650000	 -78.482644
78.700000	 -78.482691
78.750000	 -78.482738
78.800000	 -78.482786
78.850000	 -78.482832
78.900000	 -78.482879
78.950000	 -78.482926
79.000000	 -78.482972
79.050000	 -78.483018
79.100000	 -78.483064
79.150000	 -78.483110
79.200000	 -78.483156
79.250000	 -78.483201
79.300000	 -78.483247
79.350000	 -78.483292
79.400000	 -78.483337
79.450000	 -78.483381
79.500000	 -78.483426
79.550000	 -78.483470
79.600000	 -78.483515
79.650000	 -78.483559
79.700000	 -78.483602
79.750000	 -78.483646
79.800000	 -78.483690
79.850000	 -78.483733
79.900000	 -78.483776
79.950000	 -78.483819
80.000000	 -78.483862
80.050000	 -78.483904
80.100000	 -78.483947
80.150000	 -78.483989
80.200000	 -78.484031
80.250000	 -78.484073
80.300000	 -78.484114
80.350000	 -78.484156
80.400000	 -78.484197
80.450000	 -78.484238
80.500000	 -78.484279
80.550000	 -78.484320
80.600000	 -78.484361
80.650000	 -78.484401
80.700000	 -78.484441
80.750000	 -78.484481
80.800000	 -78.484521
80.850000	 -78.484561
80.900000	 -78.484601
80.950000	 -78.484640
81.000000	 -78.484679
81.050000	 -78.484718
81.100000	 -78.484757
81.150000	 -78.484796
81.200000	 -78.484834
81.250000	 -78.484873
81.300000	 -78.484911
81.350000	 -78.484949
81.400000	 -78.484987
81.450000	 -78.485024
81.500000	 -78.485062
81.550000	 -78.485099
81.600000	 -78.485136
81.650000	 -78.485173
81.700000	 -78.485210
81.750000	 -78.485247
81.800000	 -78.485283
81.850000	 -78.485319
81.900000	 -78.485355
81.950000	 -78.485391
82.000000	 -78.485427
82.050000	 -78.485463
82.100000	 -78.485498
82.150000	 -78.485533
82.200000	 -78.485569
82.250000	 -78.485604
82.300000	 -78.485638
82.350000	 -78.485673
82.400000	 -78.485707
82.450000	 -78.485742
82.500000	 -78.485776
82.550000	 -78.485810
82.600000	 -78.485844
82.650000	 -78.485877
82.700000	 -78.485911
82.750000	 -78.485944
82.800000	 -78.485977
82.850000	 -78.486010
82.900000	 -78.486043
82.950000	 -78.486075
83.000000	 -78.486108
83.050000	 -78.486140
83.100000	 -78.486172
83.150000	 -78.486204
83.200000	 -78.486236
83.250000	 -78.486268
83.300000	 -78.486299
83.350000	 -78.486331
83.400000	 -78.486362
83.450000	 -78.486393
83.500000	 -78.486424
83.550000	 -78.486455
83.600000	 -78.486485
83.650000	 -78.486515
83.700000	 -78.486546
83.750000	 -78.486576
83.800000	 -78.486606
83.850000	 -78.486635
83.900000	 -78.486665
83.950000	 -78.486694
84.000000	 -78.486724
84.050000	 -78.486753
84.100000	 -78.486782
84.150000	 -78.486811
84.200000	 -78.486839
84.250000	 -78.486868
84.300000	 -78.486896
84.350000	 -78.486924
84.400000	 -78.486952
84.450000	 -78.486980
84.500000	 -78.487008
84.550000	 -78.487036
84.600000	 -78.487063
84.650000	 -78.487090
84.700000	 -78.487117
84.750000	 -78.487144
84.800000	 -78.487171
84.850000	 -78.487198
84.900000	 -78.487224
84.950000	 -78.487251
85.000000	 -78.487277
85.050000	 -78.487303
85.100000	 -78.487329
85.150000	 -78.487355
85.200000	 -78.487380
85.250000	 -78.487406
85.300000	 -78.487431
85.350000	 -78.487456
85.400000	 -78.487481
85.450000	 -78.487506
85.500000	 -78.487531
85.550000	 -78.487555
85.600000	 -78.487580
85.650000	 -78.487604
85.700000	 -78.487628
85.750000	 -78.487652
85.800000	 -78.487676
85.850000	 -78.487700
85.900000	 -78.487723
85.950000	 -78.487746
86.000000	 -78.487770
86.050000	 -78.487793
86.100000	 -78.487816
86.150000	 -78.487839
86.200000	 -78.487861
86.250000	 -78.487884
86.300000	 -78.487906
86.350000	 -78.487928
86.400000	 -78.487950
86.450000	 -78.487972
86.500000	 -78.487994
86.550000	 -78.488016
86.600000	 -78.488037
86.650000	 -78.488059
86.700000	 -78.488080
86.750000	 -78.488101
86.800000	 -78.488122
86.850000	 -78.488143
86.900000	 -78.488163
86.950000	 -78.488184
87.000000	 -78.488204
87.050000	 -78.488225
87.100000	 -78.488245
87.150000	 -78.488265
87.200000	 -78.488285
87.250000	 -78.488304
87.300000	 -78.488324
87.350000	 -78.488343
87.400000	 -78.488362
87.450000	 -78.488382
87.500000	 -78.488401
87.550000	 -78.488420
87.600000	 -78.488438
87.650000	 -78.488457
87.700000	 -78.488475
87.750000	 -78.488494
87.800000	 -78.488512
87.850000	 -78.488530
87.900000	 -78.488548
87.950000	 -78.488566
88.000000	 -78.488583
88.050000	 -78.488601
88.100000	 -78.488618
88.150000	 -78.488635
88.200000	 -78.488652
88.250000	 -78.488669
88.300000	 -78.488686
88.350000	 -78.488703
88.400000	 -78.488720
88.450000	 -78.488736
88.500000	 -78.488752
88.550000	 -78.488769
88.600000	 -78.488785
88.650000	 -78.488801
88.700000	 -78.488816
88.750000	 -78.488832
88.800000	 -78.488848
88.850000	 -78.488863
88.900000	 -78.488878
88.950000	 -78.488893
89.000000	 -78.488909
89.050000	 -78.488923
89.100000	 -78.488938
89.150000	 -78.488953
89.200000	 -78.488967
89.250000	 -78.488982
89.300000	 -78.488996
89.350000	 -78.489010
89.400000	 -78.489024
89.450000	 -78.489038
89.500000	 -78.489052
89.550000	 -78.489065
89.600000	 -78.489079
89.650000	 -78.489092
89.700000	 -78.489106
89.750000	 -78.489119
89.800000	 -78.489132
89.850000	 -78.489145
89.900000	 -78.489157
89.950000	 -78.489170
90.000000	 -78.489182
90.050000	 -78.489195
90.100000	 -78.489207
90.150000	 -78.489219
90.200000	 -78.489231
90.250000	 -78.489243
90.300000	 -78.489255
90.350000	 -78.489267
90.400000	 -78.489278
90.450000	 -78.489290
90.500000	 -78.489301
90.550000	 -78.489312
90.600000	 -78.489323
90.650000	 -78.489334
90.700000	 -78.489345
90.750000	 -78.489356
90.800000	 -78.489366
90.850000	 -78.489377
90.900000	 -78.489387
90.950000	 -78.489397
91.000000	 -78.489407
91.050000	 -78.489417
91.100000	 -78.489427
91.150000	 -78.489437
91.200000	 -78.489447
91.250000	 -78.489456
91.300000	 -78.489466
91.350000	 -78.489475
91.400000	 -78.489484
91.450000	 -78.489493
91.500000	 -78.489502
91.550000	 -78.489511
91.600000	 -78.489520
91.650000	 -78.489528
91.700000	 -78.489537
91.750000	 -78.489545
91.800000	 -78.489553
91.850000	 -78.489562
91.900000	 -78.489570
91.950000	 -78.489577
92.000000	 -78.489585
92.050000	 -78.489593
92.100000	 -78.489601
92.150000	 -78.489608
92.200000	 -78.489615
92.250000	 -78.489623
92.300000	 -78.489630
92.350000	 -78.489637
92.400000	 -78.489644
92.450000	 -78.489651
92.500000	 -78.489657
92.550000	 -78.489664
92.600000	 -78.489670
92.650000	 -78.489677
92.700000	 -78.489683
92.750000	 -78.489689
92.800000	 -78.489695
92.850000	 -78.489701
92.900000	 -78.489707
92.950000	 -78.489713
93.000000	 -78.489719
93.050000	 -78.489724
93.100000	 -78.489729
93.150000	 -78.489735
93.200000	 -78.489740
93.250000	 -78.489745
93.300000	 -78.489750
93.350000	 -78.489755
93.400000	 -78.489760
93.450000	 -78.489764
93.500000	 -78.489769
93.550000	 -78.489773
93.600000	 -78.489778
93.650000	 -78.489782
93.700000	 -78.489786
93.750000	 -78.489790
93.800000	 -78.489794
93.850000	 -78.489798
93.900000	 -78.489802
93.950000	 -78.489806
94.000000	 -78.489809
94.050000	 -78.489813
94.100000	 -78.489816
94.150000	 -78.489819
94.200000	 -78.489822
94.250000	 -78.489825
94.300000	 -78.489828
94.350000	 -78.489831
94.400000	 -78.489834
94.450000	 -78.489837
94.500000	 -78.489839
94.550000	 -78.489842
94.600000	 -78.489844
94.650000	 -78.489846
94.700000	 -78.489848
94.750000	 -78.489850
94.800000	 -78.489852
94.850000	 -78.489854
94.900000	 -78.489856
94.950000	 -78.489858
95.000000	 -78.489859
95.050000	 -78.489861
95.100000	 -78.489862
95.150000	 -78.489863
95.200000	 -78.489865
95.250000	 -78.489866
95.300000	 -78.489867
95.350000	 -78.489868
95.400000	 -78.489868
95.450000	 -78.489869
95.500000	 -78.489870
95.550000	 -78.489870
95.600000	 -78.489871
95.650000	 -78.489871
95.700000	 -78.489871
95.750000	 -78.489872
95.800000	 -78.489872
95.850000	 -78.489872
95.900000	 -78.489871
95.950000	 -78.489871
96.000000	 -78.489871
96.050000	 -78.489871
96.100000	 -78.489870
96.150000	 -78.489870
96.200000	 -78.489869
96.250000	 -78.489868
96.300000	 -78.489867
96.350000	 -78.489866
96.400000	 -78.489865
96.450000	 -78.489864
96.500000	 -78.489863
96.550000	 -78.489862
96.600000	 -78.489860
96.650000	 -78.489859
96.700000	 -78.489857
96.750000	 -78.489856
96.800000	 -78.489854
96.850000	 -78.489852
96.900000	 -78.489850
96.950000	 -78.489848
97.000000	 -78.489846
97.050000	 -78.489844
97.100000	 -78.489842
97.150000	 -78.489840
97.200000	 -78.489837
97.250000	 -78.489835
97.300000	 -78.489832
97.350000	 -78.489829
97.400000	 -78.489827
97.450000	 -78.489824
97.500000	 -78.489821
97.550000	 -78.489818
97.600000	 -78.489815
97.650000	 -78.489812
97.700000	 -78.489808
97.750000	 -78.489805
97.800000	 -78.489802
97.850000	 -78.489798
97.900000	 -78.489795
97.950000	 -78.489791
98.000000	 -78.489787
98.050000	 -78.489783
98.100000	 -78.489779
98.150000	 -78.489775
98.200000	 -78.489771
98.250000	 -78.489767
98.300000	 -78.489763
98.350000	 -78.489759
98.400000	 -78.489754
98.450000	 -78.489750
98.500000	 -78.489745
98.550000	 -78.489741
98.600000	 -78.489736
98.650000	 -78.489731
98.700000	 -78.489726
98.750000	 -78.489721
98.800000	 -78.489716
98.850000	 -78.489711
98.900000	 -78.489706
98.950000	 -78.489701
99.000000	 -78.489696
99.050000	 -78.489690
99.100000	 -78.489685
99.150000	 -78.489679
99.200000	 -78.489674
99.250000	 -78.489668
99.300000	 -78.489662
99.350000	 -78.489656
99.400000	 -78.489650
99.450000	 -78.489644
99.500000	 -78.489638
99.550000	 -78.489632
99.600000	 -78.489626
99.650000	 -78.489620
99.700000	 -78.489613
99.750000	 -78.489607
99.800000	 -78.489600
99.850000	 -78.489594
99.900000	 -78.489587
99.950000	 -78.489580
100.000000	 -78.489574
