0.000000	 -78.470234
0.050000	 -78.470234
0.100000	 -78.470234
0.150000	 -78.470234
0.200000	 -78.470234
0.250000	 -78.470234
0.300000	 -78.470234
0.350000	 -78.470234
0.400000	 -78.470234
0.450000	 -78.470234
0.500000	 -78.470234
0.550000	 -78.470234
0.600000	 -78.470234
0.650000	 -78.470234
0.700000	 -78.470234
0.750000	 -78.470234
0.800000	 -78.470234
0.850000	 -78.470234
0.900000	 -78.470234
0.950000	 -78.470234
1.000000	 -78.470234
1.050000	 -78.470234
1.100000	 -78.470234
1.150000	 -78.470234
1.200000	 -78.470234
1.250000	 -78.470234
1.300000	 -78.470234
1.350000	 -78.470234
1.400000	 -78.470234
1.450000	 -78.470234
1.500000	 -78.470234
1.550000	 -78.470234
1.600000	 -78.470234
1.650000	 -78.470234
1.700000	 -78.470234
1.750000	 -78.470234
1.800000	 -78.470234
1.850000	 -78.470234
1.900000	 -78.470234
1.950000	 -78.470234
2.000000	 -78.470234
2.050000	 -78.470234
2.100000	 -78.470234
2.150000	 -78.470234
2.200000	 -78.470234
2.250000	 -78.470234
2.300000	 -78.470234
2.350000	 -78.470234
2.400000	 -78.470234
2.450000	 -78.470234
2.500000	 -78.470234
2.550000	 -78.470234
2.600000	 -78.470234
2.650000	 -78.470234
2.700000	 -78.470234
2.750000	 -78.470234
2.800000	 -78.470234
2.850000	 -78.470234
2.900000	 -78.470234
2.950000	 -78.470234
3.000000	 -78.470234
3.050000	 -78.470234
3.100000	 -78.470234
3.150000	 -78.470234
3.200000	 -78.470235
3.250000	 -78.470235
3.300000	 -78.470235
3.350000	 -78.470235
3.400000	 -78.470235
3.450000	 -78.470235
3.500000	 -78.470235
3.550000	 -78.470235
3.600000	 -78.470235
3.650000	 -78.470235
3.700000	 -78.470235
3.750000	 -78.470235
3.800000	 -78.470235
3.850000	 -78.470235
3.900000	 -78.470235
3.950000	 -78.470235
4.000000	 -78.470235
4.050000	 -78.470235
4.100000	 -78.470235
4.150000	 -78.470235
4.200000	 -78.470235
4.250000	 -78.470235
4.300000	 -78.470235
4.350000	 -78.470235
4.400000	 -78.470235
4.450000	 -78.470235
4.500000	 -78.470235
4.550000	 -78.470235
4.600000	 -78.470235
4.650000	 -78.470235
4.700000	 -78.470235
4.750000	 -78.470235
4.800000	 -78.470235
4.850000	 -78.470235
4.900000	 -78.470235
4.950000	 -78.470235
5.000000	 -78.470235
5.050000	 -78.470235
5.100000	 -78.470235
5.150000	 -78.470233
5.200000	 -78.470230
5.250000	 -78.470223
5.300000	 -78.470207
5.350000	 -78.470179
5.400000	 -78.470134
5.450000	 -78.470063
5.500000	 -78.469962
5.550000	 -78.469820
5.600000	 -78.469632
5.650000	 -78.469389
5.700000	 -78.469084
5.750000	 -78.468709
5.800000	 -78.468257
5.850000	 -78.467722
5.900000	 -78.467098
5.950000	 -78.466380
6.000000	 -78.465563
6.050000	 -78.464642
6.100000	 -78.463615
6.150000	 -78.462478
6.200000	 -78.461229
6.250000	 -78.459865
6.300000	 -78.458386
6.350000	 -78.456791
6.400000	 -78.455078
6.450000	 -78.453249
6.500000	 -78.451302
6.550000	 -78.449240
6.600000	 -78.447062
6.650000	 -78.444769
6.700000	 -78.442364
6.750000	 -78.439848
6.800000	 -78.437222
6.850000	 -78.434488
6.900000	 -78.431649
6.950000	 -78.428707
7.000000	 -78.425663
7.050000	 -78.422521
7.100000	 -78.419283
7.150000	 -78.415950
7.200000	 -78.412526
7.250000	 -78.409013
7.300000	 -78.405414
7.350000	 -78.401730
7.400000	 -78.397964
7.450000	 -78.394119
7.500000	 -78.390197
7.550000	 -78.386201
7.600000	 -78.382131
7.650000	 -78.377992
7.700000	 -78.373784
7.750000	 -78.369511
7.800000	 -78.365173
7.850000	 -78.360773
7.900000	 -78.356312
7.950000	 -78.351793
8.000000	 -78.347218
8.050000	 -78.342587
8.100000	 -78.337902
8.150000	 -78.333165
8.200000	 -78.328378
8.250000	 -78.323540
8.300000	 -78.318655
8.350000	 -78.313722
8.400000	 -78.308743
8.450000	 -78.303719
8.500000	 -78.298651
8.550000	 -78.293539
8.600000	 -78.288384
8.650000	 -78.283188
8.700000	 -78.277949
8.750000	 -78.272669
8.800000	 -78.267348
8.850000	 -78.261987
8.900000	 -78.256585
8.950000	 -78.251142
9.000000	 -78.245659
9.050000	 -78.240135
9.100000	 -78.234570
9.150000	 -78.228963
9.200000	 -78.223314
9.250000	 -78.217622
9.300000	 -78.211886
9.350000	 -78.206106
9.400000	 -78.200279
9.450000	 -78.194405
9.500000	 -78.188482
9.550000	 -78.182507
9.600000	 -78.176480
9.650000	 -78.170397
9.700000	 -78.164256
9.750000	 -78.158053
9.800000	 -78.151785
9.850000	 -78.145447
9.900000	 -78.139036
9.950000	 -78.132546
10.000000	 -78.125970
10.050000	 -78.119302
10.100000	 -78.112533
10.150000	 -78.105653
10.200000	 -78.098651
10.250000	 -78.091514
10.300000	 -78.084224
10.350000	 -78.076761
10.400000	 -78.069099
10.450000	 -78.061207
10.500000	 -78.053041
10.550000	 -78.044544
10.600000	 -78.035634
10.650000	 -78.026196
10.700000	 -78.016059
10.750000	 -78.004971
10.800000	 -77.992569
10.850000	 -77.978343
10.900000	 -77.961612
10.950000	 -77.941496
11.000000	 -77.916910
11.050000	 -77.886554
11.100000	 -77.848897
11.150000	 -77.802136
11.200000	 -77.744130
11.250000	 -77.672376
11.300000	 -77.584149
11.350000	 -77.476855
11.400000	 -77.348497
11.450000	 -77.198017
11.500000	 -77.025394
11.550000	 -76.831555
11.600000	 -76.618213
11.650000	 -76.387694
11.700000	 -76.142751
11.750000	 -75.886362
11.800000	 -75.621528
11.850000	 -75.351112
11.900000	 -75.077718
11.950000	 -74.803630
12.000000	 -74.530796
12.050000	 -74.260837
12.100000	 -73.995079
12.150000	 -73.734594
12.200000	 -73.480239
12.250000	 -73.232701
12.300000	 -72.992531
12.350000	 -72.760175
12.400000	 -72.536005
12.450000	 -72.320341
12.500000	 -72.113468
12.550000	 -71.915651
12.600000	 -71.727151
12.650000	 -71.548226
12.700000	 -71.379141
12.750000	 -71.220168
12.800000	 -71.071576
12.850000	 -70.933626
12.900000	 -70.806554
12.950000	 -70.690547
13.000000	 -70.585717
13.050000	 -70.492070
13.100000	 -70.409475
13.150000	 -70.337645
13.200000	 -70.276128
13.250000	 -70.224310
13.300000	 -70.181441
13.350000	 -70.146671
13.400000	 -70.119092
13.450000	 -70.097784
13.500000	 -70.081851
13.550000	 -70.070455
13.600000	 -70.062829
13.650000	 -70.058293
13.700000	 -70.056254
13.750000	 -70.056205
13.800000	 -70.057715
13.850000	 -70.060428
13.900000	 -70.064045
13.950000	 -70.068323
14.000000	 -70.073064
14.050000	 -70.078108
14.100000	 -70.083327
14.150000	 -70.088618
14.200000	 -70.093902
14.250000	 -70.099117
14.300000	 -70.104215
14.350000	 -70.109160
14.400000	 -70.113929
14.450000	 -70.118502
14.500000	 -70.122870
14.550000	 -70.127025
14.600000	 -70.130966
14.650000	 -70.134695
14.700000	 -70.138214
14.750000	 -70.141531
14.800000	 -70.144650
14.850000	 -70.147581
14.900000	 -70.150332
14.950000	 -70.152912
15.000000	 -70.155331
15.050000	 -70.157597
15.100000	 -70.159720
15.150000	 -70.161708
15.200000	 -70.163571
15.250000	 -70.165317
15.300000	 -70.166953
15.350000	 -70.168488
15.400000	 -70.169928
15.450000	 -70.171280
15.500000	 -70.172551
15.550000	 -70.173746
15.600000	 -70.174872
15.650000	 -70.175932
15.700000	 -70.176932
15.750000	 -70.177876
15.800000	 -70.178767
15.850000	 -70.179611
15.900000	 -70.180410
15.950000	 -70.181166
16.000000	 -70.181883
16.050000	 -70.182563
16.100000	 -70.183208
16.150000	 -70.183820
16.200000	 -70.184401
16.250000	 -70.184951
16.300000	 -70.185473
16.350000	 -70.185967
16.400000	 -70.186435
16.450000	 -70.186875
16.500000	 -70.187290
16.550000	 -70.187678
16.600000	 -70.188041
16.650000	 -70.188378
16.700000	 -70.188689
16.750000	 -70.188972
16.800000	 -70.189229
16.850000	 -70.189457
16.900000	 -70.189656
16.950000	 -70.189824
17.000000	 -70.189961
17.050000	 -70.190065
17.100000	 -70.190133
17.150000	 -70.190165
17.200000	 -70.190159
17.250000	 -70.190111
17.300000	 -70.190019
17.350000	 -70.189881
17.400000	 -70.189693
17.450000	 -70.189453
17.500000	 -70.189157
17.550000	 -70.188800
17.600000	 -70.188379
17.650000	 -70.187889
17.700000	 -70.187325
17.750000	 -70.186681
17.800000	 -70.185951
17.850000	 -70.185130
17.900000	 -70.184208
17.950000	 -70.183180
18.000000	 -70.182035
18.050000	 -70.180764
18.100000	 -70.179357
18.150000	 -70.177802
18.200000	 -70.176086
18.250000	 -70.174195
18.300000	 -70.172113
18.350000	 -70.169822
18.400000	 -70.167304
18.450000	 -70.164535
18.500000	 -70.161494
18.550000	 -70.158153
18.600000	 -70.154483
18.650000	 -70.150452
18.700000	 -70.146024
18.750000	 -70.141160
18.800000	 -70.135817
18.850000	 -70.129950
18.900000	 -70.123506
18.950000	 -70.116432
19.000000	 -70.108667
19.050000	 -70.100148
19.100000	 -70.090805
19.150000	 -70.080566
19.200000	 -70.069351
19.250000	 -70.057077
19.300000	 -70.043654
19.350000	 -70.028989
19.400000	 -70.012981
19.450000	 -69.995523
19.500000	 -69.976505
19.550000	 -69.955806
19.600000	 -69.933299
19.650000	 -69.908850
19.700000	 -69.882312
19.750000	 -69.853530
19.800000	 -69.822332
19.850000	 -69.788533
19.900000	 -69.751930
19.950000	 -69.712300
20.000000	 -69.669399
20.050000	 -69.622962
20.100000	 -69.572703
20.150000	 -69.518319
20.200000	 -69.459497
20.250000	 -69.395926
20.300000	 -69.327305
20.350000	 -69.253363
20.400000	 -69.173871
20.450000	 -69.088657
20.500000	 -68.997619
20.550000	 -68.900725
20.600000	 -68.798015
20.650000	 -68.689602
20.700000	 -68.575654
20.750000	 -68.456393
20.800000	 -68.332079
20.850000	 -68.203001
20.900000	 -68.069466
20.950000	 -67.931792
21.000000	 -67.790299
21.050000	 -67.645302
21.100000	 -67.497107
21.150000	 -67.346005
21.200000	 -67.192271
21.250000	 -67.036155
21.300000	 -66.877887
21.350000	 -66.717669
21.400000	 -66.555677
21.450000	 -66.392057
21.500000	 -66.226927
21.550000	 -66.060375
21.600000	 -65.892457
21.650000	 -65.723199
21.700000	 -65.552592
21.750000	 -65.380596
21.800000	 -65.207130
21.850000	 -65.032080
21.900000	 -64.855285
21.950000	 -64.676542
22.000000	 -64.495594
22.050000	 -64.312125
22.100000	 -64.125750
22.150000	 -63.936008
22.200000	 -63.742340
22.250000	 -63.544077
22.300000	 -63.340411
22.350000	 -63.130365
22.400000	 -62.912749
22.450000	 -62.686101
22.500000	 -62.448607
22.550000	 -62.197978
22.600000	 -61.931273
22.650000	 -61.644617
22.700000	 -61.332744
22.750000	 -60.988197
22.800000	 -60.599936
22.850000	 -60.151122
22.900000	 -59.616334
22.950000	 -58.958365
23.000000	 -58.122205
23.050000	 -57.018957
23.100000	 -55.483398
23.150000	 -53.163840
23.200000	 -49.175395
23.250000	 -41.470736
23.300000	 -28.939496
23.350000	 -11.977479
23.400000	 10.156262
23.450000	 29.020411
23.500000	 38.080500
23.550000	 41.141582
23.600000	 41.098579
23.650000	 39.173073
23.700000	 35.945620
23.750000	 31.794833
23.800000	 27.029382
23.850000	 21.919021
23.900000	 16.696332
23.950000	 11.550372
24.000000	 6.620223
24.050000	 1.993340
24.100000	 -2.289652
24.150000	 -6.225331
24.200000	 -9.835981
24.250000	 -13.158813
24.300000	 -16.237323
24.350000	 -19.115523
24.400000	 -21.835044
24.450000	 -24.434233
24.500000	 -26.947918
24.550000	 -29.406753
24.600000	 -31.835891
24.650000	 -34.253156
24.700000	 -36.667119
24.750000	 -39.075564
24.800000	 -41.465018
24.850000	 -43.811962
24.900000	 -46.086033
24.950000	 -48.254809
25.000000	 -50.289076
25.050000	 -52.167141
25.100000	 -53.877121
25.150000	 -55.416952
25.200000	 -56.792632
25.250000	 -58.015657
25.300000	 -59.100422
25.350000	 -60.062163
25.400000	 -60.915572
25.450000	 -61.674046
25.500000	 -62.349394
25.550000	 -62.951813
25.600000	 -63.490046
25.650000	 -63.971566
25.700000	 -64.402786
25.750000	 -64.789222
25.800000	 -65.135672
25.850000	 -65.446306
25.900000	 -65.724785
25.950000	 -65.974340
26.000000	 -66.197832
26.050000	 -66.397796
26.100000	 -66.576493
26.150000	 -66.735951
26.200000	 -66.877990
26.250000	 -67.004247
26.300000	 -67.116198
26.350000	 -67.215174
26.400000	 -67.302381
26.450000	 -67.378910
26.500000	 -67.445751
26.550000	 -67.503804
26.600000	 -67.553887
26.650000	 -67.596740
26.700000	 -67.633041
26.750000	 -67.663402
26.800000	 -67.688383
26.850000	 -67.708489
26.900000	 -67.724185
26.950000	 -67.735890
27.000000	 -67.743987
27.050000	 -67.748822
27.100000	 -67.750714
27.150000	 -67.749949
27.200000	 -67.746790
27.250000	 -67.741473
27.300000	 -67.734216
27.350000	 -67.725214
27.400000	 -67.714645
27.450000	 -67.702672
27.500000	 -67.689441
27.550000	 -67.675086
27.600000	 -67.659727
27.650000	 -67.643473
27.700000	 -67.626424
27.750000	 -67.608670
27.800000	 -67.590292
27.850000	 -67.571365
27.900000	 -67.551953
27.950000	 -67.532120
28.000000	 -67.511919
28.050000	 -67.491400
28.100000	 -67.470609
28.150000	 -67.449586
28.200000	 -67.428369
28.250000	 -67.406993
28.300000	 -67.385487
28.350000	 -67.363881
28.400000	 -67.342199
28.450000	 -67.320467
28.500000	 -67.298704
28.550000	 -67.276932
28.600000	 -67.255168
28.650000	 -67.233429
28.700000	 -67.211730
28.750000	 -67.190085
28.800000	 -67.168506
28.850000	 -67.147006
28.900000	 -67.125596
28.950000	 -67.104285
29.000000	 -67.083081
29.050000	 -67.061994
29.100000	 -67.041031
29.150000	 -67.020198
29.200000	 -66.999501
29.250000	 -66.978946
29.300000	 -66.958538
29.350000	 -66.938281
29.400000	 -66.918178
29.450000	 -66.898233
29.500000	 -66.878449
29.550000	 -66.858828
29.600000	 -66.839372
29.650000	 -66.820083
29.700000	 -66.800963
29.750000	 -66.782012
29.800000	 -66.763231
29.850000	 -66.744620
29.900000	 -66.726181
29.950000	 -66.707912
30.000000	 -66.689814
30.050000	 -66.671887
30.100000	 -66.654129
30.150000	 -66.636539
30.200000	 -66.619118
30.250000	 -66.601863
30.300000	 -66.584773
30.350000	 -66.567847
30.400000	 -66.551083
30.450000	 -66.534480
30.500000	 -66.518034
30.550000	 -66.501745
30.600000	 -66.485609
30.650000	 -66.469624
30.700000	 -66.453788
30.750000	 -66.438098
30.800000	 -66.422551
30.850000	 -66.407144
30.900000	 -66.391873
30.950000	 -66.376735
31.000000	 -66.361726
31.050000	 -66.346843
31.100000	 -66.332082
31.150000	 -66.317438
31.200000	 -66.302907
31.250000	 -66.288484
31.300000	 -66.274164
31.350000	 -66.259943
31.400000	 -66.245814
31.450000	 -66.231773
31.500000	 -66.217811
31.550000	 -66.203924
31.600000	 -66.190102
31.650000	 -66.176339
31.700000	 -66.162626
31.750000	 -66.148952
31.800000	 -66.135308
31.850000	 -66.121681
31.900000	 -66.108057
31.950000	 -66.094423
32.000000	 -66.080761
32.050000	 -66.067054
32.100000	 -66.053279
32.150000	 -66.039413
32.200000	 -66.025429
32.250000	 -66.011298
32.300000	 -65.996985
32.350000	 -65.982453
32.400000	 -65.967658
32.450000	 -65.952554
32.500000	 -65.937085
32.550000	 -65.921192
32.600000	 -65.904808
32.650000	 -65.887857
32.700000	 -65.870257
32.750000	 -65.851915
32.800000	 -65.832728
32.850000	 -65.812584
32.900000	 -65.791359
32.950000	 -65.768914
33.000000	 -65.745101
33.050000	 -65.719753
33.100000	 -65.692690
33.150000	 -65.663713
33.200000	 -65.632605
33.250000	 -65.599131
33.300000	 -65.563033
33.350000	 -65.524038
33.400000	 -65.481856
33.450000	 -65.436191
33.500000	 -65.386751
33.550000	 -65.333262
33.600000	 -65.275490
33.650000	 -65.213262
33.700000	 -65.146483
33.750000	 -65.075155
33.800000	 -64.999386
33.850000	 -64.919382
33.900000	 -64.835449
33.950000	 -64.747969
34.000000	 -64.657384
34.050000	 -64.564180
34.100000	 -64.468860
34.150000	 -64.371935
34.200000	 -64.273904
34.250000	 -64.175249
34.300000	 -64.076425
34.350000	 -63.977855
34.400000	 -63.879929
34.450000	 -63.783003
34.500000	 -63.687400
34.550000	 -63.593412
34.600000	 -63.501300
34.650000	 -63.411301
34.700000	 -63.323627
34.750000	 -63.238468
34.800000	 -63.155997
34.850000	 -63.076371
34.900000	 -62.999733
34.950000	 -62.926213
35.000000	 -62.855929
35.050000	 -62.788992
35.100000	 -62.725501
35.150000	 -62.665546
35.200000	 -62.609207
35.250000	 -62.556556
35.300000	 -62.507653
35.350000	 -62.462543
35.400000	 -62.421259
35.450000	 -62.383820
35.500000	 -62.350225
35.550000	 -62.320455
35.600000	 -62.294471
35.650000	 -62.272214
35.700000	 -62.253600
35.750000	 -62.238528
35.800000	 -62.226876
35.850000	 -62.218503
35.900000	 -62.213255
35.950000	 -62.210968
36.000000	 -62.211465
36.050000	 -62.214571
36.100000	 -62.220106
36.150000	 -62.227895
36.200000	 -62.237768
36.250000	 -62.249561
36.300000	 -62.263122
36.350000	 -62.278307
36.400000	 -62.294985
36.450000	 -62.313035
36.500000	 -62.332348
36.550000	 -62.352825
36.600000	 -62.374378
36.650000	 -62.396927
36.700000	 -62.420403
36.750000	 -62.444743
36.800000	 -62.469894
36.850000	 -62.495806
36.900000	 -62.522437
36.950000	 -62.549749
37.000000	 -62.577711
37.050000	 -62.606292
37.100000	 -62.635467
37.150000	 -62.665214
37.200000	 -62.695513
37.250000	 -62.726346
37.300000	 -62.757697
37.350000	 -62.789553
37.400000	 -62.821899
37.450000	 -62.854726
37.500000	 -62.888022
37.550000	 -62.921778
37.600000	 -62.955984
37.650000	 -62.990632
37.700000	 -63.025714
37.750000	 -63.061222
37.800000	 -63.097149
37.850000	 -63.133487
37.900000	 -63.170228
37.950000	 -63.207367
38.000000	 -63.244895
38.050000	 -63.282807
38.100000	 -63.321094
38.150000	 -63.359749
38.200000	 -63.398766
38.250000	 -63.438137
38.300000	 -63.477856
38.350000	 -63.517913
38.400000	 -63.558302
38.450000	 -63.599015
38.500000	 -63.640045
38.550000	 -63.681383
38.600000	 -63.723021
38.650000	 -63.764951
38.700000	 -63.807164
38.750000	 -63.849651
38.800000	 -63.892405
38.850000	 -63.935417
38.900000	 -63.978677
38.950000	 -64.022178
39.000000	 -64.065910
39.050000	 -64.109866
39.100000	 -64.154035
39.150000	 -64.198411
39.200000	 -64.242983
39.250000	 -64.287745
39.300000	 -64.332686
39.350000	 -64.377800
39.400000	 -64.423077
39.450000	 -64.468509
39.500000	 -64.514088
39.550000	 -64.559806
39.600000	 -64.605656
39.650000	 -64.651629
39.700000	 -64.697718
39.750000	 -64.743915
39.800000	 -64.790213
39.850000	 -64.836604
39.900000	 -64.883080
39.950000	 -64.929635
40.000000	 -64.976262
40.050000	 -65.022953
40.100000	 -65.069702
40.150000	 -65.116501
40.200000	 -65.163346
40.250000	 -65.210230
40.300000	 -65.257146
40.350000	 -65.304089
40.400000	 -65.351053
40.450000	 -65.398033
40.500000	 -65.445024
40.550000	 -65.492021
40.600000	 -65.539018
40.650000	 -65.586012
40.700000	 -65.632998
40.750000	 -65.679971
40.800000	 -65.726928
40.850000	 -65.773864
40.900000	 -65.820777
40.950000	 -65.867661
41.000000	 -65.914515
41.050000	 -65.961334
41.100000	 -66.008115
41.150000	 -66.054854
41.200000	 -66.101550
41.250000	 -66.148197
41.300000	 -66.194795
41.350000	 -66.241339
41.400000	 -66.287829
41.450000	 -66.334261
41.500000	 -66.380633
41.550000	 -66.426943
41.600000	 -66.473190
41.650000	 -66.519371
41.700000	 -66.565485
41.750000	 -66.611530
41.800000	 -66.657506
41.850000	 -66.703409
41.900000	 -66.749241
41.950000	 -66.794998
42.000000	 -66.840681
42.050000	 -66.886289
42.100000	 -66.931820
42.150000	 -66.977274
42.200000	 -67.022650
42.250000	 -67.067948
42.300000	 -67.113167
42.350000	 -67.158305
42.400000	 -67.203363
42.450000	 -67.248339
42.500000	 -67.293233
42.550000	 -67.338046
42.600000	 -67.382775
42.650000	 -67.427422
42.700000	 -67.471987
42.750000	 -67.516468
42.800000	 -67.560865
42.850000	 -67.605180
42.900000	 -67.649412
42.950000	 -67.693560
43.000000	 -67.737625
43.050000	 -67.781608
43.100000	 -67.825508
43.150000	 -67.869326
43.200000	 -67.913061
43.250000	 -67.956715
43.300000	 -68.000287
43.350000	 -68.043779
43.400000	 -68.087189
43.450000	 -68.130520
43.500000	 -68.173770
43.550000	 -68.216941
43.600000	 -68.260031
43.650000	 -68.303042
43.700000	 -68.345974
43.750000	 -68.388828
43.800000	 -68.431602
43.850000	 -68.474299
43.900000	 -68.516917
43.950000	 -68.559459
44.000000	 -68.601923
44.050000	 -68.644311
44.100000	 -68.686622
44.150000	 -68.728858
44.200000	 -68.771019
44.250000	 -68.813105
44.300000	 -68.855117
44.350000	 -68.897055
44.400000	 -68.938920
44.450000	 -68.980712
44.500000	 -69.022432
44.550000	 -69.064081
44.600000	 -69.105658
44.650000	 -69.147164
44.700000	 -69.188601
44.750000	 -69.229968
44.800000	 -69.271265
44.850000	 -69.312494
44.900000	 -69.353653
44.950000	 -69.394745
45.000000	 -69.435768
45.050000	 -69.476724
45.100000	 -69.517612
45.150000	 -69.558433
45.200000	 -69.599187
45.250000	 -69.639875
45.300000	 -69.680497
45.350000	 -69.721053
45.400000	 -69.761544
45.450000	 -69.801970
45.500000	 -69.842331
45.550000	 -69.882628
45.600000	 -69.922861
45.650000	 -69.963030
45.700000	 -70.003135
45.750000	 -70.043178
45.800000	 -70.083158
45.850000	 -70.123076
45.900000	 -70.162931
45.950000	 -70.202725
46.000000	 -70.242457
46.050000	 -70.282129
46.100000	 -70.321739
46.150000	 -70.361289
46.200000	 -70.400779
46.250000	 -70.440208
46.300000	 -70.479576
46.350000	 -70.518885
46.400000	 -70.558133
46.450000	 -70.597322
46.500000	 -70.636450
46.550000	 -70.675519
46.600000	 -70.714528
46.650000	 -70.753478
46.700000	 -70.792368
46.750000	 -70.831199
46.800000	 -70.869971
46.850000	 -70.908683
46.900000	 -70.947337
46.950000	 -70.985931
47.000000	 -71.024467
47.050000	 -71.062943
47.100000	 -71.101361
47.150000	 -71.139721
47.200000	 -71.178021
47.250000	 -71.216264
47.300000	 -71.254447
47.350000	 -71.292573
47.400000	 -71.330640
47.450000	 -71.368649
47.500000	 -71.406600
47.550000	 -71.444493
47.600000	 -71.482328
47.650000	 -71.520104
47.700000	 -71.557823
47.750000	 -71.595482
47.800000	 -71.633083
47.850000	 -71.670626
47.900000	 -71.708109
47.950000	 -71.745534
48.000000	 -71.782900
48.050000	 -71.820206
48.100000	 -71.857454
48.150000	 -71.894642
48.200000	 -71.931771
48.250000	 -71.968840
48.300000	 -72.005849
48.350000	 -72.042799
48.400000	 -72.079689
48.450000	 -72.116519
48.500000	 -72.153290
48.550000	 -72.190000
48.600000	 -72.226650
48.650000	 -72.263239
48.700000	 -72.299768
48.750000	 -72.336237
48.800000	 -72.372645
48.850000	 -72.408993
48.900000	 -72.445279
48.950000	 -72.481505
49.000000	 -72.517670
49.050000	 -72.553774
49.100000	 -72.589816
49.150000	 -72.625797
49.200000	 -72.661716
49.250000	 -72.697573
49.300000	 -72.733368
49.350000	 -72.769101
49.400000	 -72.804770
49.450000	 -72.840377
49.500000	 -72.875920
49.550000	 -72.911401
49.600000	 -72.946817
49.650000	 -72.982170
49.700000	 -73.017459
49.750000	 -73.052684
49.800000	 -73.087844
49.850000	 -73.122940
49.900000	 -73.157971
49.950000	 -73.192937
50.000000	 -73.227838
50.050000	 -73.262673
50.100000	 -73.297443
50.150000	 -73.332147
50.200000	 -73.366786
50.250000	 -73.401358
50.300000	 -73.435864
50.350000	 -73.470304
50.400000	 -73.504677
50.450000	 -73.538983
50.500000	 -73.573223
50.550000	 -73.607395
50.600000	 -73.641500
50.650000	 -73.675537
50.700000	 -73.709507
50.750000	 -73.743409
50.800000	 -73.777242
50.850000	 -73.811006
50.900000	 -73.844702
50.950000	 -73.878329
51.000000	 -73.911886
51.050000	 -73.945374
51.100000	 -73.978792
51.150000	 -74.012139
51.200000	 -74.045417
51.250000	 -74.078624
51.300000	 -74.111760
51.350000	 -74.144825
51.400000	 -74.177819
51.450000	 -74.210741
51.500000	 -74.243592
51.550000	 -74.276371
51.600000	 -74.309078
51.650000	 -74.341713
51.700000	 -74.374275
51.750000	 -74.406765
51.800000	 -74.439182
51.850000	 -74.471526
51.900000	 -74.503797
51.950000	 -74.535995
52.000000	 -74.568119
52.050000	 -74.600169
52.100000	 -74.632145
52.150000	 -74.664048
52.200000	 -74.695876
52.250000	 -74.727630
52.300000	 -74.759309
52.350000	 -74.790914
52.400000	 -74.822443
52.450000	 -74.853897
52.500000	 -74.885276
52.550000	 -74.916579
52.600000	 -74.947806
52.650000	 -74.978957
52.700000	 -75.010031
52.750000	 -75.041029
52.800000	 -75.071951
52.850000	 -75.102795
52.900000	 -75.133562
52.950000	 -75.164252
53.000000	 -75.194864
53.050000	 -75.225399
53.100000	 -75.255856
53.150000	 -75.286235
53.200000	 -75.316535
53.250000	 -75.346757
53.300000	 -75.376901
53.350000	 -75.406966
53.400000	 -75.436953
53.450000	 -75.466860
53.500000	 -75.496689
53.550000	 -75.526438
53.600000	 -75.556108
53.650000	 -75.585698
53.700000	 -75.615209
53.750000	 -75.644640
53.800000	 -75.673991
53.850000	 -75.703262
53.900000	 -75.732453
53.950000	 -75.761564
54.000000	 -75.790594
54.050000	 -75.819544
54.100000	 -75.848414
54.150000	 -75.877203
54.200000	 -75.905911
54.250000	 -75.934538
54.300000	 -75.963084
54.350000	 -75.991548
54.400000	 -76.019931
54.450000	 -76.048233
54.500000	 -76.076453
54.550000	 -76.104591
54.600000	 -76.132647
54.650000	 -76.160621
54.700000	 -76.188513
54.750000	 -76.216323
54.800000	 -76.244050
54.850000	 -76.271695
54.900000	 -76.299258
54.950000	 -76.326738
55.000000	 -76.354135
55.050000	 -76.381449
55.100000	 -76.408680
55.150000	 -76.435829
55.200000	 -76.462894
55.250000	 -76.489876
55.300000	 -76.516775
55.350000	 -76.543591
55.400000	 -76.570324
55.450000	 -76.596973
55.500000	 -76.623539
55.550000	 -76.650021
55.600000	 -76.676420
55.650000	 -76.702736
55.700000	 -76.728967
55.750000	 -76.755116
55.800000	 -76.781180
55.850000	 -76.807161
55.900000	 -76.833058
55.950000	 -76.858872
56.000000	 -76.884601
56.050000	 -76.910247
56.100000	 -76.935809
56.150000	 -76.961288
56.200000	 -76.986682
56.250000	 -77.011993
56.300000	 -77.037219
56.350000	 -77.062362
56.400000	 -77.087421
56.450000	 -77.112395
56.500000	 -77.137286
56.550000	 -77.162092
56.600000	 -77.186814
56.650000	 -77.211452
56.700000	 -77.236006
56.750000	 -77.260476
56.800000	 -77.284861
56.850000	 -77.309163
56.900000	 -77.333380
56.950000	 -77.357513
57.000000	 -77.381562
57.050000	 -77.405526
57.100000	 -77.429407
57.150000	 -77.453204
57.200000	 -77.476916
57.250000	 -77.500544
57.300000	 -77.524088
57.350000	 -77.547549
57.400000	 -77.570925
57.450000	 -77.594217
57.500000	 -77.617425
57.550000	 -77.640550
57.600000	 -77.663590
57.650000	 -77.686547
57.700000	 -77.709420
57.750000	 -77.732209
57.800000	 -77.754915
57.850000	 -77.777537
57.900000	 -77.800075
57.950000	 -77.822530
58.000000	 -77.844902
58.050000	 -77.867190
58.100000	 -77.889395
58.150000	 -77.911517
58.200000	 -77.933555
58.250000	 -77.955511
58.300000	 -77.977383
58.350000	 -77.999173
58.400000	 -78.020879
58.450000	 -78.042503
58.500000	 -78.064045
58.550000	 -78.085503
58.600000	 -78.106879
58.650000	 -78.128173
58.700000	 -78.149384
58.750000	 -78.170512
58.800000	 -78.191559
58.850000	 -78.212523
58.900000	 -78.233405
58.950000	 -78.254205
59.000000	 -78.274923
59.050000	 -78.295559
59.100000	 -78.316113
59.150000	 -78.336586
59.200000	 -78.356977
59.250000	 -78.377286
59.300000	 -78.397515
59.350000	 -78.417661
59.400000	 -78.437727
59.450000	 -78.457711
59.500000	 -78.477615
59.550000	 -78.497437
59.600000	 -78.517179
59.650000	 -78.536840
59.700000	 -78.556421
59.750000	 -78.575921
59.800000	 -78.595340
59.850000	 -78.614680
59.900000	 -78.633940
59.950000	 -78.653119
60.000000	 -78.672219
60.050000	 -78.691239
60.100000	 -78.710179
60.150000	 -78.729040
60.200000	 -78.747822
60.250000	 -78.766524
60.300000	 -78.785148
60.350000	 -78.803692
60.400000	 -78.822158
60.450000	 -78.840545
60.500000	 -78.858854
60.550000	 -78.877084
60.600000	 -78.895237
60.650000	 -78.913311
60.700000	 -78.931307
60.750000	 -78.949225
60.800000	 -78.967066
60.850000	 -78.984830
60.900000	 -79.002516
60.950000	 -79.020125
61.000000	 -79.037657
61.050000	 -79.055112
61.100000	 -79.072491
61.150000	 -79.089793
61.200000	 -79.107018
61.250000	 -79.124168
61.300000	 -79.141241
61.350000	 -79.158239
61.400000	 -79.175161
61.450000	 -79.192007
61.500000	 -79.208778
61.550000	 -79.225473
61.600000	 -79.242094
61.650000	 -79.258639
61.700000	 -79.275110
61.750000	 -79.291506
61.800000	 -79.307828
61.850000	 -79.324075
61.900000	 -79.340249
61.950000	 -79.356348
62.000000	 -79.372373
62.050000	 -79.388325
62.100000	 -79.404203
62.150000	 -79.420008
62.200000	 -79.435740
62.250000	 -79.451398
62.300000	 -79.466984
62.350000	 -79.482498
62.400000	 -79.497938
62.450000	 -79.513307
62.500000	 -79.528603
62.550000	 -79.543828
62.600000	 -79.558981
62.650000	 -79.574062
62.700000	 -79.589071
62.750000	 -79.604010
62.800000	 -79.618877
62.850000	 -79.633674
62.900000	 -79.648400
62.950000	 -79.663055
63.000000	 -79.677640
63.050000	 -79.692155
63.100000	 -79.706600
63.150000	 -79.720975
63.200000	 -79.735281
63.250000	 -79.749517
63.300000	 -79.763684
63.350000	 -79.777782
63.400000	 -79.791811
63.450000	 -79.805772
63.500000	 -79.819664
63.550000	 -79.833488
63.600000	 -79.847243
63.650000	 -79.860931
63.700000	 -79.874551
63.750000	 -79.888104
63.800000	 -79.901589
63.850000	 -79.915007
63.900000	 -79.928359
63.950000	 -79.941643
64.000000	 -79.954861
64.050000	 -79.968013
64.100000	 -79.981098
64.150000	 -79.994118
64.200000	 -80.007071
64.250000	 -80.019960
64.300000	 -80.032782
64.350000	 -80.045540
64.400000	 -80.058233
64.450000	 -80.070860
64.500000	 -80.083424
64.550000	 -80.095923
64.600000	 -80.108357
64.650000	 -80.120728
64.700000	 -80.133035
64.750000	 -80.145278
64.800000	 -80.157458
64.850000	 -80.169575
64.900000	 -80.181628
64.950000	 -80.193619
65.000000	 -80.205548
65.050000	 -80.217413
65.100000	 -80.229217
65.150000	 -80.240959
65.200000	 -80.252638
65.250000	 -80.264256
65.300000	 -80.275813
65.350000	 -80.287309
65.400000	 -80.298743
65.450000	 -80.310117
65.500000	 -80.321429
65.550000	 -80.332682
65.600000	 -80.343874
65.650000	 -80.355006
65.700000	 -80.366078
65.750000	 -80.377090
65.800000	 -80.388043
65.850000	 -80.398937
65.900000	 -80.409771
65.950000	 -80.420546
66.000000	 -80.431263
66.050000	 -80.441921
66.100000	 -80.452521
66.150000	 -80.463063
66.200000	 -80.473546
66.250000	 -80.483972
66.300000	 -80.494340
66.350000	 -80.504651
66.400000	 -80.514904
66.450000	 -80.525101
66.500000	 -80.535241
66.550000	 -80.545324
66.600000	 -80.555350
66.650000	 -80.565321
66.700000	 -80.575235
66.750000	 -80.585093
66.800000	 -80.594896
66.850000	 -80.604643
66.900000	 -80.614335
66.950000	 -80.623972
67.000000	 -80.633554
67.050000	 -80.643081
67.100000	 -80.652554
67.150000	 -80.661972
67.200000	 -80.671337
67.250000	 -80.680647
67.300000	 -80.689903
67.350000	 -80.699106
67.400000	 -80.708256
67.450000	 -80.717352
67.500000	 -80.726395
67.550000	 -80.735386
67.600000	 -80.744324
67.650000	 -80.753209
67.700000	 -80.762042
67.750000	 -80.770823
67.800000	 -80.779552
67.850000	 -80.788230
67.900000	 -80.796856
67.950000	 -80.805431
68.000000	 -80.813954
68.050000	 -80.822427
68.100000	 -80.830849
68.150000	 -80.839220
68.200000	 -80.847541
68.250000	 -80.855811
68.300000	 -80.864032
68.350000	 -80.872203
68.400000	 -80.880324
68.450000	 -80.888396
68.500000	 -80.896418
68.550000	 -80.904392
68.600000	 -80.912316
68.650000	 -80.920192
68.700000	 -80.928019
68.750000	 -80.935798
68.800000	 -80.943528
68.850000	 -80.951211
68.900000	 -80.958846
68.950000	 -80.966433
69.000000	 -80.973973
69.050000	 -80.981465
69.100000	 -80.988910
69.150000	 -80.996309
69.200000	 -81.003660
69.250000	 -81.010966
69.300000	 -81.018224
69.350000	 -81.025437
69.400000	 -81.032603
69.450000	 -81.039724
69.500000	 -81.046799
69.550000	 -81.053828
69.600000	 -81.060812
69.650000	 -81.067751
69.700000	 -81.074645
69.750000	 -81.081494
69.800000	 -81.088299
69.850000	 -81.095059
69.900000	 -81.101774
69.950000	 -81.108446
70.000000	 -81.115074
70.050000	 -81.121658
70.100000	 -81.128198
70.150000	 -81.134695
70.200000	 -81.141149
70.250000	 -81.147559
70.300000	 -81.153927
70.350000	 -81.160252
70.400000	 -81.166534
70.450000	 -81.172774
70.500000	 -81.178971
70.550000	 -81.185127
70.600000	 -81.191240
70.650000	 -81.197312
70.700000	 -81.203343
70.750000	 -81.209331
70.800000	 -81.215279
70.850000	 -81.221186
70.900000	 -81.227051
70.950000	 -81.232876
71.000000	 -81.238660
71.050000	 -81.244404
71.100000	 -81.250107
71.150000	 -81.255771
71.200000	 -81.261394
71.250000	 -81.266978
71.300000	 -81.272522
71.350000	 -81.278026
71.400000	 -81.283492
71.450000	 -81.288918
71.500000	 -81.294305
71.550000	 -81.299653
71.600000	 -81.304962
71.650000	 -81.310233
71.700000	 -81.315466
71.750000	 -81.320660
71.800000	 -81.325817
71.850000	 -81.330935
71.900000	 -81.336016
71.950000	 -81.341059
72.000000	 -81.346064
72.050000	 -81.351032
72.100000	 -81.355964
72.150000	 -81.360858
72.200000	 -81.365715
72.250000	 -81.370535
72.300000	 -81.375320
72.350000	 -81.380067
72.400000	 -81.384778
72.450000	 -81.389454
72.500000	 -81.394093
72.550000	 -81.398696
72.600000	 -81.403264
72.650000	 -81.407796
72.700000	 -81.412293
72.750000	 -81.416755
72.800000	 -81.421181
72.850000	 -81.425573
72.900000	 -81.429930
72.950000	 -81.434252
73.000000	 -81.438539
73.050000	 -81.442793
73.100000	 -81.447011
73.150000	 -81.451196
73.200000	 -81.455347
73.250000	 -81.459464
73.300000	 -81.463547
73.350000	 -81.467597
73.400000	 -81.471613
73.450000	 -81.475596
73.500000	 -81.479546
73.550000	 -81.483463
73.600000	 -81.487347
73.650000	 -81.491198
73.700000	 -81.495017
73.750000	 -81.498803
73.800000	 -81.502557
73.850000	 -81.506279
73.900000	 -81.509968
73.950000	 -81.513626
74.000000	 -81.517252
74.050000	 -81.520846
74.100000	 -81.524409
74.150000	 -81.527940
74.200000	 -81.531440
74.250000	 -81.534909
74.300000	 -81.538346
74.350000	 -81.541753
74.400000	 -81.545130
74.450000	 -81.548475
74.500000	 -81.551790
74.550000	 -81.555075
74.600000	 -81.558329
74.650000	 -81.561553
74.700000	 -81.564748
74.750000	 -81.567912
74.800000	 -81.571047
74.850000	 -81.574152
74.900000	 -81.577227
74.950000	 -81.580273
75.000000	 -81.583290
75.050000	 -81.586278
75.100000	 -81.589237
75.150000	 -81.592167
75.200000	 -81.595068
75.250000	 -81.597940
75.300000	 -81.600784
75.350000	 -81.603600
75.400000	 -81.606387
75.450000	 -81.609146
75.500000	 -81.611877
75.550000	 -81.614580
75.600000	 -81.617256
75.650000	 -81.619903
75.700000	 -81.622523
75.750000	 -81.625116
75.800000	 -81.627681
75.850000	 -81.630219
75.900000	 -81.632730
75.950000	 -81.635214
76.000000	 -81.637671
76.050000	 -81.640102
76.100000	 -81.642505
76.150000	 -81.644882
76.200000	 -81.647233
76.250000	 -81.649558
76.300000	 -81.651856
76.350000	 -81.654128
76.400000	 -81.656374
76.450000	 -81.658594
76.500000	 -81.660789
76.550000	 -81.662957
76.600000	 -81.665101
76.650000	 -81.667219
76.700000	 -81.669311
76.750000	 -81.671378
76.800000	 -81.673421
76.850000	 -81.675438
76.900000	 -81.677430
76.950000	 -81.679398
77.000000	 -81.681341
77.050000	 -81.683259
77.100000	 -81.685153
77.150000	 -81.687022
77.200000	 -81.688867
77.250000	 -81.690688
77.300000	 -81.692485
77.350000	 -81.694258
77.400000	 -81.696008
77.450000	 -81.697733
77.500000	 -81.699435
77.550000	 -81.701113
77.600000	 -81.702768
77.650000	 -81.704400
77.700000	 -81.706008
77.750000	 -81.707593
77.800000	 -81.709155
77.850000	 -81.710694
77.900000	 -81.712210
77.950000	 -81.713704
78.000000	 -81.715175
78.050000	 -81.716623
78.100000	 -81.718049
78.150000	 -81.719453
78.200000	 -81.720834
78.250000	 -81.722193
78.300000	 -81.723530
78.350000	 -81.724845
78.400000	 -81.726139
78.450000	 -81.727410
78.500000	 -81.728660
78.550000	 -81.729888
78.600000	 -81.731095
78.650000	 -81.732280
78.700000	 -81.733444
78.750000	 -81.734587
78.800000	 -81.735708
78.850000	 -81.736809
78.900000	 -81.737889
78.950000	 -81.738948
79.000000	 -81.739986
79.050000	 -81.741003
79.100000	 -81.742000
79.150000	 -81.742976
79.200000	 -81.743932
79.250000	 -81.744868
79.300000	 -81.745783
79.350000	 -81.746678
79.400000	 -81.747553
79.450000	 -81.748408
79.500000	 -81.749244
79.550000	 -81.750059
79.600000	 -81.750855
79.650000	 -81.751631
79.700000	 -81.752388
79.750000	 -81.753125
79.800000	 -81.753843
79.850000	 -81.754542
79.900000	 -81.755221
79.950000	 -81.755881
80.000000	 -81.756523
80.050000	 -81.757145
80.100000	 -81.757749
80.150000	 -81.758333
80.200000	 -81.758899
80.250000	 -81.759447
80.300000	 -81.759975
80.350000	 -81.760486
80.400000	 -81.760978
80.450000	 -81.761452
80.500000	 -81.761907
80.550000	 -81.762345
80.600000	 -81.762764
80.650000	 -81.763165
80.700000	 -81.763549
80.750000	 -81.763914
80.800000	 -81.764262
80.850000	 -81.764593
80.900000	 -81.764905
80.950000	 -81.765201
81.000000	 -81.765478
81.050000	 -81.765739
81.100000	 -81.765982
81.150000	 -81.766208
81.200000	 -81.766417
81.250000	 -81.766609
81.300000	 -81.766784
81.350000	 -81.766942
81.400000	 -81.767083
81.450000	 -81.767207
81.500000	 -81.767315
81.550000	 -81.767406
81.600000	 -81.767481
81.650000	 -81.767539
81.700000	 -81.767580
81.750000	 -81.767606
81.800000	 -81.767615
81.850000	 -81.767608
81.900000	 -81.767585
81.950000	 -81.767546
82.000000	 -81.767491
82.050000	 -81.767420
82.100000	 -81.767334
82.150000	 -81.767231
82.200000	 -81.767113
82.250000	 -81.766980
82.300000	 -81.766831
82.350000	 -81.766666
82.400000	 -81.766486
82.450000	 -81.766291
82.500000	 -81.766080
82.550000	 -81.765854
82.600000	 -81.765613
82.650000	 -81.765357
82.700000	 -81.765086
82.750000	 -81.764801
82.800000	 -81.764500
82.850000	 -81.764184
82.900000	 -81.763854
82.950000	 -81.763509
83.000000	 -81.763150
83.050000	 -81.762776
83.100000	 -81.762388
83.150000	 -81.761985
83.200000	 -81.761568
83.250000	 -81.761137
83.300000	 -81.760691
83.350000	 -81.760231
83.400000	 -81.759758
83.450000	 -81.759270
83.500000	 -81.758768
83.550000	 -81.758253
83.600000	 -81.757723
83.650000	 -81.757180
83.700000	 -81.756623
83.750000	 -81.756053
83.800000	 -81.755469
83.850000	 -81.754871
83.900000	 -81.754260
83.950000	 -81.753636
84.000000	 -81.752998
84.050000	 -81.752347
84.100000	 -81.751683
84.150000	 -81.751005
84.200000	 -81.750315
84.250000	 -81.749612
84.300000	 -81.748895
84.350000	 -81.748166
84.400000	 -81.747424
84.450000	 -81.746669
84.500000	 -81.745901
84.550000	 -81.745120
84.600000	 -81.744327
84.650000	 -81.743522
84.700000	 -81.742704
84.750000	 -81.741873
84.800000	 -81.741030
84.850000	 -81.740175
84.900000	 -81.739308
84.950000	 -81.738428
85.000000	 -81.737536
85.050000	 -81.736632
85.100000	 -81.735716
85.150000	 -81.734788
85.200000	 -81.733848
85.250000	 -81.732896
85.300000	 -81.731932
85.350000	 -81.730956
85.400000	 -81.729969
85.450000	 -81.728970
85.500000	 -81.727959
85.550000	 -81.726937
85.600000	 -81.725904
85.650000	 -81.724859
85.700000	 -81.723802
85.750000	 -81.722734
85.800000	 -81.721655
85.850000	 -81.720564
85.900000	 -81.719463
85.950000	 -81.718350
86.000000	 -81.717226
86.050000	 -81.716091
86.100000	 -81.714945
86.150000	 -81.713788
86.200000	 -81.712621
86.250000	 -81.711442
86.300000	 -81.710253
86.350000	 -81.709053
86.400000	 -81.707842
86.450000	 -81.706620
86.500000	 -81.705388
86.550000	 -81.704146
86.600000	 -81.702892
86.650000	 -81.701629
86.700000	 -81.700355
86.750000	 -81.699071
86.800000	 -81.697776
86.850000	 -81.696471
86.900000	 -81.695156
86.950000	 -81.693831
87.000000	 -81.692496
87.050000	 -81.691150
87.100000	 -81.689795
87.150000	 -81.688430
87.200000	 -81.687055
87.250000	 -81.685669
87.300000	 -81.684274
87.350000	 -81.682870
87.400000	 -81.681455
87.450000	 -81.680031
87.500000	 -81.678597
87.550000	 -81.677154
87.600000	 -81.675701
87.650000	 -81.674239
87.700000	 -81.672767
87.750000	 -81.671286
87.800000	 -81.669795
87.850000	 -81.668295
87.900000	 -81.666786
87.950000	 -81.665267
88.000000	 -81.663739
88.050000	 -81.662203
88.100000	 -81.660657
88.150000	 -81.659102
88.200000	 -81.657538
88.250000	 -81.655965
88.300000	 -81.654383
88.350000	 -81.652792
88.400000	 -81.651192
88.450000	 -81.649584
88.500000	 -81.647966
88.550000	 -81.646341
88.600000	 -81.644706
88.650000	 -81.643063
88.700000	 -81.641411
88.750000	 -81.639750
88.800000	 -81.638082
88.850000	 -81.636404
88.900000	 -81.634718
88.950000	 -81.633024
89.000000	 -81.631322
89.050000	 -81.629611
89.100000	 -81.627892
89.150000	 -81.626165
89.200000	 -81.624429
89.250000	 -81.622685
89.300000	 -81.620934
89.350000	 -81.619174
89.400000	 -81.617406
89.450000	 -81.615630
89.500000	 -81.613847
89.550000	 -81.612055
89.600000	 -81.610255
89.650000	 -81.608448
89.700000	 -81.606633
89.750000	 -81.604810
89.800000	 -81.602979
89.850000	 -81.601141
89.900000	 -81.599295
89.950000	 -81.597442
90.000000	 -81.595581
90.050000	 -81.593712
90.100000	 -81.591836
90.150000	 -81.589953
90.200000	 -81.588062
90.250000	 -81.586163
90.300000	 -81.584258
90.350000	 -81.582345
90.400000	 -81.580425
90.450000	 -81.578497
90.500000	 -81.576563
90.550000	 -81.574621
90.600000	 -81.572672
90.650000	 -81.570716
90.700000	 -81.568753
90.750000	 -81.566783
90.800000	 -81.564806
90.850000	 -81.562822
90.900000	 -81.560831
90.950000	 -81.558834
91.000000	 -81.556829
91.050000	 -81.554818
91.100000	 -81.552800
91.150000	 -81.550775
91.200000	 -81.548744
91.250000	 -81.546706
91.300000	 -81.544661
91.350000	 -81.542610
91.400000	 -81.540552
91.450000	 -81.538487
91.500000	 -81.536416
91.550000	 -81.534339
91.600000	 -81.532255
91.650000	 -81.530165
91.700000	 -81.528069
91.750000	 -81.525966
91.800000	 -81.523857
91.850000	 -81.521741
91.900000	 -81.519620
91.950000	 -81.517492
92.000000	 -81.515358
92.050000	 -81.513218
92.100000	 -81.511072
92.150000	 -81.508920
92.200000	 -81.506761
92.250000	 -81.504597
92.300000	 -81.502427
92.350000	 -81.500251
92.400000	 -81.498069
92.450000	 -81.495881
92.500000	 -81.493687
92.550000	 -81.491488
92.600000	 -81.489282
92.650000	 -81.487071
92.700000	 -81.484855
92.750000	 -81.482632
92.800000	 -81.480404
92.850000	 -81.478171
92.900000	 -81.475931
92.950000	 -81.473686
93.000000	 -81.471436
93.050000	 -81.469180
93.100000	 -81.466919
93.150000	 -81.464652
93.200000	 -81.462380
93.250000	 -81.460102
93.300000	 -81.457820
93.350000	 -81.455531
93.400000	 -81.453238
93.450000	 -81.450939
93.500000	 -81.448635
93.550000	 -81.446326
93.600000	 -81.444012
93.650000	 -81.441692
93.700000	 -81.439368
93.750000	 -81.437038
93.800000	 -81.434703
93.850000	 -81.432363
93.900000	 -81.430018
93.950000	 -81.427669
94.000000	 -81.425314
94.050000	 -81.422954
94.100000	 -81.420590
94.150000	 -81.418221
94.200000	 -81.415846
94.250000	 -81.413467
94.300000	 -81.411084
94.350000	 -81.408695
94.400000	 -81.406302
94.450000	 -81.403904
94.500000	 -81.401501
94.550000	 -81.399094
94.600000	 -81.396682
94.650000	 -81.394266
94.700000	 -81.391845
94.750000	 -81.389419
94.800000	 -81.386989
94.850000	 -81.384554
94.900000	 -81.382115
94.950000	 -81.379672
95.000000	 -81.377224
95.050000	 -81.374772
95.100000	 -81.372315
95.150000	 -81.369854
95.200000	 -81.367389
95.250000	 -81.364920
95.300000	 -81.362446
95.350000	 -81.359968
95.400000	 -81.357486
95.450000	 -81.354999
95.500000	 -81.352509
95.550000	 -81.350014
95.600000	 -81.347516
95.650000	 -81.345013
95.700000	 -81.342506
95.750000	 -81.339995
95.800000	 -81.337480
95.850000	 -81.334962
95.900000	 -81.332439
95.950000	 -81.329912
96.000000	 -81.327381
96.050000	 -81.324847
96.100000	 -81.322308
96.150000	 -81.319766
96.200000	 -81.317220
96.250000	 -81.314670
96.300000	 -81.312117
96.350000	 -81.309559
96.400000	 -81.306998
96.450000	 -81.304434
96.500000	 -81.301865
96.550000	 -81.299293
96.600000	 -81.296717
96.650000	 -81.294138
96.700000	 -81.291555
96.750000	 -81.288969
96.800000	 -81.286379
96.850000	 -81.283785
96.900000	 -81.281188
96.950000	 -81.278588
97.000000	 -81.275984
97.050000	 -81.273376
97.100000	 -81.270766
97.150000	 -81.268151
97.200000	 -81.265534
97.250000	 -81.262913
97.300000	 -81.260289
97.350000	 -81.257661
97.400000	 -81.255031
97.450000	 -81.252396
97.500000	 -81.249759
97.550000	 -81.247119
97.600000	 -81.244475
97.650000	 -81.241828
97.700000	 -81.239178
97.750000	 -81.236525
97.800000	 -81.233869
97.850000	 -81.231210
97.900000	 -81.228547
97.950000	 -81.225882
98.000000	 -81.223213
98.050000	 -81.220542
98.100000	 -81.217867
98.150000	 -81.215190
98.200000	 -81.212510
98.250000	 -81.209826
98.300000	 -81.207140
98.350000	 -81.204451
98.400000	 -81.201759
98.450000	 -81.199064
98.500000	 -81.196367
98.550000	 -81.193666
98.600000	 -81.190963
98.650000	 -81.188257
98.700000	 -81.185549
98.750000	 -81.182837
98.800000	 -81.180123
98.850000	 -81.177406
98.900000	 -81.174687
98.950000	 -81.171965
99.000000	 -81.169240
99.050000	 -81.166513
99.100000	 -81.163783
99.150000	 -81.161050
99.200000	 -81.158315
99.250000	 -81.155578
99.300000	 -81.152838
99.350000	 -81.150095
99.400000	 -81.147350
99.450000	 -81.144603
99.500000	 -81.141853
99.550000	 -81.139101
99.600000	 -81.136346
99.650000	 -81.133589
99.700000	 -81.130829
99.750000	 -81.128068
99.800000	 -81.125303
99.850000	 -81.122537
99.900000	 -81.119768
99.950000	 -81.116997
100.000000	 -81.114224
