0.000000	 -78.470234
0.050000	 -78.470234
0.100000	 -78.470234
0.150000	 -78.470234
0.200000	 -78.470234
0.250000	 -78.470234
0.300000	 -78.470234
0.350000	 -78.470234
0.400000	 -78.470234
0.450000	 -78.470234
0.500000	 -78.470234
0.550000	 -78.470234
0.600000	 -78.470234
0.650000	 -78.470234
0.700000	 -78.470234
0.750000	 -78.470234
0.800000	 -78.470234
0.850000	 -78.470234
0.900000	 -78.470234
0.950000	 -78.470234
1.000000	 -78.470234
1.050000	 -78.470234
1.100000	 -78.470234
1.150000	 -78.470234
1.200000	 -78.470234
1.250000	 -78.470234
1.300000	 -78.470234
1.350000	 -78.470234
1.400000	 -78.470234
1.450000	 -78.470234
1.500000	 -78.470234
1.550000	 -78.470234
1.600000	 -78.470234
1.650000	 -78.470234
1.700000	 -78.470234
1.750000	 -78.470234
1.800000	 -78.470234
1.850000	 -78.470234
1.900000	 -78.470234
1.950000	 -78.470234
2.000000	 -78.470234
2.050000	 -78.470234
2.100000	 -78.470234
2.150000	 -78.470234
2.200000	 -78.470234
2.250000	 -78.470234
2.300000	 -78.470234
2.350000	 -78.470234
2.400000	 -78.470234
2.450000	 -78.470234
2.500000	 -78.470234
2.550000	 -78.470234
2.600000	 -78.470234
2.650000	 -78.470234
2.700000	 -78.470234
2.750000	 -78.470234
2.800000	 -78.470234
2.850000	 -78.470234
2.900000	 -78.470234
2.950000	 -78.470234
3.000000	 -78.470234
3.050000	 -78.470234
3.100000	 -78.470234
3.150000	 -78.470234
3.200000	 -78.470235
3.250000	 -78.470235
3.300000	 -78.470235
3.350000	 -78.470235
3.400000	 -78.470235
3.450000	 -78.470235
3.500000	 -78.470235
3.550000	 -78.470235
3.600000	 -78.470235
3.650000	 -78.470235
3.700000	 -78.470235
3.750000	 -78.470235
3.800000	 -78.470235
3.850000	 -78.470235
3.900000	 -78.470235
3.950000	 -78.470235
4.000000	 -78.470235
4.050000	 -78.470235
4.100000	 -78.470235
4.150000	 -78.470235
4.200000	 -78.470235
4.250000	 -78.470235
4.300000	 -78.470235
4.350000	 -78.470235
4.400000	 -78.470235
4.450000	 -78.470235
4.500000	 -78.470235
4.550000	 -78.470235
4.600000	 -78.470235
4.650000	 -78.470235
4.700000	 -78.470235
4.750000	 -78.470235
4.800000	 -78.470235
4.850000	 -78.470235
4.900000	 -78.470235
4.950000	 -78.470235
5.000000	 -78.470235
5.050000	 -78.470235
5.100000	 -78.470234
5.150000	 -78.470233
5.200000	 -78.470229
5.250000	 -78.470220
5.300000	 -78.470200
5.350000	 -78.470165
5.400000	 -78.470106
5.450000	 -78.470015
5.500000	 -78.469881
5.550000	 -78.469694
5.600000	 -78.469444
5.650000	 -78.469118
5.700000	 -78.468706
5.750000	 -78.468197
5.800000	 -78.467581
5.850000	 -78.466849
5.900000	 -78.465991
5.950000	 -78.464999
6.000000	 -78.463867
6.050000	 -78.462588
6.100000	 -78.461156
6.150000	 -78.459568
6.200000	 -78.457818
6.250000	 -78.455905
6.300000	 -78.453826
6.350000	 -78.451579
6.400000	 -78.449163
6.450000	 -78.446578
6.500000	 -78.443823
6.550000	 -78.440900
6.600000	 -78.437808
6.650000	 -78.434549
6.700000	 -78.431125
6.750000	 -78.427536
6.800000	 -78.423785
6.850000	 -78.419874
6.900000	 -78.415804
6.950000	 -78.411577
7.000000	 -78.407195
7.050000	 -78.402660
7.100000	 -78.397974
7.150000	 -78.393138
7.200000	 -78.388153
7.250000	 -78.383020
7.300000	 -78.377739
7.350000	 -78.372312
7.400000	 -78.366738
7.450000	 -78.361016
7.500000	 -78.355144
7.550000	 -78.349122
7.600000	 -78.342945
7.650000	 -78.336610
7.700000	 -78.330112
7.750000	 -78.323444
7.800000	 -78.316598
7.850000	 -78.309564
7.900000	 -78.302328
7.950000	 -78.294874
8.000000	 -78.287178
8.050000	 -78.279212
8.100000	 -78.270937
8.150000	 -78.262298
8.200000	 -78.253219
8.250000	 -78.243587
8.300000	 -78.233233
8.350000	 -78.221910
8.400000	 -78.209260
8.450000	 -78.194783
8.500000	 -78.177807
8.550000	 -78.157470
8.600000	 -78.132702
8.650000	 -78.102228
8.700000	 -78.064541
8.750000	 -78.017874
8.800000	 -77.960127
8.850000	 -77.888834
8.900000	 -77.801280
8.950000	 -77.694840
9.000000	 -77.567439
9.050000	 -77.417921
9.100000	 -77.246173
9.150000	 -77.053045
9.200000	 -76.840188
9.250000	 -76.609884
9.300000	 -76.364863
9.350000	 -76.108101
9.400000	 -75.842621
9.450000	 -75.571320
9.500000	 -75.296850
9.550000	 -75.021548
9.600000	 -74.747412
9.650000	 -74.476111
9.700000	 -74.209014
9.750000	 -73.947229
9.800000	 -73.691646
9.850000	 -73.442975
9.900000	 -73.201788
9.950000	 -72.968547
10.000000	 -72.743636
10.050000	 -72.527385
10.100000	 -72.320085
10.150000	 -72.122008
10.200000	 -71.933416
10.250000	 -71.754570
10.300000	 -71.585735
10.350000	 -71.427182
10.400000	 -71.279178
10.450000	 -71.141980
10.500000	 -71.015817
10.550000	 -70.900867
10.600000	 -70.797228
10.650000	 -70.704888
10.700000	 -70.623696
10.750000	 -70.553340
10.800000	 -70.493338
10.850000	 -70.443047
10.900000	 -70.401690
10.950000	 -70.368391
11.000000	 -70.342221
11.050000	 -70.322245
11.100000	 -70.307555
11.150000	 -70.297306
11.200000	 -70.290729
11.250000	 -70.287144
11.300000	 -70.285961
11.350000	 -70.286674
11.400000	 -70.288859
11.450000	 -70.292162
11.500000	 -70.296289
11.550000	 -70.301002
11.600000	 -70.306106
11.650000	 -70.311444
11.700000	 -70.316891
11.750000	 -70.322347
11.800000	 -70.327734
11.850000	 -70.332993
11.900000	 -70.338077
11.950000	 -70.342952
12.000000	 -70.347593
12.050000	 -70.351984
12.100000	 -70.356114
12.150000	 -70.359977
12.200000	 -70.363571
12.250000	 -70.366897
12.300000	 -70.369959
12.350000	 -70.372762
12.400000	 -70.375313
12.450000	 -70.377619
12.500000	 -70.379689
12.550000	 -70.381530
12.600000	 -70.383151
12.650000	 -70.384561
12.700000	 -70.385768
12.750000	 -70.386781
12.800000	 -70.387606
12.850000	 -70.388251
12.900000	 -70.388722
12.950000	 -70.389027
13.000000	 -70.389171
13.050000	 -70.389159
13.100000	 -70.388996
13.150000	 -70.388686
13.200000	 -70.388233
13.250000	 -70.387640
13.300000	 -70.386909
13.350000	 -70.386043
13.400000	 -70.385043
13.450000	 -70.383910
13.500000	 -70.382645
13.550000	 -70.381248
13.600000	 -70.379718
13.650000	 -70.378054
13.700000	 -70.376256
13.750000	 -70.374322
13.800000	 -70.372249
13.850000	 -70.370034
13.900000	 -70.367675
13.950000	 -70.365168
14.000000	 -70.362510
14.050000	 -70.359695
14.100000	 -70.356720
14.150000	 -70.353580
14.200000	 -70.350268
14.250000	 -70.346781
14.300000	 -70.343110
14.350000	 -70.339251
14.400000	 -70.335197
14.450000	 -70.330940
14.500000	 -70.326474
14.550000	 -70.321792
14.600000	 -70.316886
14.650000	 -70.311749
14.700000	 -70.306373
14.750000	 -70.300750
14.800000	 -70.294872
14.850000	 -70.288732
14.900000	 -70.282321
14.950000	 -70.275631
15.000000	 -70.268655
15.050000	 -70.261385
15.100000	 -70.253811
15.150000	 -70.245928
15.200000	 -70.237726
15.250000	 -70.229199
15.300000	 -70.220338
15.350000	 -70.211136
15.400000	 -70.201585
15.450000	 -70.191678
15.500000	 -70.181408
15.550000	 -70.170766
15.600000	 -70.159747
15.650000	 -70.148342
15.700000	 -70.136545
15.750000	 -70.124349
15.800000	 -70.111747
15.850000	 -70.098731
15.900000	 -70.085295
15.950000	 -70.071432
16.000000	 -70.057136
16.050000	 -70.042400
16.100000	 -70.027216
16.150000	 -70.011579
16.200000	 -69.995482
16.250000	 -69.978918
16.300000	 -69.961881
16.350000	 -69.944364
16.400000	 -69.926360
16.450000	 -69.907862
16.500000	 -69.888865
16.550000	 -69.869360
16.600000	 -69.849341
16.650000	 -69.828801
16.700000	 -69.807732
16.750000	 -69.786127
16.800000	 -69.763978
16.850000	 -69.741277
16.900000	 -69.718015
16.950000	 -69.694183
17.000000	 -69.669772
17.050000	 -69.644771
17.100000	 -69.619170
17.150000	 -69.592958
17.200000	 -69.566123
17.250000	 -69.538651
17.300000	 -69.510529
17.350000	 -69.481741
17.400000	 -69.452272
17.450000	 -69.422104
17.500000	 -69.391218
17.550000	 -69.359594
17.600000	 -69.327209
17.650000	 -69.294041
17.700000	 -69.260062
17.750000	 -69.225244
17.800000	 -69.189557
17.850000	 -69.152968
17.900000	 -69.115440
17.950000	 -69.076934
18.000000	 -69.037408
18.050000	 -68.996815
18.100000	 -68.955105
18.150000	 -68.912226
18.200000	 -68.868119
18.250000	 -68.822721
18.300000	 -68.775965
18.350000	 -68.727781
18.400000	 -68.678091
18.450000	 -68.626816
18.500000	 -68.573868
18.550000	 -68.519160
18.600000	 -68.462597
18.650000	 -68.404084
18.700000	 -68.343521
18.750000	 -68.280809
18.800000	 -68.215848
18.850000	 -68.148540
18.900000	 -68.078788
18.950000	 -68.006502
19.000000	 -67.931595
19.050000	 -67.853990
19.100000	 -67.773617
19.150000	 -67.690419
19.200000	 -67.604348
19.250000	 -67.515369
19.300000	 -67.423459
19.350000	 -67.328606
19.400000	 -67.230811
19.450000	 -67.130084
19.500000	 -67.026447
19.550000	 -66.919928
19.600000	 -66.810562
19.650000	 -66.698388
19.700000	 -66.583449
19.750000	 -66.465788
19.800000	 -66.345448
19.850000	 -66.222467
19.900000	 -66.096881
19.950000	 -65.968716
20.000000	 -65.837990
20.050000	 -65.704711
20.100000	 -65.568872
20.150000	 -65.430449
20.200000	 -65.289404
20.250000	 -65.145674
20.300000	 -64.999175
20.350000	 -64.849797
20.400000	 -64.697397
20.450000	 -64.541800
20.500000	 -64.382788
20.550000	 -64.220101
20.600000	 -64.053424
20.650000	 -63.882382
20.700000	 -63.706526
20.750000	 -63.525324
20.800000	 -63.338140
20.850000	 -63.144218
20.900000	 -62.942649
20.950000	 -62.732339
21.000000	 -62.511964
21.050000	 -62.279902
21.100000	 -62.034149
21.150000	 -61.772197
21.200000	 -61.490855
21.250000	 -61.185988
21.300000	 -60.852110
21.350000	 -60.481732
21.400000	 -60.064265
21.450000	 -59.584061
21.500000	 -59.016818
21.550000	 -58.323019
21.600000	 -57.436264
21.650000	 -56.239499
21.700000	 -54.503007
21.750000	 -51.686294
21.800000	 -46.324697
21.850000	 -36.497136
21.900000	 -22.383030
21.950000	 -3.387502
22.000000	 18.909434
22.050000	 33.542285
22.100000	 39.596240
22.150000	 41.107618
22.200000	 40.137010
22.250000	 37.568544
22.300000	 33.881258
22.350000	 29.422358
22.400000	 24.483607
22.450000	 19.317538
22.500000	 14.135784
22.550000	 9.102804
22.600000	 4.331785
22.650000	 -0.113760
22.700000	 -4.212556
22.750000	 -7.974757
22.800000	 -11.430630
22.850000	 -14.620754
22.900000	 -17.588817
22.950000	 -20.377390
23.000000	 -23.026235
23.050000	 -25.571915
23.100000	 -28.047404
23.150000	 -30.481074
23.200000	 -32.895073
23.250000	 -35.303399
23.300000	 -37.710078
23.350000	 -40.108003
23.400000	 -42.479099
23.450000	 -44.796365
23.500000	 -47.027830
23.550000	 -49.141703
23.600000	 -51.111411
23.650000	 -52.919155
23.700000	 -54.557217
23.750000	 -56.027137
23.800000	 -57.337503
23.850000	 -58.501273
23.900000	 -59.533366
23.950000	 -60.448883
24.000000	 -61.261996
24.050000	 -61.985409
24.100000	 -62.630209
24.150000	 -63.205933
24.200000	 -63.720731
24.250000	 -64.181585
24.300000	 -64.594487
24.350000	 -64.964621
24.400000	 -65.296501
24.450000	 -65.594063
24.500000	 -65.860779
24.550000	 -66.099720
24.600000	 -66.313610
24.650000	 -66.504867
24.700000	 -66.675659
24.750000	 -66.827934
24.800000	 -66.963438
24.850000	 -67.083748
24.900000	 -67.190283
24.950000	 -67.284328
25.000000	 -67.367043
25.050000	 -67.439484
25.100000	 -67.502606
25.150000	 -67.557276
25.200000	 -67.604285
25.250000	 -67.644347
25.300000	 -67.678114
25.350000	 -67.706179
25.400000	 -67.729078
25.450000	 -67.747301
25.500000	 -67.761293
25.550000	 -67.771458
25.600000	 -67.778165
25.650000	 -67.781747
25.700000	 -67.782509
25.750000	 -67.780727
25.800000	 -67.776652
25.850000	 -67.770512
25.900000	 -67.762514
25.950000	 -67.752846
26.000000	 -67.741678
26.050000	 -67.729166
26.100000	 -67.715450
26.150000	 -67.700656
26.200000	 -67.684900
26.250000	 -67.668286
26.300000	 -67.650909
26.350000	 -67.632853
26.400000	 -67.614196
26.450000	 -67.595009
26.500000	 -67.575354
26.550000	 -67.555289
26.600000	 -67.534865
26.650000	 -67.514130
26.700000	 -67.493125
26.750000	 -67.471890
26.800000	 -67.450459
26.850000	 -67.428864
26.900000	 -67.407133
26.950000	 -67.385293
27.000000	 -67.363367
27.050000	 -67.341377
27.100000	 -67.319342
27.150000	 -67.297281
27.200000	 -67.275208
27.250000	 -67.253140
27.300000	 -67.231089
27.350000	 -67.209068
27.400000	 -67.187087
27.450000	 -67.165156
27.500000	 -67.143284
27.550000	 -67.121479
27.600000	 -67.099748
27.650000	 -67.078096
27.700000	 -67.056530
27.750000	 -67.035055
27.800000	 -67.013673
27.850000	 -66.992390
27.900000	 -66.971206
27.950000	 -66.950126
28.000000	 -66.929150
28.050000	 -66.908280
28.100000	 -66.887516
28.150000	 -66.866859
28.200000	 -66.846308
28.250000	 -66.825865
28.300000	 -66.805527
28.350000	 -66.785294
28.400000	 -66.765165
28.450000	 -66.745139
28.500000	 -66.725213
28.550000	 -66.705386
28.600000	 -66.685656
28.650000	 -66.666020
28.700000	 -66.646476
28.750000	 -66.627022
28.800000	 -66.607655
28.850000	 -66.588372
28.900000	 -66.569171
28.950000	 -66.550048
29.000000	 -66.531000
29.050000	 -66.512025
29.100000	 -66.493119
29.150000	 -66.474279
29.200000	 -66.455502
29.250000	 -66.436785
29.300000	 -66.418125
29.350000	 -66.399517
29.400000	 -66.380960
29.450000	 -66.362450
29.500000	 -66.343983
29.550000	 -66.325557
29.600000	 -66.307169
29.650000	 -66.288814
29.700000	 -66.270492
29.750000	 -66.252197
29.800000	 -66.233929
29.850000	 -66.215683
29.900000	 -66.197458
29.950000	 -66.179251
30.000000	 -66.161060
30.050000	 -66.142882
30.100000	 -66.124716
30.150000	 -66.106560
30.200000	 -66.088412
30.250000	 -66.070271
30.300000	 -66.052136
30.350000	 -66.034006
30.400000	 -66.015880
30.450000	 -65.997757
30.500000	 -65.979637
30.550000	 -65.961520
30.600000	 -65.943406
30.650000	 -65.925295
30.700000	 -65.907187
30.750000	 -65.889082
30.800000	 -65.870981
30.850000	 -65.852885
30.900000	 -65.834793
30.950000	 -65.816708
31.000000	 -65.798629
31.050000	 -65.780557
31.100000	 -65.762493
31.150000	 -65.744437
31.200000	 -65.726392
31.250000	 -65.708356
31.300000	 -65.690331
31.350000	 -65.672318
31.400000	 -65.654317
31.450000	 -65.636329
31.500000	 -65.618353
31.550000	 -65.600391
31.600000	 -65.582442
31.650000	 -65.564507
31.700000	 -65.546585
31.750000	 -65.528676
31.800000	 -65.510780
31.850000	 -65.492897
31.900000	 -65.475026
31.950000	 -65.457166
32.000000	 -65.439316
32.050000	 -65.421476
32.100000	 -65.403645
32.150000	 -65.385820
32.200000	 -65.368003
32.250000	 -65.350190
32.300000	 -65.332380
32.350000	 -65.314573
32.400000	 -65.296766
32.450000	 -65.278958
32.500000	 -65.261147
32.550000	 -65.243332
32.600000	 -65.225512
32.650000	 -65.207684
32.700000	 -65.189846
32.750000	 -65.171999
32.800000	 -65.154139
32.850000	 -65.136267
32.900000	 -65.118380
32.950000	 -65.100478
33.000000	 -65.082560
33.050000	 -65.064626
33.100000	 -65.046675
33.150000	 -65.028708
33.200000	 -65.010724
33.250000	 -64.992725
33.300000	 -64.974711
33.350000	 -64.956686
33.400000	 -64.938650
33.450000	 -64.920607
33.500000	 -64.902560
33.550000	 -64.884514
33.600000	 -64.866474
33.650000	 -64.848446
33.700000	 -64.830437
33.750000	 -64.812454
33.800000	 -64.794507
33.850000	 -64.776605
33.900000	 -64.758761
33.950000	 -64.740987
34.000000	 -64.723298
34.050000	 -64.705708
34.100000	 -64.688236
34.150000	 -64.670900
34.200000	 -64.653721
34.250000	 -64.636722
34.300000	 -64.619927
34.350000	 -64.603363
34.400000	 -64.587059
34.450000	 -64.571045
34.500000	 -64.555354
34.550000	 -64.540022
34.600000	 -64.525087
34.650000	 -64.510587
34.700000	 -64.496564
34.750000	 -64.483064
34.800000	 -64.470132
34.850000	 -64.457817
34.900000	 -64.446169
34.950000	 -64.435241
35.000000	 -64.425086
35.050000	 -64.415760
35.100000	 -64.407320
35.150000	 -64.399823
35.200000	 -64.393327
35.250000	 -64.387889
35.300000	 -64.383567
35.350000	 -64.380416
35.400000	 -64.378491
35.450000	 -64.377843
35.500000	 -64.378520
35.550000	 -64.380566
35.600000	 -64.384019
35.650000	 -64.388912
35.700000	 -64.395270
35.750000	 -64.403114
35.800000	 -64.412453
35.850000	 -64.423290
35.900000	 -64.435618
35.950000	 -64.449423
36.000000	 -64.464682
36.050000	 -64.481363
36.100000	 -64.499430
36.150000	 -64.518837
36.200000	 -64.539534
36.250000	 -64.561467
36.300000	 -64.584578
36.350000	 -64.608807
36.400000	 -64.634093
36.450000	 -64.660374
36.500000	 -64.687589
36.550000	 -64.715678
36.600000	 -64.744583
36.650000	 -64.774249
36.700000	 -64.804623
36.750000	 -64.835653
36.800000	 -64.867294
36.850000	 -64.899500
36.900000	 -64.932232
36.950000	 -64.965451
37.000000	 -64.999122
37.050000	 -65.033214
37.100000	 -65.067696
37.150000	 -65.102542
37.200000	 -65.137728
37.250000	 -65.173231
37.300000	 -65.209031
37.350000	 -65.245109
37.400000	 -65.281449
37.450000	 -65.318034
37.500000	 -65.354850
37.550000	 -65.391885
37.600000	 -65.429127
37.650000	 -65.466565
37.700000	 -65.504188
37.750000	 -65.541988
37.800000	 -65.579955
37.850000	 -65.618082
37.900000	 -65.656361
37.950000	 -65.694784
38.000000	 -65.733346
38.050000	 -65.772039
38.100000	 -65.810858
38.150000	 -65.849796
38.200000	 -65.888848
38.250000	 -65.928009
38.300000	 -65.967272
38.350000	 -66.006633
38.400000	 -66.046087
38.450000	 -66.085628
38.500000	 -66.125251
38.550000	 -66.164952
38.600000	 -66.204727
38.650000	 -66.244570
38.700000	 -66.284479
38.750000	 -66.324447
38.800000	 -66.364472
38.850000	 -66.404550
38.900000	 -66.444676
38.950000	 -66.484847
39.000000	 -66.525059
39.050000	 -66.565310
39.100000	 -66.605595
39.150000	 -66.645912
39.200000	 -66.686258
39.250000	 -66.726630
39.300000	 -66.767024
39.350000	 -66.807439
39.400000	 -66.847871
39.450000	 -66.888319
39.500000	 -66.928779
39.550000	 -66.969250
39.600000	 -67.009730
39.650000	 -67.050216
39.700000	 -67.090706
39.750000	 -67.131197
39.800000	 -67.171689
39.850000	 -67.212179
39.900000	 -67.252665
39.950000	 -67.293145
40.000000	 -67.333619
40.050000	 -67.374084
40.100000	 -67.414540
40.150000	 -67.454984
40.200000	 -67.495415
40.250000	 -67.535833
40.300000	 -67.576236
40.350000	 -67.616624
40.400000	 -67.656994
40.450000	 -67.697347
40.500000	 -67.737681
40.550000	 -67.777996
40.600000	 -67.818290
40.650000	 -67.858564
40.700000	 -67.898817
40.750000	 -67.939047
40.800000	 -67.979255
40.850000	 -68.019439
40.900000	 -68.059600
40.950000	 -68.099737
41.000000	 -68.139849
41.050000	 -68.179935
41.100000	 -68.219996
41.150000	 -68.260030
41.200000	 -68.300036
41.250000	 -68.340015
41.300000	 -68.379966
41.350000	 -68.419888
41.400000	 -68.459780
41.450000	 -68.499644
41.500000	 -68.539477
41.550000	 -68.579280
41.600000	 -68.619052
41.650000	 -68.658793
41.700000	 -68.698503
41.750000	 -68.738181
41.800000	 -68.777827
41.850000	 -68.817441
41.900000	 -68.857023
41.950000	 -68.896572
42.000000	 -68.936088
42.050000	 -68.975571
42.100000	 -69.015020
42.150000	 -69.054436
42.200000	 -69.093819
42.250000	 -69.133167
42.300000	 -69.172481
42.350000	 -69.211761
42.400000	 -69.251007
42.450000	 -69.290217
42.500000	 -69.329392
42.550000	 -69.368531
42.600000	 -69.407634
42.650000	 -69.446700
42.700000	 -69.485730
42.750000	 -69.524723
42.800000	 -69.563678
42.850000	 -69.602596
42.900000	 -69.641476
42.950000	 -69.680317
43.000000	 -69.719120
43.050000	 -69.757885
43.100000	 -69.796610
43.150000	 -69.835296
43.200000	 -69.873943
43.250000	 -69.912550
43.300000	 -69.951117
43.350000	 -69.989644
43.400000	 -70.028130
43.450000	 -70.066576
43.500000	 -70.104981
43.550000	 -70.143346
43.600000	 -70.181669
43.650000	 -70.219950
43.700000	 -70.258191
43.750000	 -70.296389
43.800000	 -70.334546
43.850000	 -70.372660
43.900000	 -70.410732
43.950000	 -70.448761
44.000000	 -70.486747
44.050000	 -70.524689
44.100000	 -70.562587
44.150000	 -70.600441
44.200000	 -70.638251
44.250000	 -70.676015
44.300000	 -70.713735
44.350000	 -70.751410
44.400000	 -70.789039
44.450000	 -70.826622
44.500000	 -70.864159
44.550000	 -70.901649
44.600000	 -70.939094
44.650000	 -70.976491
44.700000	 -71.013841
44.750000	 -71.051144
44.800000	 -71.088400
44.850000	 -71.125608
44.900000	 -71.162768
44.950000	 -71.199880
45.000000	 -71.236944
45.050000	 -71.273960
45.100000	 -71.310926
45.150000	 -71.347845
45.200000	 -71.384714
45.250000	 -71.421534
45.300000	 -71.458305
45.350000	 -71.495026
45.400000	 -71.531698
45.450000	 -71.568319
45.500000	 -71.604889
45.550000	 -71.641409
45.600000	 -71.677877
45.650000	 -71.714294
45.700000	 -71.750660
45.750000	 -71.786974
45.800000	 -71.823235
45.850000	 -71.859444
45.900000	 -71.895600
45.950000	 -71.931704
46.000000	 -71.967754
46.050000	 -72.003751
46.100000	 -72.039694
46.150000	 -72.075584
46.200000	 -72.111419
46.250000	 -72.147200
46.300000	 -72.182927
46.350000	 -72.218600
46.400000	 -72.254217
46.450000	 -72.289780
46.500000	 -72.325287
46.550000	 -72.360739
46.600000	 -72.396136
46.650000	 -72.431477
46.700000	 -72.466762
46.750000	 -72.501991
46.800000	 -72.537164
46.850000	 -72.572280
46.900000	 -72.607340
46.950000	 -72.642343
47.000000	 -72.677288
47.050000	 -72.712176
47.100000	 -72.747006
47.150000	 -72.781778
47.200000	 -72.816492
47.250000	 -72.851147
47.300000	 -72.885743
47.350000	 -72.920280
47.400000	 -72.954757
47.450000	 -72.989175
47.500000	 -73.023533
47.550000	 -73.057831
47.600000	 -73.092069
47.650000	 -73.126246
47.700000	 -73.160363
47.750000	 -73.194419
47.800000	 -73.228414
47.850000	 -73.262347
47.900000	 -73.296219
47.950000	 -73.330029
48.000000	 -73.363777
48.050000	 -73.397464
48.100000	 -73.431088
48.150000	 -73.464649
48.200000	 -73.498148
48.250000	 -73.531585
48.300000	 -73.564958
48.350000	 -73.598268
48.400000	 -73.631515
48.450000	 -73.664698
48.500000	 -73.697817
48.550000	 -73.730873
48.600000	 -73.763864
48.650000	 -73.796790
48.700000	 -73.829651
48.750000	 -73.862448
48.800000	 -73.895179
48.850000	 -73.927844
48.900000	 -73.960444
48.950000	 -73.992977
49.000000	 -74.025444
49.050000	 -74.057845
49.100000	 -74.090179
49.150000	 -74.122446
49.200000	 -74.154645
49.250000	 -74.186778
49.300000	 -74.218843
49.350000	 -74.250840
49.400000	 -74.282769
49.450000	 -74.314630
49.500000	 -74.346422
49.550000	 -74.378147
49.600000	 -74.409802
49.650000	 -74.441389
49.700000	 -74.472906
49.750000	 -74.504354
49.800000	 -74.535733
49.850000	 -74.567043
49.900000	 -74.598282
49.950000	 -74.629452
50.000000	 -74.660551
50.050000	 -74.691581
50.100000	 -74.722540
50.150000	 -74.753428
50.200000	 -74.784246
50.250000	 -74.814992
50.300000	 -74.845668
50.350000	 -74.876272
50.400000	 -74.906804
50.450000	 -74.937264
50.500000	 -74.967653
50.550000	 -74.997969
50.600000	 -75.028212
50.650000	 -75.058383
50.700000	 -75.088481
50.750000	 -75.118506
50.800000	 -75.148458
50.850000	 -75.178336
50.900000	 -75.208141
50.950000	 -75.237872
51.000000	 -75.267530
51.050000	 -75.297113
51.100000	 -75.326622
51.150000	 -75.356057
51.200000	 -75.385417
51.250000	 -75.414703
51.300000	 -75.443913
51.350000	 -75.473049
51.400000	 -75.502110
51.450000	 -75.531096
51.500000	 -75.560006
51.550000	 -75.588841
51.600000	 -75.617601
51.650000	 -75.646284
51.700000	 -75.674892
51.750000	 -75.703424
51.800000	 -75.731880
51.850000	 -75.760260
51.900000	 -75.788564
51.950000	 -75.816791
52.000000	 -75.844942
52.050000	 -75.873016
52.100000	 -75.901013
52.150000	 -75.928934
52.200000	 -75.956777
52.250000	 -75.984544
52.300000	 -76.012233
52.350000	 -76.039844
52.400000	 -76.067378
52.450000	 -76.094835
52.500000	 -76.122213
52.550000	 -76.149514
52.600000	 -76.176736
52.650000	 -76.203881
52.700000	 -76.230947
52.750000	 -76.257935
52.800000	 -76.284844
52.850000	 -76.311675
52.900000	 -76.338427
52.950000	 -76.365101
53.000000	 -76.391695
53.050000	 -76.418211
53.100000	 -76.444648
53.150000	 -76.471006
53.200000	 -76.497285
53.250000	 -76.523485
53.300000	 -76.549606
53.350000	 -76.575647
53.400000	 -76.601609
53.450000	 -76.627492
53.500000	 -76.653295
53.550000	 -76.679019
53.600000	 -76.704663
53.650000	 -76.730228
53.700000	 -76.755713
53.750000	 -76.781118
53.800000	 -76.806444
53.850000	 -76.831690
53.900000	 -76.856857
53.950000	 -76.881943
54.000000	 -76.906950
54.050000	 -76.931878
54.100000	 -76.956725
54.150000	 -76.981492
54.200000	 -77.006180
54.250000	 -77.030787
54.300000	 -77.055315
54.350000	 -77.079762
54.400000	 -77.104130
54.450000	 -77.128417
54.500000	 -77.152624
54.550000	 -77.176751
54.600000	 -77.200797
54.650000	 -77.224764
54.700000	 -77.248650
54.750000	 -77.272456
54.800000	 -77.296182
54.850000	 -77.319827
54.900000	 -77.343392
54.950000	 -77.366877
55.000000	 -77.390282
55.050000	 -77.413606
55.100000	 -77.436851
55.150000	 -77.460014
55.200000	 -77.483098
55.250000	 -77.506102
55.300000	 -77.529025
55.350000	 -77.551868
55.400000	 -77.574631
55.450000	 -77.597314
55.500000	 -77.619916
55.550000	 -77.642439
55.600000	 -77.664882
55.650000	 -77.687244
55.700000	 -77.709527
55.750000	 -77.731730
55.800000	 -77.753853
55.850000	 -77.775896
55.900000	 -77.797859
55.950000	 -77.819743
56.000000	 -77.841546
56.050000	 -77.863271
56.100000	 -77.884916
56.150000	 -77.906481
56.200000	 -77.927967
56.250000	 -77.949373
56.300000	 -77.970700
56.350000	 -77.991948
56.400000	 -78.013117
56.450000	 -78.034206
56.500000	 -78.055217
56.550000	 -78.076149
56.600000	 -78.097001
56.650000	 -78.117775
56.700000	 -78.138470
56.750000	 -78.159086
56.800000	 -78.179624
56.850000	 -78.200083
56.900000	 -78.220463
56.950000	 -78.240765
57.000000	 -78.260988
57.050000	 -78.281134
57.100000	 -78.301200
57.150000	 -78.321189
57.200000	 -78.341100
57.250000	 -78.360932
57.300000	 -78.380687
57.350000	 -78.400364
57.400000	 -78.419963
57.450000	 -78.439484
57.500000	 -78.458928
57.550000	 -78.478294
57.600000	 -78.497583
57.650000	 -78.516795
57.700000	 -78.535930
57.750000	 -78.554987
57.800000	 -78.573968
57.850000	 -78.592871
57.900000	 -78.611698
57.950000	 -78.630449
58.000000	 -78.649123
58.050000	 -78.667720
58.100000	 -78.686241
58.150000	 -78.704686
58.200000	 -78.723055
58.250000	 -78.741348
58.300000	 -78.759565
58.350000	 -78.777706
58.400000	 -78.795772
58.450000	 -78.813763
58.500000	 -78.831678
58.550000	 -78.849518
58.600000	 -78.867283
58.650000	 -78.884973
58.700000	 -78.902588
58.750000	 -78.920129
58.800000	 -78.937595
58.850000	 -78.954986
58.900000	 -78.972304
58.950000	 -78.989547
59.000000	 -79.006717
59.050000	 -79.023812
59.100000	 -79.040834
59.150000	 -79.057783
59.200000	 -79.074658
59.250000	 -79.091460
59.300000	 -79.108188
59.350000	 -79.124844
59.400000	 -79.141427
59.450000	 -79.157937
59.500000	 -79.174375
59.550000	 -79.190741
59.600000	 -79.207034
59.650000	 -79.223255
59.700000	 -79.239405
59.750000	 -79.255482
59.800000	 -79.271488
59.850000	 -79.287423
59.900000	 -79.303286
59.950000	 -79.319077
60.000000	 -79.334798
60.050000	 -79.350448
60.100000	 -79.366027
60.150000	 -79.381536
60.200000	 -79.396974
60.250000	 -79.412341
60.300000	 -79.427639
60.350000	 -79.442867
60.400000	 -79.458024
60.450000	 -79.473113
60.500000	 -79.488131
60.550000	 -79.503081
60.600000	 -79.517961
60.650000	 -79.532772
60.700000	 -79.547514
60.750000	 -79.562188
60.800000	 -79.576793
60.850000	 -79.591330
60.900000	 -79.605798
60.950000	 -79.620199
61.000000	 -79.634532
61.050000	 -79.648797
61.100000	 -79.662994
61.150000	 -79.677124
61.200000	 -79.691187
61.250000	 -79.705183
61.300000	 -79.719112
61.350000	 -79.732975
61.400000	 -79.746771
61.450000	 -79.760501
61.500000	 -79.774164
61.550000	 -79.787762
61.600000	 -79.801294
61.650000	 -79.814760
61.700000	 -79.828161
61.750000	 -79.841496
61.800000	 -79.854767
61.850000	 -79.867972
61.900000	 -79.881113
61.950000	 -79.894190
62.000000	 -79.907202
62.050000	 -79.920150
62.100000	 -79.933033
62.150000	 -79.945853
62.200000	 -79.958610
62.250000	 -79.971303
62.300000	 -79.983932
62.350000	 -79.996499
62.400000	 -80.009003
62.450000	 -80.021443
62.500000	 -80.033822
62.550000	 -80.046138
62.600000	 -80.058392
62.650000	 -80.070584
62.700000	 -80.082714
62.750000	 -80.094782
62.800000	 -80.106789
62.850000	 -80.118735
62.900000	 -80.130619
62.950000	 -80.142443
63.000000	 -80.154206
63.050000	 -80.165909
63.100000	 -80.177551
63.150000	 -80.189133
63.200000	 -80.200655
63.250000	 -80.212118
63.300000	 -80.223520
63.350000	 -80.234864
63.400000	 -80.246148
63.450000	 -80.257373
63.500000	 -80.268539
63.550000	 -80.279647
63.600000	 -80.290696
63.650000	 -80.301686
63.700000	 -80.312619
63.750000	 -80.323494
63.800000	 -80.334311
63.850000	 -80.345070
63.900000	 -80.355772
63.950000	 -80.366416
64.000000	 -80.377004
64.050000	 -80.387534
64.100000	 -80.398008
64.150000	 -80.408426
64.200000	 -80.418787
64.250000	 -80.429092
64.300000	 -80.439341
64.350000	 -80.449534
64.400000	 -80.459671
64.450000	 -80.469753
64.500000	 -80.479780
64.550000	 -80.489752
64.600000	 -80.499668
64.650000	 -80.509530
64.700000	 -80.519338
64.750000	 -80.529091
64.800000	 -80.538790
64.850000	 -80.548435
64.900000	 -80.558026
64.950000	 -80.567564
65.000000	 -80.577048
65.050000	 -80.586479
65.100000	 -80.595856
65.150000	 -80.605181
65.200000	 -80.614453
65.250000	 -80.623672
65.300000	 -80.632839
65.350000	 -80.641954
65.400000	 -80.651017
65.450000	 -80.660028
65.500000	 -80.668987
65.550000	 -80.677895
65.600000	 -80.686752
65.650000	 -80.695557
65.700000	 -80.704311
65.750000	 -80.713015
65.800000	 -80.721668
65.850000	 -80.730271
65.900000	 -80.738823
65.950000	 -80.747325
66.000000	 -80.755778
66.050000	 -80.764180
66.100000	 -80.772534
66.150000	 -80.780837
66.200000	 -80.789092
66.250000	 -80.797298
66.300000	 -80.805454
66.350000	 -80.813562
66.400000	 -80.821622
66.450000	 -80.829633
66.500000	 -80.837596
66.550000	 -80.845512
66.600000	 -80.853379
66.650000	 -80.861199
66.700000	 -80.868971
66.750000	 -80.876696
66.800000	 -80.884374
66.850000	 -80.892005
66.900000	 -80.899589
66.950000	 -80.907127
67.000000	 -80.914618
67.050000	 -80.922063
67.100000	 -80.929462
67.150000	 -80.936815
67.200000	 -80.944123
67.250000	 -80.951385
67.300000	 -80.958601
67.350000	 -80.965772
67.400000	 -80.972898
67.450000	 -80.979979
67.500000	 -80.987016
67.550000	 -80.994008
67.600000	 -81.000955
67.650000	 -81.007859
67.700000	 -81.014718
67.750000	 -81.021533
67.800000	 -81.028305
67.850000	 -81.035033
67.900000	 -81.041718
67.950000	 -81.048360
68.000000	 -81.054958
68.050000	 -81.061514
68.100000	 -81.068026
68.150000	 -81.074497
68.200000	 -81.080925
68.250000	 -81.087310
68.300000	 -81.093654
68.350000	 -81.099955
68.400000	 -81.106215
68.450000	 -81.112433
68.500000	 -81.118610
68.550000	 -81.124746
68.600000	 -81.130840
68.650000	 -81.136894
68.700000	 -81.142906
68.750000	 -81.148878
68.800000	 -81.154810
68.850000	 -81.160701
68.900000	 -81.166552
68.950000	 -81.172363
69.000000	 -81.178134
69.050000	 -81.183865
69.100000	 -81.189557
69.150000	 -81.195209
69.200000	 -81.200823
69.250000	 -81.206397
69.300000	 -81.211932
69.350000	 -81.217428
69.400000	 -81.222886
69.450000	 -81.228305
69.500000	 -81.233686
69.550000	 -81.239029
69.600000	 -81.244334
69.650000	 -81.249601
69.700000	 -81.254830
69.750000	 -81.260021
69.800000	 -81.265175
69.850000	 -81.270292
69.900000	 -81.275372
69.950000	 -81.280415
70.000000	 -81.285420
70.050000	 -81.290390
70.100000	 -81.295322
70.150000	 -81.300218
70.200000	 -81.305078
70.250000	 -81.309902
70.300000	 -81.314690
70.350000	 -81.319442
70.400000	 -81.324159
70.450000	 -81.328839
70.500000	 -81.333485
70.550000	 -81.338095
70.600000	 -81.342670
70.650000	 -81.347210
70.700000	 -81.351716
70.750000	 -81.356186
70.800000	 -81.360622
70.850000	 -81.365024
70.900000	 -81.369391
70.950000	 -81.373725
71.000000	 -81.378024
71.050000	 -81.382289
71.100000	 -81.386521
71.150000	 -81.390719
71.200000	 -81.394884
71.250000	 -81.399015
71.300000	 -81.403113
71.350000	 -81.407178
71.400000	 -81.411210
71.450000	 -81.415209
71.500000	 -81.419176
71.550000	 -81.423110
71.600000	 -81.427012
71.650000	 -81.430881
71.700000	 -81.434718
71.750000	 -81.438524
71.800000	 -81.442297
71.850000	 -81.446038
71.900000	 -81.449748
71.950000	 -81.453427
72.000000	 -81.457074
72.050000	 -81.460690
72.100000	 -81.464275
72.150000	 -81.467829
72.200000	 -81.471351
72.250000	 -81.474844
72.300000	 -81.478305
72.350000	 -81.481736
72.400000	 -81.485137
72.450000	 -81.488508
72.500000	 -81.491848
72.550000	 -81.495158
72.600000	 -81.498439
72.650000	 -81.501690
72.700000	 -81.504911
72.750000	 -81.508102
72.800000	 -81.511265
72.850000	 -81.514398
72.900000	 -81.517501
72.950000	 -81.520576
73.000000	 -81.523622
73.050000	 -81.526639
73.100000	 -81.529628
73.150000	 -81.532588
73.200000	 -81.535519
73.250000	 -81.538423
73.300000	 -81.541298
73.350000	 -81.544144
73.400000	 -81.546963
73.450000	 -81.549755
73.500000	 -81.552518
73.550000	 -81.555254
73.600000	 -81.557962
73.650000	 -81.560643
73.700000	 -81.563297
73.750000	 -81.565923
73.800000	 -81.568522
73.850000	 -81.571095
73.900000	 -81.573641
73.950000	 -81.576159
74.000000	 -81.578652
74.050000	 -81.581118
74.100000	 -81.583557
74.150000	 -81.585970
74.200000	 -81.588357
74.250000	 -81.590718
74.300000	 -81.593053
74.350000	 -81.595363
74.400000	 -81.597646
74.450000	 -81.599904
74.500000	 -81.602137
74.550000	 -81.604343
74.600000	 -81.606525
74.650000	 -81.608682
74.700000	 -81.610813
74.750000	 -81.612919
74.800000	 -81.615001
74.850000	 -81.617058
74.900000	 -81.619090
74.950000	 -81.621098
75.000000	 -81.623081
75.050000	 -81.625039
75.100000	 -81.626974
75.150000	 -81.628884
75.200000	 -81.630771
75.250000	 -81.632633
75.300000	 -81.634471
75.350000	 -81.636286
75.400000	 -81.638077
75.450000	 -81.639845
75.500000	 -81.641589
75.550000	 -81.643310
75.600000	 -81.645007
75.650000	 -81.646682
75.700000	 -81.648333
75.750000	 -81.649961
75.800000	 -81.651567
75.850000	 -81.653150
75.900000	 -81.654710
75.950000	 -81.656247
76.000000	 -81.657762
76.050000	 -81.659255
76.100000	 -81.660725
76.150000	 -81.662174
76.200000	 -81.663600
76.250000	 -81.665004
76.300000	 -81.666386
76.350000	 -81.667747
76.400000	 -81.669085
76.450000	 -81.670402
76.500000	 -81.671698
76.550000	 -81.672972
76.600000	 -81.674225
76.650000	 -81.675456
76.700000	 -81.676667
76.750000	 -81.677856
76.800000	 -81.679024
76.850000	 -81.680172
76.900000	 -81.681298
76.950000	 -81.682404
77.000000	 -81.683489
77.050000	 -81.684554
77.100000	 -81.685598
77.150000	 -81.686622
77.200000	 -81.687626
77.250000	 -81.688609
77.300000	 -81.689572
77.350000	 -81.690515
77.400000	 -81.691439
77.450000	 -81.692342
77.500000	 -81.693226
77.550000	 -81.694090
77.600000	 -81.694935
77.650000	 -81.695759
77.700000	 -81.696565
77.750000	 -81.697351
77.800000	 -81.698118
77.850000	 -81.698866
77.900000	 -81.699595
77.950000	 -81.700304
78.000000	 -81.700995
78.050000	 -81.701667
78.100000	 -81.702320
78.150000	 -81.702954
78.200000	 -81.703570
78.250000	 -81.704168
78.300000	 -81.704746
78.350000	 -81.705307
78.400000	 -81.705849
78.450000	 -81.706373
78.500000	 -81.706879
78.550000	 -81.707367
78.600000	 -81.707837
78.650000	 -81.708289
78.700000	 -81.708723
78.750000	 -81.709140
78.800000	 -81.709538
78.850000	 -81.709920
78.900000	 -81.710283
78.950000	 -81.710630
79.000000	 -81.710959
79.050000	 -81.711270
79.100000	 -81.711565
79.150000	 -81.711842
79.200000	 -81.712102
79.250000	 -81.712346
79.300000	 -81.712572
79.350000	 -81.712782
79.400000	 -81.712974
79.450000	 -81.713151
79.500000	 -81.713310
79.550000	 -81.713453
79.600000	 -81.713580
79.650000	 -81.713690
79.700000	 -81.713784
79.750000	 -81.713861
79.800000	 -81.713922
79.850000	 -81.713968
79.900000	 -81.713997
79.950000	 -81.714010
80.000000	 -81.714008
80.050000	 -81.713989
80.100000	 -81.713955
80.150000	 -81.713905
80.200000	 -81.713840
80.250000	 -81.713758
80.300000	 -81.713662
80.350000	 -81.713550
80.400000	 -81.713423
80.450000	 -81.713280
80.500000	 -81.713122
80.550000	 -81.712949
80.600000	 -81.712761
80.650000	 -81.712558
80.700000	 -81.712340
80.750000	 -81.712107
80.800000	 -81.711860
80.850000	 -81.711597
80.900000	 -81.711320
80.950000	 -81.711028
81.000000	 -81.710722
81.050000	 -81.710401
81.100000	 -81.710066
81.150000	 -81.709717
81.200000	 -81.709353
81.250000	 -81.708975
81.300000	 -81.708582
81.350000	 -81.708176
81.400000	 -81.707756
81.450000	 -81.707321
81.500000	 -81.706873
81.550000	 -81.706411
81.600000	 -81.705935
81.650000	 -81.705445
81.700000	 -81.704942
81.750000	 -81.704425
81.800000	 -81.703894
81.850000	 -81.703350
81.900000	 -81.702793
81.950000	 -81.702222
82.000000	 -81.701638
82.050000	 -81.701040
82.100000	 -81.700430
82.150000	 -81.699806
82.200000	 -81.699169
82.250000	 -81.698519
82.300000	 -81.697857
82.350000	 -81.697181
82.400000	 -81.696492
82.450000	 -81.695791
82.500000	 -81.695077
82.550000	 -81.694350
82.600000	 -81.693611
82.650000	 -81.692859
82.700000	 -81.692095
82.750000	 -81.691318
82.800000	 -81.690529
82.850000	 -81.689727
82.900000	 -81.688914
82.950000	 -81.688088
83.000000	 -81.687249
83.050000	 -81.686399
83.100000	 -81.685537
83.150000	 -81.684662
83.200000	 -81.683776
83.250000	 -81.682878
83.300000	 -81.681968
83.350000	 -81.681046
83.400000	 -81.680113
83.450000	 -81.679167
83.500000	 -81.678211
83.550000	 -81.677242
83.600000	 -81.676262
83.650000	 -81.675271
83.700000	 -81.674268
83.750000	 -81.673254
83.800000	 -81.672229
83.850000	 -81.671192
83.900000	 -81.670144
83.950000	 -81.669085
84.000000	 -81.668015
84.050000	 -81.666934
84.100000	 -81.665841
84.150000	 -81.664738
84.200000	 -81.663624
84.250000	 -81.662499
84.300000	 -81.661363
84.350000	 -81.660217
84.400000	 -81.659060
84.450000	 -81.657892
84.500000	 -81.656713
84.550000	 -81.655525
84.600000	 -81.654325
84.650000	 -81.653115
84.700000	 -81.651895
84.750000	 -81.650664
84.800000	 -81.649423
84.850000	 -81.648172
84.900000	 -81.646910
84.950000	 -81.645639
85.000000	 -81.644357
85.050000	 -81.643065
85.100000	 -81.641763
85.150000	 -81.640451
85.200000	 -81.639129
85.250000	 -81.637798
85.300000	 -81.636456
85.350000	 -81.635105
85.400000	 -81.633744
85.450000	 -81.632373
85.500000	 -81.630992
85.550000	 -81.629602
85.600000	 -81.628203
85.650000	 -81.626794
85.700000	 -81.625375
85.750000	 -81.623947
85.800000	 -81.622510
85.850000	 -81.621063
85.900000	 -81.619607
85.950000	 -81.618141
86.000000	 -81.616667
86.050000	 -81.615183
86.100000	 -81.613690
86.150000	 -81.612188
86.200000	 -81.610677
86.250000	 -81.609157
86.300000	 -81.607629
86.350000	 -81.606091
86.400000	 -81.604544
86.450000	 -81.602989
86.500000	 -81.601424
86.550000	 -81.599851
86.600000	 -81.598269
86.650000	 -81.596679
86.700000	 -81.595080
86.750000	 -81.593473
86.800000	 -81.591856
86.850000	 -81.590232
86.900000	 -81.588599
86.950000	 -81.586957
87.000000	 -81.585307
87.050000	 -81.583649
87.100000	 -81.581983
87.150000	 -81.580308
87.200000	 -81.578625
87.250000	 -81.576934
87.300000	 -81.575235
87.350000	 -81.573528
87.400000	 -81.571812
87.450000	 -81.570089
87.500000	 -81.568358
87.550000	 -81.566618
87.600000	 -81.564871
87.650000	 -81.563116
87.700000	 -81.561353
87.750000	 -81.559583
87.800000	 -81.557804
87.850000	 -81.556018
87.900000	 -81.554225
87.950000	 -81.552423
88.000000	 -81.550614
88.050000	 -81.548798
88.100000	 -81.546974
88.150000	 -81.545143
88.200000	 -81.543304
88.250000	 -81.541457
88.300000	 -81.539604
88.350000	 -81.537743
88.400000	 -81.535874
88.450000	 -81.533999
88.500000	 -81.532116
88.550000	 -81.530226
88.600000	 -81.528329
88.650000	 -81.526425
88.700000	 -81.524514
88.750000	 -81.522595
88.800000	 -81.520670
88.850000	 -81.518738
88.900000	 -81.516798
88.950000	 -81.514852
89.000000	 -81.512899
89.050000	 -81.510940
89.100000	 -81.508973
89.150000	 -81.507000
89.200000	 -81.505020
89.250000	 -81.503033
89.300000	 -81.501039
89.350000	 -81.499039
89.400000	 -81.497033
89.450000	 -81.495019
89.500000	 -81.493000
89.550000	 -81.490974
89.600000	 -81.488941
89.650000	 -81.486902
89.700000	 -81.484856
89.750000	 -81.482804
89.800000	 -81.480746
89.850000	 -81.478682
89.900000	 -81.476611
89.950000	 -81.474534
90.000000	 -81.472451
90.050000	 -81.470362
90.100000	 -81.468267
90.150000	 -81.466165
90.200000	 -81.464058
90.250000	 -81.461944
90.300000	 -81.459825
90.350000	 -81.457699
90.400000	 -81.455568
90.450000	 -81.453430
90.500000	 -81.451287
90.550000	 -81.449138
90.600000	 -81.446983
90.650000	 -81.444822
90.700000	 -81.442656
90.750000	 -81.440484
90.800000	 -81.438306
90.850000	 -81.436123
90.900000	 -81.433933
90.950000	 -81.431739
91.000000	 -81.429538
91.050000	 -81.427333
91.100000	 -81.425121
91.150000	 -81.422905
91.200000	 -81.420682
91.250000	 -81.418455
91.300000	 -81.416222
91.350000	 -81.413983
91.400000	 -81.411740
91.450000	 -81.409491
91.500000	 -81.407236
91.550000	 -81.404977
91.600000	 -81.402712
91.650000	 -81.400442
91.700000	 -81.398167
91.750000	 -81.395887
91.800000	 -81.393602
91.850000	 -81.391312
91.900000	 -81.389016
91.950000	 -81.386716
92.000000	 -81.384410
92.050000	 -81.382100
92.100000	 -81.379785
92.150000	 -81.377465
92.200000	 -81.375140
92.250000	 -81.372810
92.300000	 -81.370475
92.350000	 -81.368135
92.400000	 -81.365791
92.450000	 -81.363442
92.500000	 -81.361089
92.550000	 -81.358730
92.600000	 -81.356367
92.650000	 -81.353999
92.700000	 -81.351627
92.750000	 -81.349250
92.800000	 -81.346869
92.850000	 -81.344483
92.900000	 -81.342092
92.950000	 -81.339698
93.000000	 -81.337298
93.050000	 -81.334894
93.100000	 -81.332486
93.150000	 -81.330074
93.200000	 -81.327657
93.250000	 -81.325235
93.300000	 -81.322810
93.350000	 -81.320380
93.400000	 -81.317946
93.450000	 -81.315508
93.500000	 -81.313065
93.550000	 -81.310619
93.600000	 -81.308168
93.650000	 -81.305713
93.700000	 -81.303254
93.750000	 -81.300791
93.800000	 -81.298324
93.850000	 -81.295852
93.900000	 -81.293377
93.950000	 -81.290898
94.000000	 -81.288415
94.050000	 -81.285928
94.100000	 -81.283437
94.150000	 -81.280942
94.200000	 -81.278443
94.250000	 -81.275940
94.300000	 -81.273434
94.350000	 -81.270924
94.400000	 -81.268410
94.450000	 -81.265892
94.500000	 -81.263371
94.550000	 -81.260845
94.600000	 -81.258317
94.650000	 -81.255784
94.700000	 -81.253248
94.750000	 -81.250708
94.800000	 -81.248165
94.850000	 -81.245618
94.900000	 -81.243068
94.950000	 -81.240514
95.000000	 -81.237956
95.050000	 -81.235395
95.100000	 -81.232831
95.150000	 -81.230263
95.200000	 -81.227692
95.250000	 -81.225117
95.300000	 -81.222539
95.350000	 -81.219958
95.400000	 -81.217373
95.450000	 -81.214785
95.500000	 -81.212194
95.550000	 -81.209599
95.600000	 -81.207001
95.650000	 -81.204400
95.700000	 -81.201796
95.750000	 -81.199189
95.800000	 -81.196578
95.850000	 -81.193964
95.900000	 -81.191348
95.950000	 -81.188728
96.000000	 -81.186105
96.050000	 -81.183479
96.100000	 -81.180850
96.150000	 -81.178218
96.200000	 -81.175583
96.250000	 -81.172945
96.300000	 -81.170304
96.350000	 -81.167660
96.400000	 -81.165013
96.450000	 -81.162364
96.500000	 -81.159711
96.550000	 -81.157056
96.600000	 -81.154398
96.650000	 -81.151737
96.700000	 -81.149073
96.750000	 -81.146406
96.800000	 -81.143737
96.850000	 -81.141065
96.900000	 -81.138390
96.950000	 -81.135713
97.000000	 -81.133033
97.050000	 -81.130350
97.100000	 -81.127664
97.150000	 -81.124977
97.200000	 -81.122286
97.250000	 -81.119593
97.300000	 -81.116897
97.350000	 -81.114199
97.400000	 -81.111498
97.450000	 -81.108795
97.500000	 -81.106089
97.550000	 -81.103381
97.600000	 -81.100670
97.650000	 -81.097957
97.700000	 -81.095242
97.750000	 -81.092524
97.800000	 -81.089804
97.850000	 -81.087082
97.900000	 -81.084357
97.950000	 -81.081630
98.000000	 -81.078900
98.050000	 -81.076168
98.100000	 -81.073434
98.150000	 -81.070698
98.200000	 -81.067960
98.250000	 -81.065219
98.300000	 -81.062477
98.350000	 -81.059732
98.400000	 -81.056985
98.450000	 -81.054235
98.500000	 -81.051484
98.550000	 -81.048731
98.600000	 -81.045975
98.650000	 -81.043218
98.700000	 -81.040458
98.750000	 -81.037696
98.800000	 -81.034933
98.850000	 -81.032167
98.900000	 -81.029400
98.950000	 -81.026630
99.000000	 -81.023859
99.050000	 -81.021085
99.100000	 -81.018310
99.150000	 -81.015533
99.200000	 -81.012754
99.250000	 -81.009973
99.300000	 -81.007191
99.350000	 -81.004406
99.400000	 -81.001620
99.450000	 -80.998832
99.500000	 -80.996042
99.550000	 -80.993250
99.600000	 -80.990457
99.650000	 -80.987662
99.700000	 -80.984865
99.750000	 -80.982067
99.800000	 -80.979267
99.850000	 -80.976465
99.900000	 -80.973662
99.950000	 -80.970857
100.000000	 -80.968050
