0.000000	 -78.470234
0.050000	 -78.470234
0.100000	 -78.470234
0.150000	 -78.470234
0.200000	 -78.470234
0.250000	 -78.470234
0.300000	 -78.470234
0.350000	 -78.470234
0.400000	 -78.470234
0.450000	 -78.470234
0.500000	 -78.470234
0.550000	 -78.470234
0.600000	 -78.470234
0.650000	 -78.470234
0.700000	 -78.470234
0.750000	 -78.470234
0.800000	 -78.470234
0.850000	 -78.470234
0.900000	 -78.470234
0.950000	 -78.470234
1.000000	 -78.470234
1.050000	 -78.470234
1.100000	 -78.470234
1.150000	 -78.470234
1.200000	 -78.470234
1.250000	 -78.470234
1.300000	 -78.470234
1.350000	 -78.470234
1.400000	 -78.470234
1.450000	 -78.470234
1.500000	 -78.470234
1.550000	 -78.470234
1.600000	 -78.470234
1.650000	 -78.470234
1.700000	 -78.470234
1.750000	 -78.470234
1.800000	 -78.470234
1.850000	 -78.470234
1.900000	 -78.470234
1.950000	 -78.470234
2.000000	 -78.470234
2.050000	 -78.470234
2.100000	 -78.470234
2.150000	 -78.470234
2.200000	 -78.470234
2.250000	 -78.470234
2.300000	 -78.470234
2.350000	 -78.470234
2.400000	 -78.470234
2.450000	 -78.470234
2.500000	 -78.470234
2.550000	 -78.470234
2.600000	 -78.470234
2.650000	 -78.470234
2.700000	 -78.470234
2.750000	 -78.470234
2.800000	 -78.470234
2.850000	 -78.470234
2.900000	 -78.470234
2.950000	 -78.470234
3.000000	 -78.470234
3.050000	 -78.470234
3.100000	 -78.470234
3.150000	 -78.470234
3.200000	 -78.470235
3.250000	 -78.470235
3.300000	 -78.470235
3.350000	 -78.470235
3.400000	 -78.470235
3.450000	 -78.470235
3.500000	 -78.470235
3.550000	 -78.470235
3.600000	 -78.470235
3.650000	 -78.470235
3.700000	 -78.470235
3.750000	 -78.470235
3.800000	 -78.470235
3.850000	 -78.470235
3.900000	 -78.470235
3.950000	 -78.470235
4.000000	 -78.470235
4.050000	 -78.470235
4.100000	 -78.470235
4.150000	 -78.470235
4.200000	 -78.470235
4.250000	 -78.470235
4.300000	 -78.470235
4.350000	 -78.470235
4.400000	 -78.470235
4.450000	 -78.470235
4.500000	 -78.470235
4.550000	 -78.470235
4.600000	 -78.470235
4.650000	 -78.470235
4.700000	 -78.470235
4.750000	 -78.470235
4.800000	 -78.470235
4.850000	 -78.470235
4.900000	 -78.470235
4.950000	 -78.470235
5.000000	 -78.470235
5.050000	 -78.470235
5.100000	 -78.470234
5.150000	 -78.470233
5.200000	 -78.470230
5.250000	 -78.470221
5.300000	 -78.470202
5.350000	 -78.470169
5.400000	 -78.470114
5.450000	 -78.470029
5.500000	 -78.469905
5.550000	 -78.469733
5.600000	 -78.469502
5.650000	 -78.469202
5.700000	 -78.468823
5.750000	 -78.468356
5.800000	 -78.467792
5.850000	 -78.467122
5.900000	 -78.466338
5.950000	 -78.465434
6.000000	 -78.464402
6.050000	 -78.463237
6.100000	 -78.461935
6.150000	 -78.460491
6.200000	 -78.458902
6.250000	 -78.457165
6.300000	 -78.455279
6.350000	 -78.453242
6.400000	 -78.451052
6.450000	 -78.448711
6.500000	 -78.446217
6.550000	 -78.443572
6.600000	 -78.440776
6.650000	 -78.437830
6.700000	 -78.434737
6.750000	 -78.431497
6.800000	 -78.428113
6.850000	 -78.424586
6.900000	 -78.420919
6.950000	 -78.417114
7.000000	 -78.413172
7.050000	 -78.409098
7.100000	 -78.404892
7.150000	 -78.400557
7.200000	 -78.396094
7.250000	 -78.391507
7.300000	 -78.386797
7.350000	 -78.381965
7.400000	 -78.377013
7.450000	 -78.371942
7.500000	 -78.366754
7.550000	 -78.361449
7.600000	 -78.356028
7.650000	 -78.350492
7.700000	 -78.344839
7.750000	 -78.339069
7.800000	 -78.333182
7.850000	 -78.327176
7.900000	 -78.321049
7.950000	 -78.314797
8.000000	 -78.308418
8.050000	 -78.301907
8.100000	 -78.295258
8.150000	 -78.288464
8.200000	 -78.281518
8.250000	 -78.274407
8.300000	 -78.267120
8.350000	 -78.259640
8.400000	 -78.251946
8.450000	 -78.244012
8.500000	 -78.235802
8.550000	 -78.227269
8.600000	 -78.218346
8.650000	 -78.208939
8.700000	 -78.198907
8.750000	 -78.188040
8.800000	 -78.176034
8.850000	 -78.162455
8.900000	 -78.146706
8.950000	 -78.128009
9.000000	 -78.105382
9.050000	 -78.077634
9.100000	 -78.043357
9.150000	 -78.000897
9.200000	 -77.948299
9.250000	 -77.883246
9.300000	 -77.803099
9.350000	 -77.705139
9.400000	 -77.587002
9.450000	 -77.447116
9.500000	 -77.284928
9.550000	 -77.100897
9.600000	 -76.896357
9.650000	 -76.673345
9.700000	 -76.434424
9.750000	 -76.182492
9.800000	 -75.920572
9.850000	 -75.651630
9.900000	 -75.378431
9.950000	 -75.103445
10.000000	 -74.828810
10.050000	 -74.556330
10.100000	 -74.287491
10.150000	 -74.023504
10.200000	 -73.765343
10.250000	 -73.513788
10.300000	 -73.269463
10.350000	 -73.032870
10.400000	 -72.804425
10.450000	 -72.584474
10.500000	 -72.373323
10.550000	 -72.171249
10.600000	 -71.978518
10.650000	 -71.795390
10.700000	 -71.622129
10.750000	 -71.459004
10.800000	 -71.306284
10.850000	 -71.164235
10.900000	 -71.033101
10.950000	 -70.913089
11.000000	 -70.804337
11.050000	 -70.706890
11.100000	 -70.620664
11.150000	 -70.545423
11.200000	 -70.480765
11.250000	 -70.426120
11.300000	 -70.380771
11.350000	 -70.343882
11.400000	 -70.314546
11.450000	 -70.291828
11.500000	 -70.274806
11.550000	 -70.262604
11.600000	 -70.254419
11.650000	 -70.249532
11.700000	 -70.247312
11.750000	 -70.247218
11.800000	 -70.248789
11.850000	 -70.251641
11.900000	 -70.255455
11.950000	 -70.259969
12.000000	 -70.264968
12.050000	 -70.270281
12.100000	 -70.275768
12.150000	 -70.281320
12.200000	 -70.286849
12.250000	 -70.292287
12.300000	 -70.297583
12.350000	 -70.302699
12.400000	 -70.307604
12.450000	 -70.312281
12.500000	 -70.316715
12.550000	 -70.320899
12.600000	 -70.324830
12.650000	 -70.328508
12.700000	 -70.331935
12.750000	 -70.335118
12.800000	 -70.338062
12.850000	 -70.340774
12.900000	 -70.343264
12.950000	 -70.345539
13.000000	 -70.347608
13.050000	 -70.349481
13.100000	 -70.351167
13.150000	 -70.352673
13.200000	 -70.354008
13.250000	 -70.355180
13.300000	 -70.356197
13.350000	 -70.357065
13.400000	 -70.357792
13.450000	 -70.358383
13.500000	 -70.358843
13.550000	 -70.359178
13.600000	 -70.359393
13.650000	 -70.359491
13.700000	 -70.359475
13.750000	 -70.359350
13.800000	 -70.359117
13.850000	 -70.358779
13.900000	 -70.358336
13.950000	 -70.357791
14.000000	 -70.357144
14.050000	 -70.356395
14.100000	 -70.355543
14.150000	 -70.354589
14.200000	 -70.353532
14.250000	 -70.352369
14.300000	 -70.351099
14.350000	 -70.349719
14.400000	 -70.348227
14.450000	 -70.346619
14.500000	 -70.344892
14.550000	 -70.343041
14.600000	 -70.341062
14.650000	 -70.338949
14.700000	 -70.336697
14.750000	 -70.334300
14.800000	 -70.331750
14.850000	 -70.329041
14.900000	 -70.326165
14.950000	 -70.323114
15.000000	 -70.319879
15.050000	 -70.316450
15.100000	 -70.312818
15.150000	 -70.308971
15.200000	 -70.304900
15.250000	 -70.300591
15.300000	 -70.296035
15.350000	 -70.291216
15.400000	 -70.286124
15.450000	 -70.280744
15.500000	 -70.275063
15.550000	 -70.269067
15.600000	 -70.262740
15.650000	 -70.256068
15.700000	 -70.249036
15.750000	 -70.241629
15.800000	 -70.233832
15.850000	 -70.225628
15.900000	 -70.217001
15.950000	 -70.207936
16.000000	 -70.198417
16.050000	 -70.188426
16.100000	 -70.177948
16.150000	 -70.166966
16.200000	 -70.155463
16.250000	 -70.143422
16.300000	 -70.130826
16.350000	 -70.117657
16.400000	 -70.103900
16.450000	 -70.089535
16.500000	 -70.074545
16.550000	 -70.058911
16.600000	 -70.042616
16.650000	 -70.025641
16.700000	 -70.007966
16.750000	 -69.989572
16.800000	 -69.970440
16.850000	 -69.950548
16.900000	 -69.929876
16.950000	 -69.908402
17.000000	 -69.886102
17.050000	 -69.862953
17.100000	 -69.838930
17.150000	 -69.814006
17.200000	 -69.788153
17.250000	 -69.761342
17.300000	 -69.733541
17.350000	 -69.704715
17.400000	 -69.674828
17.450000	 -69.643839
17.500000	 -69.611706
17.550000	 -69.578382
17.600000	 -69.543815
17.650000	 -69.507951
17.700000	 -69.470730
17.750000	 -69.432085
17.800000	 -69.391946
17.850000	 -69.350234
17.900000	 -69.306868
17.950000	 -69.261755
18.000000	 -69.214800
18.050000	 -69.165899
18.100000	 -69.114942
18.150000	 -69.061814
18.200000	 -69.006397
18.250000	 -68.948567
18.300000	 -68.888202
18.350000	 -68.825179
18.400000	 -68.759378
18.450000	 -68.690690
18.500000	 -68.619010
18.550000	 -68.544250
18.600000	 -68.466335
18.650000	 -68.385209
18.700000	 -68.300834
18.750000	 -68.213196
18.800000	 -68.122300
18.850000	 -68.028172
18.900000	 -67.930857
18.950000	 -67.830422
19.000000	 -67.726946
19.050000	 -67.620525
19.100000	 -67.511266
19.150000	 -67.399285
19.200000	 -67.284705
19.250000	 -67.167652
19.300000	 -67.048255
19.350000	 -66.926644
19.400000	 -66.802943
19.450000	 -66.677275
19.500000	 -66.549757
19.550000	 -66.420497
19.600000	 -66.289598
19.650000	 -66.157152
19.700000	 -66.023240
19.750000	 -65.887932
19.800000	 -65.751286
19.850000	 -65.613347
19.900000	 -65.474143
19.950000	 -65.333688
20.000000	 -65.191981
20.050000	 -65.048999
20.100000	 -64.904704
20.150000	 -64.759033
20.200000	 -64.611901
20.250000	 -64.463195
20.300000	 -64.312773
20.350000	 -64.160462
20.400000	 -64.006048
20.450000	 -63.849277
20.500000	 -63.689845
20.550000	 -63.527391
20.600000	 -63.361488
20.650000	 -63.191631
20.700000	 -63.017226
20.750000	 -62.837568
20.800000	 -62.651822
20.850000	 -62.458994
20.900000	 -62.257891
20.950000	 -62.047073
21.000000	 -61.824785
21.050000	 -61.588858
21.100000	 -61.336574
21.150000	 -61.064462
21.200000	 -60.767985
21.250000	 -60.441046
21.300000	 -60.075160
21.350000	 -59.658003
21.400000	 -59.170786
21.450000	 -58.583569
21.500000	 -57.847183
21.550000	 -56.877595
21.600000	 -55.516362
21.650000	 -53.402013
21.700000	 -49.509659
21.750000	 -41.865103
21.800000	 -29.982631
21.850000	 -14.154811
21.900000	 7.211591
21.950000	 27.044986
22.000000	 37.118675
22.050000	 40.660336
22.100000	 40.838902
22.150000	 39.032653
22.200000	 35.884816
22.250000	 31.797342
22.300000	 27.086056
22.350000	 22.021583
22.400000	 16.835697
22.450000	 11.716989
22.500000	 6.805056
22.550000	 2.188770
22.600000	 -2.089348
22.650000	 -6.023887
22.700000	 -9.635265
22.750000	 -12.958986
22.800000	 -16.037062
22.850000	 -18.912399
22.900000	 -21.626062
22.950000	 -24.216369
23.000000	 -26.718505
23.050000	 -29.163709
23.100000	 -31.577882
23.150000	 -33.979787
23.200000	 -36.379156
23.250000	 -38.775153
23.300000	 -41.155749
23.350000	 -43.498689
23.400000	 -45.774397
23.450000	 -47.950550
23.500000	 -49.997306
23.550000	 -51.891785
23.600000	 -53.620657
23.650000	 -55.180456
23.700000	 -56.576054
23.750000	 -57.818162
23.800000	 -58.920732
23.850000	 -59.898816
23.900000	 -60.767089
23.950000	 -61.539023
24.000000	 -62.226532
24.050000	 -62.839927
24.100000	 -63.388056
24.150000	 -63.878476
24.200000	 -64.317679
24.250000	 -64.711245
24.300000	 -65.064028
24.350000	 -65.380264
24.400000	 -65.663663
24.450000	 -65.917511
24.500000	 -66.144724
24.550000	 -66.347889
24.600000	 -66.529317
24.650000	 -66.691080
24.700000	 -66.835043
24.750000	 -66.962884
24.800000	 -67.076117
24.850000	 -67.176107
24.900000	 -67.264090
24.950000	 -67.341186
25.000000	 -67.408409
25.050000	 -67.466681
25.100000	 -67.516838
25.150000	 -67.559640
25.200000	 -67.595779
25.250000	 -67.625881
25.300000	 -67.650518
25.350000	 -67.670207
25.400000	 -67.685420
25.450000	 -67.696587
25.500000	 -67.704096
25.550000	 -67.708301
25.600000	 -67.709526
25.650000	 -67.708062
25.700000	 -67.704175
25.750000	 -67.698107
25.800000	 -67.690078
25.850000	 -67.680285
25.900000	 -67.668910
25.950000	 -67.656116
26.000000	 -67.642053
26.050000	 -67.626855
26.100000	 -67.610644
26.150000	 -67.593531
26.200000	 -67.575615
26.250000	 -67.556987
26.300000	 -67.537729
26.350000	 -67.517915
26.400000	 -67.497613
26.450000	 -67.476883
26.500000	 -67.455781
26.550000	 -67.434355
26.600000	 -67.412650
26.650000	 -67.390709
26.700000	 -67.368567
26.750000	 -67.346258
26.800000	 -67.323813
26.850000	 -67.301258
26.900000	 -67.278620
26.950000	 -67.255920
27.000000	 -67.233180
27.050000	 -67.210418
27.100000	 -67.187651
27.150000	 -67.164894
27.200000	 -67.142162
27.250000	 -67.119467
27.300000	 -67.096820
27.350000	 -67.074232
27.400000	 -67.051711
27.450000	 -67.029266
27.500000	 -67.006904
27.550000	 -66.984630
27.600000	 -66.962451
27.650000	 -66.940371
27.700000	 -66.918393
27.750000	 -66.896521
27.800000	 -66.874757
27.850000	 -66.853102
27.900000	 -66.831559
27.950000	 -66.810127
28.000000	 -66.788806
28.050000	 -66.767597
28.100000	 -66.746498
28.150000	 -66.725508
28.200000	 -66.704625
28.250000	 -66.683848
28.300000	 -66.663172
28.350000	 -66.642597
28.400000	 -66.622118
28.450000	 -66.601731
28.500000	 -66.581433
28.550000	 -66.561220
28.600000	 -66.541087
28.650000	 -66.521029
28.700000	 -66.501041
28.750000	 -66.481118
28.800000	 -66.461255
28.850000	 -66.441446
28.900000	 -66.421684
28.950000	 -66.401964
29.000000	 -66.382279
29.050000	 -66.362622
29.100000	 -66.342988
29.150000	 -66.323369
29.200000	 -66.303758
29.250000	 -66.284147
29.300000	 -66.264530
29.350000	 -66.244899
29.400000	 -66.225246
29.450000	 -66.205563
29.500000	 -66.185843
29.550000	 -66.166078
29.600000	 -66.146259
29.650000	 -66.126378
29.700000	 -66.106428
29.750000	 -66.086399
29.800000	 -66.066283
29.850000	 -66.046073
29.900000	 -66.025758
29.950000	 -66.005332
30.000000	 -65.984785
30.050000	 -65.964108
30.100000	 -65.943293
30.150000	 -65.922331
30.200000	 -65.901213
30.250000	 -65.879930
30.300000	 -65.858472
30.350000	 -65.836831
30.400000	 -65.814995
30.450000	 -65.792955
30.500000	 -65.770700
30.550000	 -65.748219
30.600000	 -65.725501
30.650000	 -65.702534
30.700000	 -65.679304
30.750000	 -65.655799
30.800000	 -65.632005
30.850000	 -65.607905
30.900000	 -65.583484
30.950000	 -65.558724
31.000000	 -65.533607
31.050000	 -65.508113
31.100000	 -65.482219
31.150000	 -65.455904
31.200000	 -65.429141
31.250000	 -65.401905
31.300000	 -65.374166
31.350000	 -65.345894
31.400000	 -65.317055
31.450000	 -65.287615
31.500000	 -65.257535
31.550000	 -65.226776
31.600000	 -65.195295
31.650000	 -65.163050
31.700000	 -65.129993
31.750000	 -65.096077
31.800000	 -65.061253
31.850000	 -65.025472
31.900000	 -64.988686
31.950000	 -64.950845
32.000000	 -64.911903
32.050000	 -64.871820
32.100000	 -64.830556
32.150000	 -64.788080
32.200000	 -64.744368
32.250000	 -64.699405
32.300000	 -64.653189
32.350000	 -64.605725
32.400000	 -64.557038
32.450000	 -64.507162
32.500000	 -64.456147
32.550000	 -64.404060
32.600000	 -64.350981
32.650000	 -64.297002
32.700000	 -64.242231
32.750000	 -64.186787
32.800000	 -64.130797
32.850000	 -64.074400
32.900000	 -64.017739
32.950000	 -63.960964
33.000000	 -63.904229
33.050000	 -63.847689
33.100000	 -63.791499
33.150000	 -63.735817
33.200000	 -63.680797
33.250000	 -63.626592
33.300000	 -63.573351
33.350000	 -63.521221
33.400000	 -63.470344
33.450000	 -63.420860
33.500000	 -63.372902
33.550000	 -63.326600
33.600000	 -63.282080
33.650000	 -63.239462
33.700000	 -63.198863
33.750000	 -63.160391
33.800000	 -63.124151
33.850000	 -63.090241
33.900000	 -63.058752
33.950000	 -63.029767
34.000000	 -63.003360
34.050000	 -62.979596
34.100000	 -62.958529
34.150000	 -62.940200
34.200000	 -62.924636
34.250000	 -62.911852
34.300000	 -62.901843
34.350000	 -62.894592
34.400000	 -62.890062
34.450000	 -62.888203
34.500000	 -62.888946
34.550000	 -62.892209
34.600000	 -62.897896
34.650000	 -62.905901
34.700000	 -62.916110
34.750000	 -62.928401
34.800000	 -62.942650
34.850000	 -62.958732
34.900000	 -62.976521
34.950000	 -62.995896
35.000000	 -63.016740
35.050000	 -63.038942
35.100000	 -63.062396
35.150000	 -63.087004
35.200000	 -63.112677
35.250000	 -63.139331
35.300000	 -63.166890
35.350000	 -63.195285
35.400000	 -63.224455
35.450000	 -63.254343
35.500000	 -63.284898
35.550000	 -63.316077
35.600000	 -63.347837
35.650000	 -63.380144
35.700000	 -63.412965
35.750000	 -63.446270
35.800000	 -63.480035
35.850000	 -63.514237
35.900000	 -63.548853
35.950000	 -63.583865
36.000000	 -63.619257
36.050000	 -63.655012
36.100000	 -63.691117
36.150000	 -63.727558
36.200000	 -63.764323
36.250000	 -63.801399
36.300000	 -63.838777
36.350000	 -63.876446
36.400000	 -63.914397
36.450000	 -63.952619
36.500000	 -63.991105
36.550000	 -64.029845
36.600000	 -64.068832
36.650000	 -64.108056
36.700000	 -64.147510
36.750000	 -64.187186
36.800000	 -64.227077
36.850000	 -64.267175
36.900000	 -64.307471
36.950000	 -64.347960
37.000000	 -64.388634
37.050000	 -64.429484
37.100000	 -64.470505
37.150000	 -64.511689
37.200000	 -64.553030
37.250000	 -64.594520
37.300000	 -64.636152
37.350000	 -64.677920
37.400000	 -64.719819
37.450000	 -64.761840
37.500000	 -64.803977
37.550000	 -64.846226
37.600000	 -64.888578
37.650000	 -64.931028
37.700000	 -64.973569
37.750000	 -65.016197
37.800000	 -65.058905
37.850000	 -65.101688
37.900000	 -65.144540
37.950000	 -65.187456
38.000000	 -65.230432
38.050000	 -65.273462
38.100000	 -65.316541
38.150000	 -65.359666
38.200000	 -65.402831
38.250000	 -65.446033
38.300000	 -65.489267
38.350000	 -65.532529
38.400000	 -65.575816
38.450000	 -65.619124
38.500000	 -65.662449
38.550000	 -65.705789
38.600000	 -65.749140
38.650000	 -65.792498
38.700000	 -65.835862
38.750000	 -65.879228
38.800000	 -65.922594
38.850000	 -65.965956
38.900000	 -66.009312
38.950000	 -66.052660
39.000000	 -66.095996
39.050000	 -66.139318
39.100000	 -66.182625
39.150000	 -66.225914
39.200000	 -66.269184
39.250000	 -66.312431
39.300000	 -66.355655
39.350000	 -66.398854
39.400000	 -66.442026
39.450000	 -66.485170
39.500000	 -66.528284
39.550000	 -66.571367
39.600000	 -66.614417
39.650000	 -66.657435
39.700000	 -66.700418
39.750000	 -66.743365
39.800000	 -66.786277
39.850000	 -66.829151
39.900000	 -66.871987
39.950000	 -66.914784
40.000000	 -66.957542
40.050000	 -67.000260
40.100000	 -67.042938
40.150000	 -67.085573
40.200000	 -67.128166
40.250000	 -67.170716
40.300000	 -67.213222
40.350000	 -67.255684
40.400000	 -67.298101
40.450000	 -67.340472
40.500000	 -67.382798
40.550000	 -67.425077
40.600000	 -67.467309
40.650000	 -67.509495
40.700000	 -67.551633
40.750000	 -67.593723
40.800000	 -67.635766
40.850000	 -67.677761
40.900000	 -67.719707
40.950000	 -67.761605
41.000000	 -67.803455
41.050000	 -67.845256
41.100000	 -67.887008
41.150000	 -67.928712
41.200000	 -67.970367
41.250000	 -68.011974
41.300000	 -68.053532
41.350000	 -68.095041
41.400000	 -68.136502
41.450000	 -68.177913
41.500000	 -68.219276
41.550000	 -68.260589
41.600000	 -68.301853
41.650000	 -68.343068
41.700000	 -68.384232
41.750000	 -68.425347
41.800000	 -68.466413
41.850000	 -68.507428
41.900000	 -68.548394
41.950000	 -68.589310
42.000000	 -68.630176
42.050000	 -68.670993
42.100000	 -68.711759
42.150000	 -68.752476
42.200000	 -68.793143
42.250000	 -68.833760
42.300000	 -68.874328
42.350000	 -68.914847
42.400000	 -68.955316
42.450000	 -68.995735
42.500000	 -69.036106
42.550000	 -69.076427
42.600000	 -69.116699
42.650000	 -69.156923
42.700000	 -69.197097
42.750000	 -69.237223
42.800000	 -69.277300
42.850000	 -69.317328
42.900000	 -69.357307
42.950000	 -69.397237
43.000000	 -69.437118
43.050000	 -69.476949
43.100000	 -69.516731
43.150000	 -69.556464
43.200000	 -69.596148
43.250000	 -69.635782
43.300000	 -69.675367
43.350000	 -69.714903
43.400000	 -69.754389
43.450000	 -69.793826
43.500000	 -69.833214
43.550000	 -69.872552
43.600000	 -69.911841
43.650000	 -69.951080
43.700000	 -69.990271
43.750000	 -70.029411
43.800000	 -70.068503
43.850000	 -70.107545
43.900000	 -70.146539
43.950000	 -70.185483
44.000000	 -70.224378
44.050000	 -70.263224
44.100000	 -70.302020
44.150000	 -70.340768
44.200000	 -70.379467
44.250000	 -70.418116
44.300000	 -70.456716
44.350000	 -70.495266
44.400000	 -70.533766
44.450000	 -70.572217
44.500000	 -70.610617
44.550000	 -70.648968
44.600000	 -70.687268
44.650000	 -70.725518
44.700000	 -70.763718
44.750000	 -70.801867
44.800000	 -70.839965
44.850000	 -70.878013
44.900000	 -70.916010
44.950000	 -70.953956
45.000000	 -70.991851
45.050000	 -71.029695
45.100000	 -71.067488
45.150000	 -71.105229
45.200000	 -71.142919
45.250000	 -71.180558
45.300000	 -71.218146
45.350000	 -71.255682
45.400000	 -71.293166
45.450000	 -71.330599
45.500000	 -71.367980
45.550000	 -71.405309
45.600000	 -71.442587
45.650000	 -71.479812
45.700000	 -71.516986
45.750000	 -71.554106
45.800000	 -71.591174
45.850000	 -71.628189
45.900000	 -71.665151
45.950000	 -71.702059
46.000000	 -71.738914
46.050000	 -71.775715
46.100000	 -71.812463
46.150000	 -71.849156
46.200000	 -71.885794
46.250000	 -71.922379
46.300000	 -71.958908
46.350000	 -71.995383
46.400000	 -72.031802
46.450000	 -72.068167
46.500000	 -72.104475
46.550000	 -72.140729
46.600000	 -72.176926
46.650000	 -72.213068
46.700000	 -72.249154
46.750000	 -72.285183
46.800000	 -72.321156
46.850000	 -72.357073
46.900000	 -72.392933
46.950000	 -72.428736
47.000000	 -72.464482
47.050000	 -72.500171
47.100000	 -72.535802
47.150000	 -72.571376
47.200000	 -72.606893
47.250000	 -72.642351
47.300000	 -72.677751
47.350000	 -72.713092
47.400000	 -72.748375
47.450000	 -72.783598
47.500000	 -72.818762
47.550000	 -72.853866
47.600000	 -72.888910
47.650000	 -72.923894
47.700000	 -72.958818
47.750000	 -72.993681
47.800000	 -73.028483
47.850000	 -73.063224
47.900000	 -73.097904
47.950000	 -73.132522
48.000000	 -73.167078
48.050000	 -73.201572
48.100000	 -73.236005
48.150000	 -73.270374
48.200000	 -73.304681
48.250000	 -73.338926
48.300000	 -73.373107
48.350000	 -73.407225
48.400000	 -73.441280
48.450000	 -73.475271
48.500000	 -73.509198
48.550000	 -73.543061
48.600000	 -73.576861
48.650000	 -73.610595
48.700000	 -73.644265
48.750000	 -73.677871
48.800000	 -73.711411
48.850000	 -73.744886
48.900000	 -73.778295
48.950000	 -73.811638
49.000000	 -73.844915
49.050000	 -73.878125
49.100000	 -73.911268
49.150000	 -73.944345
49.200000	 -73.977354
49.250000	 -74.010296
49.300000	 -74.043170
49.350000	 -74.075976
49.400000	 -74.108714
49.450000	 -74.141383
49.500000	 -74.173984
49.550000	 -74.206515
49.600000	 -74.238978
49.650000	 -74.271371
49.700000	 -74.303695
49.750000	 -74.335949
49.800000	 -74.368133
49.850000	 -74.400247
49.900000	 -74.432291
49.950000	 -74.464264
50.000000	 -74.496166
50.050000	 -74.527998
50.100000	 -74.559758
50.150000	 -74.591447
50.200000	 -74.623065
50.250000	 -74.654611
50.300000	 -74.686085
50.350000	 -74.717487
50.400000	 -74.748817
50.450000	 -74.780075
50.500000	 -74.811260
50.550000	 -74.842372
50.600000	 -74.873411
50.650000	 -74.904376
50.700000	 -74.935269
50.750000	 -74.966087
50.800000	 -74.996831
50.850000	 -75.027501
50.900000	 -75.058097
50.950000	 -75.088618
51.000000	 -75.119064
51.050000	 -75.149435
51.100000	 -75.179732
51.150000	 -75.209952
51.200000	 -75.240098
51.250000	 -75.270167
51.300000	 -75.300161
51.350000	 -75.330078
51.400000	 -75.359920
51.450000	 -75.389685
51.500000	 -75.419373
51.550000	 -75.448985
51.600000	 -75.478520
51.650000	 -75.507978
51.700000	 -75.537359
51.750000	 -75.566663
51.800000	 -75.595889
51.850000	 -75.625038
51.900000	 -75.654109
51.950000	 -75.683103
52.000000	 -75.712018
52.050000	 -75.740856
52.100000	 -75.769615
52.150000	 -75.798297
52.200000	 -75.826899
52.250000	 -75.855424
52.300000	 -75.883870
52.350000	 -75.912237
52.400000	 -75.940525
52.450000	 -75.968734
52.500000	 -75.996864
52.550000	 -76.024914
52.600000	 -76.052885
52.650000	 -76.080776
52.700000	 -76.108588
52.750000	 -76.136319
52.800000	 -76.163971
52.850000	 -76.191543
52.900000	 -76.219034
52.950000	 -76.246445
53.000000	 -76.273775
53.050000	 -76.301025
53.100000	 -76.328195
53.150000	 -76.355284
53.200000	 -76.382292
53.250000	 -76.409219
53.300000	 -76.436065
53.350000	 -76.462830
53.400000	 -76.489514
53.450000	 -76.516117
53.500000	 -76.542638
53.550000	 -76.569079
53.600000	 -76.595438
53.650000	 -76.621715
53.700000	 -76.647911
53.750000	 -76.674026
53.800000	 -76.700059
53.850000	 -76.726010
53.900000	 -76.751880
53.950000	 -76.777668
54.000000	 -76.803374
54.050000	 -76.828999
54.100000	 -76.854542
54.150000	 -76.880003
54.200000	 -76.905382
54.250000	 -76.930679
54.300000	 -76.955894
54.350000	 -76.981028
54.400000	 -77.006079
54.450000	 -77.031049
54.500000	 -77.055936
54.550000	 -77.080741
54.600000	 -77.105464
54.650000	 -77.130105
54.700000	 -77.154663
54.750000	 -77.179140
54.800000	 -77.203534
54.850000	 -77.227846
54.900000	 -77.252075
54.950000	 -77.276222
55.000000	 -77.300287
55.050000	 -77.324270
55.100000	 -77.348170
55.150000	 -77.371988
55.200000	 -77.395723
55.250000	 -77.419376
55.300000	 -77.442947
55.350000	 -77.466436
55.400000	 -77.489842
55.450000	 -77.513166
55.500000	 -77.536408
55.550000	 -77.559568
55.600000	 -77.582645
55.650000	 -77.605640
55.700000	 -77.628554
55.750000	 -77.651385
55.800000	 -77.674134
55.850000	 -77.696801
55.900000	 -77.719386
55.950000	 -77.741889
56.000000	 -77.764310
56.050000	 -77.786649
56.100000	 -77.808907
56.150000	 -77.831083
56.200000	 -77.853177
56.250000	 -77.875190
56.300000	 -77.897121
56.350000	 -77.918970
56.400000	 -77.940739
56.450000	 -77.962426
56.500000	 -77.984031
56.550000	 -78.005556
56.600000	 -78.026999
56.650000	 -78.048361
56.700000	 -78.069642
56.750000	 -78.090842
56.800000	 -78.111962
56.850000	 -78.133000
56.900000	 -78.153958
56.950000	 -78.174835
57.000000	 -78.195632
57.050000	 -78.216348
57.100000	 -78.236983
57.150000	 -78.257539
57.200000	 -78.278013
57.250000	 -78.298408
57.300000	 -78.318722
57.350000	 -78.338957
57.400000	 -78.359111
57.450000	 -78.379186
57.500000	 -78.399180
57.550000	 -78.419095
57.600000	 -78.438931
57.650000	 -78.458687
57.700000	 -78.478363
57.750000	 -78.497960
57.800000	 -78.517478
57.850000	 -78.536917
57.900000	 -78.556277
57.950000	 -78.575558
58.000000	 -78.594761
58.050000	 -78.613884
58.100000	 -78.632929
58.150000	 -78.651896
58.200000	 -78.670785
58.250000	 -78.689595
58.300000	 -78.708327
58.350000	 -78.726981
58.400000	 -78.745558
58.450000	 -78.764057
58.500000	 -78.782478
58.550000	 -78.800822
58.600000	 -78.819089
58.650000	 -78.837278
58.700000	 -78.855391
58.750000	 -78.873427
58.800000	 -78.891385
58.850000	 -78.909268
58.900000	 -78.927074
58.950000	 -78.944803
59.000000	 -78.962457
59.050000	 -78.980034
59.100000	 -78.997536
59.150000	 -79.014962
59.200000	 -79.032312
59.250000	 -79.049587
59.300000	 -79.066786
59.350000	 -79.083911
59.400000	 -79.100960
59.450000	 -79.117935
59.500000	 -79.134835
59.550000	 -79.151660
59.600000	 -79.168412
59.650000	 -79.185089
59.700000	 -79.201692
59.750000	 -79.218221
59.800000	 -79.234676
59.850000	 -79.251057
59.900000	 -79.267366
59.950000	 -79.283600
60.000000	 -79.299762
60.050000	 -79.315851
60.100000	 -79.331867
60.150000	 -79.347810
60.200000	 -79.363680
60.250000	 -79.379478
60.300000	 -79.395204
60.350000	 -79.410858
60.400000	 -79.426440
60.450000	 -79.441951
60.500000	 -79.457390
60.550000	 -79.472757
60.600000	 -79.488053
60.650000	 -79.503278
60.700000	 -79.518432
60.750000	 -79.533516
60.800000	 -79.548529
60.850000	 -79.563471
60.900000	 -79.578343
60.950000	 -79.593145
61.000000	 -79.607878
61.050000	 -79.622540
61.100000	 -79.637134
61.150000	 -79.651657
61.200000	 -79.666112
61.250000	 -79.680498
61.300000	 -79.694814
61.350000	 -79.709063
61.400000	 -79.723242
61.450000	 -79.737354
61.500000	 -79.751397
61.550000	 -79.765373
61.600000	 -79.779280
61.650000	 -79.793121
61.700000	 -79.806893
61.750000	 -79.820599
61.800000	 -79.834238
61.850000	 -79.847809
61.900000	 -79.861314
61.950000	 -79.874753
62.000000	 -79.888126
62.050000	 -79.901432
62.100000	 -79.914672
62.150000	 -79.927847
62.200000	 -79.940956
62.250000	 -79.954000
62.300000	 -79.966979
62.350000	 -79.979893
62.400000	 -79.992742
62.450000	 -80.005527
62.500000	 -80.018247
62.550000	 -80.030903
62.600000	 -80.043494
62.650000	 -80.056023
62.700000	 -80.068487
62.750000	 -80.080888
62.800000	 -80.093226
62.850000	 -80.105501
62.900000	 -80.117712
62.950000	 -80.129862
63.000000	 -80.141948
63.050000	 -80.153973
63.100000	 -80.165935
63.150000	 -80.177835
63.200000	 -80.189674
63.250000	 -80.201451
63.300000	 -80.213167
63.350000	 -80.224822
63.400000	 -80.236416
63.450000	 -80.247949
63.500000	 -80.259421
63.550000	 -80.270833
63.600000	 -80.282185
63.650000	 -80.293477
63.700000	 -80.304709
63.750000	 -80.315882
63.800000	 -80.326995
63.850000	 -80.338048
63.900000	 -80.349043
63.950000	 -80.359979
64.000000	 -80.370856
64.050000	 -80.381674
64.100000	 -80.392434
64.150000	 -80.403136
64.200000	 -80.413781
64.250000	 -80.424367
64.300000	 -80.434896
64.350000	 -80.445367
64.400000	 -80.455781
64.450000	 -80.466138
64.500000	 -80.476438
64.550000	 -80.486682
64.600000	 -80.496869
64.650000	 -80.507000
64.700000	 -80.517075
64.750000	 -80.527094
64.800000	 -80.537057
64.850000	 -80.546965
64.900000	 -80.556817
64.950000	 -80.566614
65.000000	 -80.576356
65.050000	 -80.586044
65.100000	 -80.595676
65.150000	 -80.605255
65.200000	 -80.614779
65.250000	 -80.624249
65.300000	 -80.633665
65.350000	 -80.643028
65.400000	 -80.652337
65.450000	 -80.661593
65.500000	 -80.670795
65.550000	 -80.679945
65.600000	 -80.689042
65.650000	 -80.698087
65.700000	 -80.707079
65.750000	 -80.716019
65.800000	 -80.724907
65.850000	 -80.733743
65.900000	 -80.742527
65.950000	 -80.751260
66.000000	 -80.759942
66.050000	 -80.768573
66.100000	 -80.777152
66.150000	 -80.785681
66.200000	 -80.794160
66.250000	 -80.802588
66.300000	 -80.810966
66.350000	 -80.819294
66.400000	 -80.827572
66.450000	 -80.835801
66.500000	 -80.843980
66.550000	 -80.852110
66.600000	 -80.860190
66.650000	 -80.868222
66.700000	 -80.876205
66.750000	 -80.884140
66.800000	 -80.892026
66.850000	 -80.899864
66.900000	 -80.907654
66.950000	 -80.915396
67.000000	 -80.923090
67.050000	 -80.930737
67.100000	 -80.938337
67.150000	 -80.945890
67.200000	 -80.953395
67.250000	 -80.960854
67.300000	 -80.968266
67.350000	 -80.975632
67.400000	 -80.982951
67.450000	 -80.990225
67.500000	 -80.997452
67.550000	 -81.004634
67.600000	 -81.011770
67.650000	 -81.018861
67.700000	 -81.025907
67.750000	 -81.032907
67.800000	 -81.039863
67.850000	 -81.046774
67.900000	 -81.053641
67.950000	 -81.060463
68.000000	 -81.067241
68.050000	 -81.073975
68.100000	 -81.080665
68.150000	 -81.087311
68.200000	 -81.093914
68.250000	 -81.100474
68.300000	 -81.106990
68.350000	 -81.113463
68.400000	 -81.119894
68.450000	 -81.126282
68.500000	 -81.132627
68.550000	 -81.138930
68.600000	 -81.145191
68.650000	 -81.151410
68.700000	 -81.157587
68.750000	 -81.163722
68.800000	 -81.169815
68.850000	 -81.175868
68.900000	 -81.181879
68.950000	 -81.187849
69.000000	 -81.193778
69.050000	 -81.199667
69.100000	 -81.205515
69.150000	 -81.211322
69.200000	 -81.217090
69.250000	 -81.222817
69.300000	 -81.228504
69.350000	 -81.234152
69.400000	 -81.239760
69.450000	 -81.245328
69.500000	 -81.250857
69.550000	 -81.256347
69.600000	 -81.261798
69.650000	 -81.267211
69.700000	 -81.272584
69.750000	 -81.277919
69.800000	 -81.283216
69.850000	 -81.288475
69.900000	 -81.293695
69.950000	 -81.298878
70.000000	 -81.304022
70.050000	 -81.309130
70.100000	 -81.314199
70.150000	 -81.319232
70.200000	 -81.324227
70.250000	 -81.329186
70.300000	 -81.334107
70.350000	 -81.338992
70.400000	 -81.343840
70.450000	 -81.348652
70.500000	 -81.353427
70.550000	 -81.358167
70.600000	 -81.362870
70.650000	 -81.367538
70.700000	 -81.372170
70.750000	 -81.376767
70.800000	 -81.381328
70.850000	 -81.385854
70.900000	 -81.390344
70.950000	 -81.394800
71.000000	 -81.399221
71.050000	 -81.403607
71.100000	 -81.407959
71.150000	 -81.412276
71.200000	 -81.416559
71.250000	 -81.420808
71.300000	 -81.425023
71.350000	 -81.429204
71.400000	 -81.433352
71.450000	 -81.437465
71.500000	 -81.441546
71.550000	 -81.445593
71.600000	 -81.449606
71.650000	 -81.453587
71.700000	 -81.457535
71.750000	 -81.461450
71.800000	 -81.465333
71.850000	 -81.469183
71.900000	 -81.473000
71.950000	 -81.476786
72.000000	 -81.480539
72.050000	 -81.484260
72.100000	 -81.487950
72.150000	 -81.491608
72.200000	 -81.495234
72.250000	 -81.498829
72.300000	 -81.502392
72.350000	 -81.505924
72.400000	 -81.509425
72.450000	 -81.512896
72.500000	 -81.516335
72.550000	 -81.519744
72.600000	 -81.523122
72.650000	 -81.526470
72.700000	 -81.529787
72.750000	 -81.533074
72.800000	 -81.536332
72.850000	 -81.539559
72.900000	 -81.542756
72.950000	 -81.545924
73.000000	 -81.549062
73.050000	 -81.552171
73.100000	 -81.555251
73.150000	 -81.558301
73.200000	 -81.561322
73.250000	 -81.564314
73.300000	 -81.567278
73.350000	 -81.570213
73.400000	 -81.573119
73.450000	 -81.575996
73.500000	 -81.578846
73.550000	 -81.581667
73.600000	 -81.584460
73.650000	 -81.587225
73.700000	 -81.589962
73.750000	 -81.592671
73.800000	 -81.595353
73.850000	 -81.598007
73.900000	 -81.600634
73.950000	 -81.603233
74.000000	 -81.605806
74.050000	 -81.608351
74.100000	 -81.610869
74.150000	 -81.613361
74.200000	 -81.615825
74.250000	 -81.618263
74.300000	 -81.620675
74.350000	 -81.623060
74.400000	 -81.625419
74.450000	 -81.627752
74.500000	 -81.630058
74.550000	 -81.632339
74.600000	 -81.634594
74.650000	 -81.636823
74.700000	 -81.639027
74.750000	 -81.641205
74.800000	 -81.643357
74.850000	 -81.645485
74.900000	 -81.647587
74.950000	 -81.649664
75.000000	 -81.651716
75.050000	 -81.653743
75.100000	 -81.655745
75.150000	 -81.657723
75.200000	 -81.659676
75.250000	 -81.661605
75.300000	 -81.663509
75.350000	 -81.665390
75.400000	 -81.667245
75.450000	 -81.669077
75.500000	 -81.670885
75.550000	 -81.672670
75.600000	 -81.674430
75.650000	 -81.676167
75.700000	 -81.677880
75.750000	 -81.679570
75.800000	 -81.681237
75.850000	 -81.682880
75.900000	 -81.684500
75.950000	 -81.686097
76.000000	 -81.687671
76.050000	 -81.689223
76.100000	 -81.690751
76.150000	 -81.692257
76.200000	 -81.693741
76.250000	 -81.695202
76.300000	 -81.696640
76.350000	 -81.698057
76.400000	 -81.699451
76.450000	 -81.700823
76.500000	 -81.702173
76.550000	 -81.703502
76.600000	 -81.704808
76.650000	 -81.706093
76.700000	 -81.707356
76.750000	 -81.708598
76.800000	 -81.709818
76.850000	 -81.711017
76.900000	 -81.712195
76.950000	 -81.713352
77.000000	 -81.714487
77.050000	 -81.715602
77.100000	 -81.716696
77.150000	 -81.717769
77.200000	 -81.718821
77.250000	 -81.719853
77.300000	 -81.720864
77.350000	 -81.721855
77.400000	 -81.722826
77.450000	 -81.723776
77.500000	 -81.724706
77.550000	 -81.725616
77.600000	 -81.726506
77.650000	 -81.727376
77.700000	 -81.728227
77.750000	 -81.729057
77.800000	 -81.729868
77.850000	 -81.730660
77.900000	 -81.731432
77.950000	 -81.732185
78.000000	 -81.732918
78.050000	 -81.733632
78.100000	 -81.734327
78.150000	 -81.735003
78.200000	 -81.735660
78.250000	 -81.736298
78.300000	 -81.736917
78.350000	 -81.737518
78.400000	 -81.738100
78.450000	 -81.738663
78.500000	 -81.739208
78.550000	 -81.739735
78.600000	 -81.740243
78.650000	 -81.740733
78.700000	 -81.741205
78.750000	 -81.741659
78.800000	 -81.742095
78.850000	 -81.742512
78.900000	 -81.742912
78.950000	 -81.743295
79.000000	 -81.743659
79.050000	 -81.744006
79.100000	 -81.744336
79.150000	 -81.744648
79.200000	 -81.744942
79.250000	 -81.745220
79.300000	 -81.745480
79.350000	 -81.745723
79.400000	 -81.745949
79.450000	 -81.746158
79.500000	 -81.746350
79.550000	 -81.746525
79.600000	 -81.746683
79.650000	 -81.746825
79.700000	 -81.746950
79.750000	 -81.747058
79.800000	 -81.747150
79.850000	 -81.747226
79.900000	 -81.747285
79.950000	 -81.747328
80.000000	 -81.747355
80.050000	 -81.747366
80.100000	 -81.747360
80.150000	 -81.747339
80.200000	 -81.747302
80.250000	 -81.747249
80.300000	 -81.747180
80.350000	 -81.747095
80.400000	 -81.746995
80.450000	 -81.746879
80.500000	 -81.746748
80.550000	 -81.746602
80.600000	 -81.746440
80.650000	 -81.746262
80.700000	 -81.746070
80.750000	 -81.745862
80.800000	 -81.745639
80.850000	 -81.745402
80.900000	 -81.745149
80.950000	 -81.744881
81.000000	 -81.744599
81.050000	 -81.744302
81.100000	 -81.743990
81.150000	 -81.743664
81.200000	 -81.743323
81.250000	 -81.742967
81.300000	 -81.742597
81.350000	 -81.742213
81.400000	 -81.741814
81.450000	 -81.741402
81.500000	 -81.740975
81.550000	 -81.740533
81.600000	 -81.740078
81.650000	 -81.739609
81.700000	 -81.739126
81.750000	 -81.738629
81.800000	 -81.738119
81.850000	 -81.737594
81.900000	 -81.737056
81.950000	 -81.736504
82.000000	 -81.735939
82.050000	 -81.735361
82.100000	 -81.734768
82.150000	 -81.734163
82.200000	 -81.733544
82.250000	 -81.732912
82.300000	 -81.732267
82.350000	 -81.731608
82.400000	 -81.730937
82.450000	 -81.730252
82.500000	 -81.729555
82.550000	 -81.728845
82.600000	 -81.728122
82.650000	 -81.727386
82.700000	 -81.726637
82.750000	 -81.725876
82.800000	 -81.725102
82.850000	 -81.724315
82.900000	 -81.723517
82.950000	 -81.722705
83.000000	 -81.721881
83.050000	 -81.721045
83.100000	 -81.720197
83.150000	 -81.719337
83.200000	 -81.718464
83.250000	 -81.717579
83.300000	 -81.716682
83.350000	 -81.715774
83.400000	 -81.714853
83.450000	 -81.713920
83.500000	 -81.712976
83.550000	 -81.712020
83.600000	 -81.711052
83.650000	 -81.710072
83.700000	 -81.709081
83.750000	 -81.708078
83.800000	 -81.707064
83.850000	 -81.706038
83.900000	 -81.705001
83.950000	 -81.703953
84.000000	 -81.702893
84.050000	 -81.701822
84.100000	 -81.700740
84.150000	 -81.699646
84.200000	 -81.698542
84.250000	 -81.697427
84.300000	 -81.696300
84.350000	 -81.695163
84.400000	 -81.694015
84.450000	 -81.692856
84.500000	 -81.691686
84.550000	 -81.690505
84.600000	 -81.689314
84.650000	 -81.688112
84.700000	 -81.686900
84.750000	 -81.685677
84.800000	 -81.684443
84.850000	 -81.683199
84.900000	 -81.681945
84.950000	 -81.680680
85.000000	 -81.679405
85.050000	 -81.678120
85.100000	 -81.676825
85.150000	 -81.675519
85.200000	 -81.674203
85.250000	 -81.672878
85.300000	 -81.671542
85.350000	 -81.670196
85.400000	 -81.668841
85.450000	 -81.667475
85.500000	 -81.666100
85.550000	 -81.664715
85.600000	 -81.663320
85.650000	 -81.661916
85.700000	 -81.660501
85.750000	 -81.659078
85.800000	 -81.657645
85.850000	 -81.656202
85.900000	 -81.654750
85.950000	 -81.653288
86.000000	 -81.651817
86.050000	 -81.650337
86.100000	 -81.648847
86.150000	 -81.647348
86.200000	 -81.645840
86.250000	 -81.644323
86.300000	 -81.642797
86.350000	 -81.641262
86.400000	 -81.639717
86.450000	 -81.638164
86.500000	 -81.636602
86.550000	 -81.635031
86.600000	 -81.633451
86.650000	 -81.631862
86.700000	 -81.630264
86.750000	 -81.628658
86.800000	 -81.627043
86.850000	 -81.625420
86.900000	 -81.623788
86.950000	 -81.622147
87.000000	 -81.620498
87.050000	 -81.618840
87.100000	 -81.617174
87.150000	 -81.615499
87.200000	 -81.613817
87.250000	 -81.612125
87.300000	 -81.610426
87.350000	 -81.608718
87.400000	 -81.607003
87.450000	 -81.605279
87.500000	 -81.603546
87.550000	 -81.601806
87.600000	 -81.600058
87.650000	 -81.598302
87.700000	 -81.596538
87.750000	 -81.594766
87.800000	 -81.592986
87.850000	 -81.591198
87.900000	 -81.589403
87.950000	 -81.587600
88.000000	 -81.585789
88.050000	 -81.583970
88.100000	 -81.582144
88.150000	 -81.580310
88.200000	 -81.578469
88.250000	 -81.576620
88.300000	 -81.574763
88.350000	 -81.572899
88.400000	 -81.571028
88.450000	 -81.569149
88.500000	 -81.567263
88.550000	 -81.565370
88.600000	 -81.563469
88.650000	 -81.561561
88.700000	 -81.559646
88.750000	 -81.557724
88.800000	 -81.555795
88.850000	 -81.553858
88.900000	 -81.551915
88.950000	 -81.549965
89.000000	 -81.548007
89.050000	 -81.546043
89.100000	 -81.544072
89.150000	 -81.542093
89.200000	 -81.540108
89.250000	 -81.538117
89.300000	 -81.536118
89.350000	 -81.534113
89.400000	 -81.532101
89.450000	 -81.530082
89.500000	 -81.528057
89.550000	 -81.526025
89.600000	 -81.523986
89.650000	 -81.521941
89.700000	 -81.519890
89.750000	 -81.517832
89.800000	 -81.515768
89.850000	 -81.513697
89.900000	 -81.511620
89.950000	 -81.509536
90.000000	 -81.507447
90.050000	 -81.505351
90.100000	 -81.503249
90.150000	 -81.501140
90.200000	 -81.499026
90.250000	 -81.496905
90.300000	 -81.494778
90.350000	 -81.492645
90.400000	 -81.490506
90.450000	 -81.488361
90.500000	 -81.486210
90.550000	 -81.484054
90.600000	 -81.481891
90.650000	 -81.479722
90.700000	 -81.477548
90.750000	 -81.475368
90.800000	 -81.473182
90.850000	 -81.470990
90.900000	 -81.468792
90.950000	 -81.466589
91.000000	 -81.464380
91.050000	 -81.462166
91.100000	 -81.459946
91.150000	 -81.457720
91.200000	 -81.455489
91.250000	 -81.453252
91.300000	 -81.451010
91.350000	 -81.448762
91.400000	 -81.446509
91.450000	 -81.444251
91.500000	 -81.441987
91.550000	 -81.439718
91.600000	 -81.437444
91.650000	 -81.435164
91.700000	 -81.432879
91.750000	 -81.430589
91.800000	 -81.428293
91.850000	 -81.425993
91.900000	 -81.423687
91.950000	 -81.421377
92.000000	 -81.419061
92.050000	 -81.416740
92.100000	 -81.414414
92.150000	 -81.412083
92.200000	 -81.409748
92.250000	 -81.407407
92.300000	 -81.405061
92.350000	 -81.402711
92.400000	 -81.400356
92.450000	 -81.397996
92.500000	 -81.395631
92.550000	 -81.393261
92.600000	 -81.390887
92.650000	 -81.388507
92.700000	 -81.386124
92.750000	 -81.383735
92.800000	 -81.381342
92.850000	 -81.378944
92.900000	 -81.376542
92.950000	 -81.374135
93.000000	 -81.371724
93.050000	 -81.369308
93.100000	 -81.366888
93.150000	 -81.364463
93.200000	 -81.362034
93.250000	 -81.359600
93.300000	 -81.357162
93.350000	 -81.354720
93.400000	 -81.352274
93.450000	 -81.349823
93.500000	 -81.347368
93.550000	 -81.344908
93.600000	 -81.342445
93.650000	 -81.339977
93.700000	 -81.337505
93.750000	 -81.335029
93.800000	 -81.332549
93.850000	 -81.330065
93.900000	 -81.327576
93.950000	 -81.325084
94.000000	 -81.322587
94.050000	 -81.320087
94.100000	 -81.317583
94.150000	 -81.315074
94.200000	 -81.312562
94.250000	 -81.310046
94.300000	 -81.307526
94.350000	 -81.305002
94.400000	 -81.302474
94.450000	 -81.299943
94.500000	 -81.297407
94.550000	 -81.294868
94.600000	 -81.292325
94.650000	 -81.289779
94.700000	 -81.287229
94.750000	 -81.284675
94.800000	 -81.282117
94.850000	 -81.279556
94.900000	 -81.276991
94.950000	 -81.274423
95.000000	 -81.271851
95.050000	 -81.269275
95.100000	 -81.266696
95.150000	 -81.264114
95.200000	 -81.261528
95.250000	 -81.258939
95.300000	 -81.256346
95.350000	 -81.253750
95.400000	 -81.251150
95.450000	 -81.248547
95.500000	 -81.245941
95.550000	 -81.243331
95.600000	 -81.240718
95.650000	 -81.238102
95.700000	 -81.235483
95.750000	 -81.232860
95.800000	 -81.230234
95.850000	 -81.227605
95.900000	 -81.224973
95.950000	 -81.222338
96.000000	 -81.219699
96.050000	 -81.217058
96.100000	 -81.214413
96.150000	 -81.211765
96.200000	 -81.209115
96.250000	 -81.206461
96.300000	 -81.203804
96.350000	 -81.201144
96.400000	 -81.198481
96.450000	 -81.195816
96.500000	 -81.193147
96.550000	 -81.190476
96.600000	 -81.187801
96.650000	 -81.185124
96.700000	 -81.182444
96.750000	 -81.179761
96.800000	 -81.177076
96.850000	 -81.174387
96.900000	 -81.171696
96.950000	 -81.169002
97.000000	 -81.166305
97.050000	 -81.163606
97.100000	 -81.160904
97.150000	 -81.158199
97.200000	 -81.155492
97.250000	 -81.152782
97.300000	 -81.150069
97.350000	 -81.147354
97.400000	 -81.144636
97.450000	 -81.141916
97.500000	 -81.139193
97.550000	 -81.136468
97.600000	 -81.133740
97.650000	 -81.131010
97.700000	 -81.128277
97.750000	 -81.125542
97.800000	 -81.122805
97.850000	 -81.120065
97.900000	 -81.117323
97.950000	 -81.114578
98.000000	 -81.111831
98.050000	 -81.109082
98.100000	 -81.106330
98.150000	 -81.103576
98.200000	 -81.100820
98.250000	 -81.098062
98.300000	 -81.095301
98.350000	 -81.092538
98.400000	 -81.089773
98.450000	 -81.087006
98.500000	 -81.084237
98.550000	 -81.081465
98.600000	 -81.078692
98.650000	 -81.075916
98.700000	 -81.073138
98.750000	 -81.070358
98.800000	 -81.067576
98.850000	 -81.064793
98.900000	 -81.062007
98.950000	 -81.059219
99.000000	 -81.056429
99.050000	 -81.053637
99.100000	 -81.050843
99.150000	 -81.048047
99.200000	 -81.045250
99.250000	 -81.042450
99.300000	 -81.039649
99.350000	 -81.036846
99.400000	 -81.034041
99.450000	 -81.031234
99.500000	 -81.028425
99.550000	 -81.025614
99.600000	 -81.022802
99.650000	 -81.019988
99.700000	 -81.017172
99.750000	 -81.014355
99.800000	 -81.011536
99.850000	 -81.008715
99.900000	 -81.005892
99.950000	 -81.003068
100.000000	 -81.000242
