0.000000	 -78.470234
0.050000	 -78.470234
0.100000	 -78.470234
0.150000	 -78.470234
0.200000	 -78.470234
0.250000	 -78.470234
0.300000	 -78.470234
0.350000	 -78.470234
0.400000	 -78.470234
0.450000	 -78.470234
0.500000	 -78.470234
0.550000	 -78.470234
0.600000	 -78.470234
0.650000	 -78.470234
0.700000	 -78.470234
0.750000	 -78.470234
0.800000	 -78.470234
0.850000	 -78.470234
0.900000	 -78.470234
0.950000	 -78.470234
1.000000	 -78.470234
1.050000	 -78.470234
1.100000	 -78.470234
1.150000	 -78.470234
1.200000	 -78.470234
1.250000	 -78.470234
1.300000	 -78.470234
1.350000	 -78.470234
1.400000	 -78.470234
1.450000	 -78.470234
1.500000	 -78.470234
1.550000	 -78.470234
1.600000	 -78.470234
1.650000	 -78.470234
1.700000	 -78.470234
1.750000	 -78.470234
1.800000	 -78.470234
1.850000	 -78.470234
1.900000	 -78.470234
1.950000	 -78.470234
2.000000	 -78.470234
2.050000	 -78.470234
2.100000	 -78.470234
2.150000	 -78.470234
2.200000	 -78.470234
2.250000	 -78.470234
2.300000	 -78.470234
2.350000	 -78.470234
2.400000	 -78.470234
2.450000	 -78.470234
2.500000	 -78.470234
2.550000	 -78.470234
2.600000	 -78.470234
2.650000	 -78.470234
2.700000	 -78.470234
2.750000	 -78.470234
2.800000	 -78.470234
2.850000	 -78.470234
2.900000	 -78.470234
2.950000	 -78.470234
3.000000	 -78.470234
3.050000	 -78.470234
3.100000	 -78.470234
3.150000	 -78.470234
3.200000	 -78.470235
3.250000	 -78.470235
3.300000	 -78.470235
3.350000	 -78.470235
3.400000	 -78.470235
3.450000	 -78.470235
3.500000	 -78.470235
3.550000	 -78.470235
3.600000	 -78.470235
3.650000	 -78.470235
3.700000	 -78.470235
3.750000	 -78.470235
3.800000	 -78.470235
3.850000	 -78.470235
3.900000	 -78.470235
3.950000	 -78.470235
4.000000	 -78.470235
4.050000	 -78.470235
4.100000	 -78.470235
4.150000	 -78.470235
4.200000	 -78.470235
4.250000	 -78.470235
4.300000	 -78.470235
4.350000	 -78.470235
4.400000	 -78.470235
4.450000	 -78.470235
4.500000	 -78.470235
4.550000	 -78.470235
4.600000	 -78.470235
4.650000	 -78.470235
4.700000	 -78.470235
4.750000	 -78.470235
4.800000	 -78.470235
4.850000	 -78.470235
4.900000	 -78.470235
4.950000	 -78.470235
5.000000	 -78.470235
5.050000	 -78.470235
5.100000	 -78.470234
5.150000	 -78.470233
5.200000	 -78.470230
5.250000	 -78.470222
5.300000	 -78.470205
5.350000	 -78.470174
5.400000	 -78.470123
5.450000	 -78.470045
5.500000	 -78.469932
5.550000	 -78.469775
5.600000	 -78.469564
5.650000	 -78.469292
5.700000	 -78.468949
5.750000	 -78.468526
5.800000	 -78.468017
5.850000	 -78.467412
5.900000	 -78.466706
5.950000	 -78.465893
6.000000	 -78.464965
6.050000	 -78.463920
6.100000	 -78.462752
6.150000	 -78.461458
6.200000	 -78.460036
6.250000	 -78.458482
6.300000	 -78.456795
6.350000	 -78.454975
6.400000	 -78.453020
6.450000	 -78.450930
6.500000	 -78.448705
6.550000	 -78.446346
6.600000	 -78.443854
6.650000	 -78.441231
6.700000	 -78.438476
6.750000	 -78.435593
6.800000	 -78.432583
6.850000	 -78.429448
6.900000	 -78.426190
6.950000	 -78.422812
7.000000	 -78.419316
7.050000	 -78.415704
7.100000	 -78.411979
7.150000	 -78.408143
7.200000	 -78.404199
7.250000	 -78.400149
7.300000	 -78.395995
7.350000	 -78.391740
7.400000	 -78.387386
7.450000	 -78.382935
7.500000	 -78.378389
7.550000	 -78.373750
7.600000	 -78.369021
7.650000	 -78.364202
7.700000	 -78.359295
7.750000	 -78.354302
7.800000	 -78.349224
7.850000	 -78.344062
7.900000	 -78.338817
7.950000	 -78.333490
8.000000	 -78.328082
8.050000	 -78.322592
8.100000	 -78.317021
8.150000	 -78.311369
8.200000	 -78.305635
8.250000	 -78.299819
8.300000	 -78.293920
8.350000	 -78.287936
8.400000	 -78.281865
8.450000	 -78.275706
8.500000	 -78.269456
8.550000	 -78.263111
8.600000	 -78.256668
8.650000	 -78.250123
8.700000	 -78.243468
8.750000	 -78.236699
8.800000	 -78.229808
8.850000	 -78.222784
8.900000	 -78.215617
8.950000	 -78.208293
9.000000	 -78.200796
9.050000	 -78.193103
9.100000	 -78.185189
9.150000	 -78.177018
9.200000	 -78.168544
9.250000	 -78.159704
9.300000	 -78.150406
9.350000	 -78.140517
9.400000	 -78.129839
9.450000	 -78.118083
9.500000	 -78.104834
9.550000	 -78.089519
9.600000	 -78.071383
9.650000	 -78.049469
9.700000	 -78.022613
9.750000	 -77.989430
9.800000	 -77.948298
9.850000	 -77.897297
9.900000	 -77.834154
9.950000	 -77.756258
10.000000	 -77.660878
10.050000	 -77.545583
10.100000	 -77.408689
10.150000	 -77.249515
10.200000	 -77.068403
10.250000	 -76.866591
10.300000	 -76.646037
10.350000	 -76.409250
10.400000	 -76.159095
10.450000	 -75.898588
10.500000	 -75.630708
10.550000	 -75.358242
10.600000	 -75.083695
10.650000	 -74.809241
10.700000	 -74.536716
10.750000	 -74.267640
10.800000	 -74.003249
10.850000	 -73.744541
10.900000	 -73.492313
10.950000	 -73.247203
11.000000	 -73.009725
11.050000	 -72.780300
11.100000	 -72.559282
11.150000	 -72.346978
11.200000	 -72.143668
11.250000	 -71.949617
11.300000	 -71.765085
11.350000	 -71.590335
11.400000	 -71.425636
11.450000	 -71.271257
11.500000	 -71.127468
11.550000	 -70.994517
11.600000	 -70.872622
11.650000	 -70.761935
11.700000	 -70.662522
11.750000	 -70.574324
11.800000	 -70.497136
11.850000	 -70.430587
11.900000	 -70.374140
11.950000	 -70.327104
12.000000	 -70.288666
12.050000	 -70.257932
12.100000	 -70.233974
12.150000	 -70.215868
12.200000	 -70.202733
12.250000	 -70.193755
12.300000	 -70.188202
12.350000	 -70.185430
12.400000	 -70.184884
12.450000	 -70.186092
12.500000	 -70.188657
12.550000	 -70.192250
12.600000	 -70.196600
12.650000	 -70.201487
12.700000	 -70.206729
12.750000	 -70.212185
12.800000	 -70.217738
12.850000	 -70.223299
12.900000	 -70.228796
12.950000	 -70.234176
13.000000	 -70.239398
13.050000	 -70.244431
13.100000	 -70.249255
13.150000	 -70.253856
13.200000	 -70.258225
13.250000	 -70.262358
13.300000	 -70.266256
13.350000	 -70.269922
13.400000	 -70.273359
13.450000	 -70.276575
13.500000	 -70.279578
13.550000	 -70.282374
13.600000	 -70.284974
13.650000	 -70.287386
13.700000	 -70.289620
13.750000	 -70.291685
13.800000	 -70.293589
13.850000	 -70.295342
13.900000	 -70.296952
13.950000	 -70.298427
14.000000	 -70.299774
14.050000	 -70.301000
14.100000	 -70.302113
14.150000	 -70.303118
14.200000	 -70.304022
14.250000	 -70.304828
14.300000	 -70.305543
14.350000	 -70.306170
14.400000	 -70.306714
14.450000	 -70.307178
14.500000	 -70.307564
14.550000	 -70.307876
14.600000	 -70.308117
14.650000	 -70.308287
14.700000	 -70.308389
14.750000	 -70.308423
14.800000	 -70.308392
14.850000	 -70.308294
14.900000	 -70.308131
14.950000	 -70.307902
15.000000	 -70.307606
15.050000	 -70.307244
15.100000	 -70.306814
15.150000	 -70.306314
15.200000	 -70.305744
15.250000	 -70.305100
15.300000	 -70.304380
15.350000	 -70.303582
15.400000	 -70.302702
15.450000	 -70.301737
15.500000	 -70.300683
15.550000	 -70.299536
15.600000	 -70.298290
15.650000	 -70.296941
15.700000	 -70.295482
15.750000	 -70.293907
15.800000	 -70.292210
15.850000	 -70.290382
15.900000	 -70.288415
15.950000	 -70.286300
16.000000	 -70.284028
16.050000	 -70.281587
16.100000	 -70.278966
16.150000	 -70.276153
16.200000	 -70.273133
16.250000	 -70.269893
16.300000	 -70.266416
16.350000	 -70.262686
16.400000	 -70.258685
16.450000	 -70.254392
16.500000	 -70.249788
16.550000	 -70.244850
16.600000	 -70.239556
16.650000	 -70.233880
16.700000	 -70.227797
16.750000	 -70.221281
16.800000	 -70.214301
16.850000	 -70.206830
16.900000	 -70.198837
16.950000	 -70.190288
17.000000	 -70.181153
17.050000	 -70.171395
17.100000	 -70.160980
17.150000	 -70.149871
17.200000	 -70.138030
17.250000	 -70.125419
17.300000	 -70.111997
17.350000	 -70.097722
17.400000	 -70.082552
17.450000	 -70.066443
17.500000	 -70.049349
17.550000	 -70.031222
17.600000	 -70.012013
17.650000	 -69.991671
17.700000	 -69.970143
17.750000	 -69.947373
17.800000	 -69.923301
17.850000	 -69.897865
17.900000	 -69.870998
17.950000	 -69.842628
18.000000	 -69.812680
18.050000	 -69.781069
18.100000	 -69.747706
18.150000	 -69.712493
18.200000	 -69.675323
18.250000	 -69.636079
18.300000	 -69.594635
18.350000	 -69.550852
18.400000	 -69.504582
18.450000	 -69.455665
18.500000	 -69.403934
18.550000	 -69.349210
18.600000	 -69.291314
18.650000	 -69.230063
18.700000	 -69.165282
18.750000	 -69.096803
18.800000	 -69.024476
18.850000	 -68.948174
18.900000	 -68.867799
18.950000	 -68.783286
19.000000	 -68.694603
19.050000	 -68.601761
19.100000	 -68.504804
19.150000	 -68.403812
19.200000	 -68.298896
19.250000	 -68.190196
19.300000	 -68.077873
19.350000	 -67.962106
19.400000	 -67.843088
19.450000	 -67.721019
19.500000	 -67.596105
19.550000	 -67.468552
19.600000	 -67.338565
19.650000	 -67.206343
19.700000	 -67.072080
19.750000	 -66.935959
19.800000	 -66.798153
19.850000	 -66.658822
19.900000	 -66.518115
19.950000	 -66.376166
20.000000	 -66.233094
20.050000	 -66.089005
20.100000	 -65.943989
20.150000	 -65.798117
20.200000	 -65.651448
20.250000	 -65.504020
20.300000	 -65.355854
20.350000	 -65.206953
20.400000	 -65.057299
20.450000	 -64.906853
20.500000	 -64.755552
20.550000	 -64.603307
20.600000	 -64.450001
20.650000	 -64.295482
20.700000	 -64.139564
20.750000	 -63.982018
20.800000	 -63.822569
20.850000	 -63.660886
20.900000	 -63.496576
20.950000	 -63.329172
21.000000	 -63.158120
21.050000	 -62.982766
21.100000	 -62.802337
21.150000	 -62.615914
21.200000	 -62.422400
21.250000	 -62.220479
21.300000	 -62.008556
21.350000	 -61.784678
21.400000	 -61.546414
21.450000	 -61.290685
21.500000	 -61.013496
21.550000	 -60.709513
21.600000	 -60.371349
21.650000	 -59.988330
21.700000	 -59.544318
21.750000	 -59.014208
21.800000	 -58.358671
21.850000	 -57.514746
21.900000	 -56.373463
21.950000	 -54.714446
22.000000	 -51.980634
22.050000	 -46.628097
22.100000	 -36.948434
22.150000	 -23.276858
22.200000	 -4.836800
22.250000	 17.549480
22.300000	 32.908618
22.350000	 39.404897
22.400000	 41.138923
22.450000	 40.300762
22.500000	 37.825236
22.550000	 34.207281
22.600000	 29.798227
22.650000	 24.890758
22.700000	 19.738307
22.750000	 14.554467
22.800000	 9.506876
22.850000	 4.712611
22.900000	 0.239099
22.950000	 -3.889025
23.000000	 -7.679373
23.050000	 -11.160482
23.100000	 -14.371848
23.150000	 -17.356602
23.200000	 -20.157194
23.250000	 -22.813618
23.300000	 -25.362876
23.350000	 -27.838495
23.400000	 -30.269473
23.450000	 -32.678668
23.500000	 -35.080923
23.550000	 -37.481263
23.600000	 -39.873700
23.650000	 -42.241269
23.700000	 -44.557879
23.750000	 -46.792069
23.800000	 -48.912059
23.850000	 -50.890798
23.900000	 -52.709673
23.950000	 -54.360038
24.000000	 -55.842579
24.050000	 -57.165224
24.100000	 -58.340508
24.150000	 -59.383132
24.200000	 -60.308124
24.250000	 -61.129683
24.300000	 -61.860588
24.350000	 -62.512019
24.400000	 -63.093600
24.450000	 -63.613563
24.500000	 -64.078958
24.550000	 -64.495839
24.600000	 -64.869439
24.650000	 -65.204317
24.700000	 -65.504454
24.750000	 -65.773357
24.800000	 -66.014133
24.850000	 -66.229539
24.900000	 -66.422027
24.950000	 -66.593790
25.000000	 -66.746801
25.050000	 -66.882832
25.100000	 -67.003479
25.150000	 -67.110184
25.200000	 -67.204248
25.250000	 -67.286849
25.300000	 -67.359056
25.350000	 -67.421836
25.400000	 -67.476070
25.450000	 -67.522556
25.500000	 -67.562022
25.550000	 -67.595125
25.600000	 -67.622468
25.650000	 -67.644594
25.700000	 -67.661999
25.750000	 -67.675134
25.800000	 -67.684410
25.850000	 -67.690198
25.900000	 -67.692839
25.950000	 -67.692639
26.000000	 -67.689879
26.050000	 -67.684813
26.100000	 -67.677672
26.150000	 -67.668665
26.200000	 -67.657984
26.250000	 -67.645802
26.300000	 -67.632274
26.350000	 -67.617543
26.400000	 -67.601738
26.450000	 -67.584977
26.500000	 -67.567363
26.550000	 -67.548995
26.600000	 -67.529957
26.650000	 -67.510329
26.700000	 -67.490182
26.750000	 -67.469580
26.800000	 -67.448581
26.850000	 -67.427239
26.900000	 -67.405600
26.950000	 -67.383709
27.000000	 -67.361605
27.050000	 -67.339323
27.100000	 -67.316896
27.150000	 -67.294353
27.200000	 -67.271721
27.250000	 -67.249024
27.300000	 -67.226284
27.350000	 -67.203522
27.400000	 -67.180755
27.450000	 -67.158001
27.500000	 -67.135275
27.550000	 -67.112590
27.600000	 -67.089959
27.650000	 -67.067393
27.700000	 -67.044902
27.750000	 -67.022496
27.800000	 -67.000182
27.850000	 -66.977968
27.900000	 -66.955860
27.950000	 -66.933864
28.000000	 -66.911983
28.050000	 -66.890223
28.100000	 -66.868586
28.150000	 -66.847075
28.200000	 -66.825691
28.250000	 -66.804437
28.300000	 -66.783313
28.350000	 -66.762319
28.400000	 -66.741455
28.450000	 -66.720721
28.500000	 -66.700114
28.550000	 -66.679634
28.600000	 -66.659277
28.650000	 -66.639042
28.700000	 -66.618925
28.750000	 -66.598922
28.800000	 -66.579030
28.850000	 -66.559243
28.900000	 -66.539557
28.950000	 -66.519967
29.000000	 -66.500466
29.050000	 -66.481048
29.100000	 -66.461707
29.150000	 -66.442434
29.200000	 -66.423223
29.250000	 -66.404065
29.300000	 -66.384951
29.350000	 -66.365871
29.400000	 -66.346817
29.450000	 -66.327777
29.500000	 -66.308740
29.550000	 -66.289695
29.600000	 -66.270629
29.650000	 -66.251530
29.700000	 -66.232385
29.750000	 -66.213179
29.800000	 -66.193897
29.850000	 -66.174524
29.900000	 -66.155044
29.950000	 -66.135440
30.000000	 -66.115694
30.050000	 -66.095789
30.100000	 -66.075704
30.150000	 -66.055421
30.200000	 -66.034919
30.250000	 -66.014176
30.300000	 -65.993169
30.350000	 -65.971875
30.400000	 -65.950270
30.450000	 -65.928328
30.500000	 -65.906022
30.550000	 -65.883325
30.600000	 -65.860205
30.650000	 -65.836634
30.700000	 -65.812577
30.750000	 -65.788000
30.800000	 -65.762866
30.850000	 -65.737137
30.900000	 -65.710772
30.950000	 -65.683725
31.000000	 -65.655950
31.050000	 -65.627397
31.100000	 -65.598012
31.150000	 -65.567737
31.200000	 -65.536510
31.250000	 -65.504266
31.300000	 -65.470933
31.350000	 -65.436436
31.400000	 -65.400696
31.450000	 -65.363629
31.500000	 -65.325149
31.550000	 -65.285166
31.600000	 -65.243591
31.650000	 -65.200334
31.700000	 -65.155311
31.750000	 -65.108445
31.800000	 -65.059668
31.850000	 -65.008928
31.900000	 -64.956191
31.950000	 -64.901446
32.000000	 -64.844707
32.050000	 -64.786015
32.100000	 -64.725441
32.150000	 -64.663086
32.200000	 -64.599079
32.250000	 -64.533573
32.300000	 -64.466748
32.350000	 -64.398800
32.400000	 -64.329942
32.450000	 -64.260396
32.500000	 -64.190392
32.550000	 -64.120164
32.600000	 -64.049941
32.650000	 -63.979954
32.700000	 -63.910426
32.750000	 -63.841571
32.800000	 -63.773597
32.850000	 -63.706701
32.900000	 -63.641070
32.950000	 -63.576883
33.000000	 -63.514306
33.050000	 -63.453495
33.100000	 -63.394600
33.150000	 -63.337759
33.200000	 -63.283101
33.250000	 -63.230748
33.300000	 -63.180815
33.350000	 -63.133406
33.400000	 -63.088618
33.450000	 -63.046541
33.500000	 -63.007254
33.550000	 -62.970829
33.600000	 -62.937327
33.650000	 -62.906797
33.700000	 -62.879278
33.750000	 -62.854794
33.800000	 -62.833356
33.850000	 -62.814958
33.900000	 -62.799579
33.950000	 -62.787179
34.000000	 -62.777704
34.050000	 -62.771079
34.100000	 -62.767216
34.150000	 -62.766012
34.200000	 -62.767351
34.250000	 -62.771105
34.300000	 -62.777142
34.350000	 -62.785323
34.400000	 -62.795506
34.450000	 -62.807551
34.500000	 -62.821322
34.550000	 -62.836684
34.600000	 -62.853511
34.650000	 -62.871685
34.700000	 -62.891094
34.750000	 -62.911636
34.800000	 -62.933216
34.850000	 -62.955751
34.900000	 -62.979162
34.950000	 -63.003381
35.000000	 -63.028347
35.050000	 -63.054003
35.100000	 -63.080301
35.150000	 -63.107198
35.200000	 -63.134657
35.250000	 -63.162642
35.300000	 -63.191125
35.350000	 -63.220080
35.400000	 -63.249483
35.450000	 -63.279314
35.500000	 -63.309555
35.550000	 -63.340190
35.600000	 -63.371205
35.650000	 -63.402587
35.700000	 -63.434324
35.750000	 -63.466406
35.800000	 -63.498822
35.850000	 -63.531565
35.900000	 -63.564626
35.950000	 -63.597996
36.000000	 -63.631669
36.050000	 -63.665637
36.100000	 -63.699893
36.150000	 -63.734431
36.200000	 -63.769243
36.250000	 -63.804323
36.300000	 -63.839664
36.350000	 -63.875260
36.400000	 -63.911105
36.450000	 -63.947192
36.500000	 -63.983514
36.550000	 -64.020067
36.600000	 -64.056843
36.650000	 -64.093836
36.700000	 -64.131040
36.750000	 -64.168450
36.800000	 -64.206058
36.850000	 -64.243860
36.900000	 -64.281848
36.950000	 -64.320017
37.000000	 -64.358362
37.050000	 -64.396876
37.100000	 -64.435553
37.150000	 -64.474388
37.200000	 -64.513376
37.250000	 -64.552510
37.300000	 -64.591785
37.350000	 -64.631196
37.400000	 -64.670738
37.450000	 -64.710405
37.500000	 -64.750192
37.550000	 -64.790094
37.600000	 -64.830106
37.650000	 -64.870223
37.700000	 -64.910440
37.750000	 -64.950753
37.800000	 -64.991155
37.850000	 -65.031643
37.900000	 -65.072213
37.950000	 -65.112860
38.000000	 -65.153580
38.050000	 -65.194369
38.100000	 -65.235223
38.150000	 -65.276137
38.200000	 -65.317109
38.250000	 -65.358135
38.300000	 -65.399211
38.350000	 -65.440334
38.400000	 -65.481500
38.450000	 -65.522707
38.500000	 -65.563951
38.550000	 -65.605230
38.600000	 -65.646540
38.650000	 -65.687879
38.700000	 -65.729244
38.750000	 -65.770633
38.800000	 -65.812044
38.850000	 -65.853473
38.900000	 -65.894919
38.950000	 -65.936380
39.000000	 -65.977853
39.050000	 -66.019335
39.100000	 -66.060825
39.150000	 -66.102320
39.200000	 -66.143818
39.250000	 -66.185318
39.300000	 -66.226818
39.350000	 -66.268315
39.400000	 -66.309809
39.450000	 -66.351297
39.500000	 -66.392779
39.550000	 -66.434252
39.600000	 -66.475716
39.650000	 -66.517168
39.700000	 -66.558609
39.750000	 -66.600036
39.800000	 -66.641448
39.850000	 -66.682844
39.900000	 -66.724224
39.950000	 -66.765586
40.000000	 -66.806930
40.050000	 -66.848255
40.100000	 -66.889559
40.150000	 -66.930842
40.200000	 -66.972104
40.250000	 -67.013343
40.300000	 -67.054559
40.350000	 -67.095751
40.400000	 -67.136918
40.450000	 -67.178059
40.500000	 -67.219173
40.550000	 -67.260260
40.600000	 -67.301319
40.650000	 -67.342349
40.700000	 -67.383351
40.750000	 -67.424322
40.800000	 -67.465264
40.850000	 -67.506175
40.900000	 -67.547054
40.950000	 -67.587902
41.000000	 -67.628718
41.050000	 -67.669502
41.100000	 -67.710253
41.150000	 -67.750972
41.200000	 -67.791657
41.250000	 -67.832308
41.300000	 -67.872926
41.350000	 -67.913510
41.400000	 -67.954060
41.450000	 -67.994576
41.500000	 -68.035057
41.550000	 -68.075504
41.600000	 -68.115916
41.650000	 -68.156293
41.700000	 -68.196635
41.750000	 -68.236941
41.800000	 -68.277211
41.850000	 -68.317445
41.900000	 -68.357642
41.950000	 -68.397802
42.000000	 -68.437926
42.050000	 -68.478012
42.100000	 -68.518061
42.150000	 -68.558072
42.200000	 -68.598046
42.250000	 -68.637982
42.300000	 -68.677880
42.350000	 -68.717740
42.400000	 -68.757562
42.450000	 -68.797345
42.500000	 -68.837091
42.550000	 -68.876797
42.600000	 -68.916466
42.650000	 -68.956096
42.700000	 -68.995688
42.750000	 -69.035241
42.800000	 -69.074755
42.850000	 -69.114231
42.900000	 -69.153669
42.950000	 -69.193068
43.000000	 -69.232428
43.050000	 -69.271749
43.100000	 -69.311032
43.150000	 -69.350275
43.200000	 -69.389479
43.250000	 -69.428643
43.300000	 -69.467767
43.350000	 -69.506852
43.400000	 -69.545896
43.450000	 -69.584900
43.500000	 -69.623865
43.550000	 -69.662788
43.600000	 -69.701672
43.650000	 -69.740514
43.700000	 -69.779316
43.750000	 -69.818077
43.800000	 -69.856797
43.850000	 -69.895477
43.900000	 -69.934115
43.950000	 -69.972712
44.000000	 -70.011268
44.050000	 -70.049783
44.100000	 -70.088256
44.150000	 -70.126688
44.200000	 -70.165079
44.250000	 -70.203428
44.300000	 -70.241736
44.350000	 -70.280002
44.400000	 -70.318227
44.450000	 -70.356409
44.500000	 -70.394550
44.550000	 -70.432649
44.600000	 -70.470705
44.650000	 -70.508719
44.700000	 -70.546689
44.750000	 -70.584617
44.800000	 -70.622502
44.850000	 -70.660343
44.900000	 -70.698140
44.950000	 -70.735894
45.000000	 -70.773604
45.050000	 -70.811270
45.100000	 -70.848891
45.150000	 -70.886468
45.200000	 -70.924001
45.250000	 -70.961488
45.300000	 -70.998931
45.350000	 -71.036329
45.400000	 -71.073681
45.450000	 -71.110988
45.500000	 -71.148250
45.550000	 -71.185465
45.600000	 -71.222636
45.650000	 -71.259760
45.700000	 -71.296838
45.750000	 -71.333870
45.800000	 -71.370855
45.850000	 -71.407795
45.900000	 -71.444687
45.950000	 -71.481533
46.000000	 -71.518332
46.050000	 -71.555083
46.100000	 -71.591786
46.150000	 -71.628442
46.200000	 -71.665049
46.250000	 -71.701607
46.300000	 -71.738117
46.350000	 -71.774578
46.400000	 -71.810990
46.450000	 -71.847352
46.500000	 -71.883664
46.550000	 -71.919926
46.600000	 -71.956138
46.650000	 -71.992300
46.700000	 -72.028410
46.750000	 -72.064470
46.800000	 -72.100479
46.850000	 -72.136436
46.900000	 -72.172341
46.950000	 -72.208195
47.000000	 -72.243997
47.050000	 -72.279746
47.100000	 -72.315443
47.150000	 -72.351088
47.200000	 -72.386679
47.250000	 -72.422218
47.300000	 -72.457703
47.350000	 -72.493135
47.400000	 -72.528513
47.450000	 -72.563837
47.500000	 -72.599107
47.550000	 -72.634323
47.600000	 -72.669483
47.650000	 -72.704589
47.700000	 -72.739639
47.750000	 -72.774633
47.800000	 -72.809571
47.850000	 -72.844453
47.900000	 -72.879278
47.950000	 -72.914046
48.000000	 -72.948757
48.050000	 -72.983410
48.100000	 -73.018005
48.150000	 -73.052543
48.200000	 -73.087022
48.250000	 -73.121442
48.300000	 -73.155804
48.350000	 -73.190106
48.400000	 -73.224349
48.450000	 -73.258533
48.500000	 -73.292657
48.550000	 -73.326721
48.600000	 -73.360724
48.650000	 -73.394667
48.700000	 -73.428549
48.750000	 -73.462370
48.800000	 -73.496130
48.850000	 -73.529829
48.900000	 -73.563466
48.950000	 -73.597041
49.000000	 -73.630554
49.050000	 -73.664004
49.100000	 -73.697392
49.150000	 -73.730717
49.200000	 -73.763979
49.250000	 -73.797177
49.300000	 -73.830311
49.350000	 -73.863381
49.400000	 -73.896386
49.450000	 -73.929327
49.500000	 -73.962203
49.550000	 -73.995013
49.600000	 -74.027758
49.650000	 -74.060437
49.700000	 -74.093050
49.750000	 -74.125596
49.800000	 -74.158076
49.850000	 -74.190489
49.900000	 -74.222835
49.950000	 -74.255114
50.000000	 -74.287325
50.050000	 -74.319469
50.100000	 -74.351544
50.150000	 -74.383551
50.200000	 -74.415490
50.250000	 -74.447360
50.300000	 -74.479162
50.350000	 -74.510894
50.400000	 -74.542557
50.450000	 -74.574150
50.500000	 -74.605674
50.550000	 -74.637128
50.600000	 -74.668512
50.650000	 -74.699826
50.700000	 -74.731069
50.750000	 -74.762242
50.800000	 -74.793343
50.850000	 -74.824374
50.900000	 -74.855333
50.950000	 -74.886220
51.000000	 -74.917035
51.050000	 -74.947779
51.100000	 -74.978450
51.150000	 -75.009048
51.200000	 -75.039573
51.250000	 -75.070026
51.300000	 -75.100405
51.350000	 -75.130710
51.400000	 -75.160942
51.450000	 -75.191101
51.500000	 -75.221185
51.550000	 -75.251194
51.600000	 -75.281130
51.650000	 -75.310991
51.700000	 -75.340777
51.750000	 -75.370488
51.800000	 -75.400124
51.850000	 -75.429684
51.900000	 -75.459170
51.950000	 -75.488579
52.000000	 -75.517913
52.050000	 -75.547171
52.100000	 -75.576353
52.150000	 -75.605458
52.200000	 -75.634488
52.250000	 -75.663440
52.300000	 -75.692316
52.350000	 -75.721116
52.400000	 -75.749838
52.450000	 -75.778484
52.500000	 -75.807052
52.550000	 -75.835543
52.600000	 -75.863957
52.650000	 -75.892293
52.700000	 -75.920552
52.750000	 -75.948732
52.800000	 -75.976835
52.850000	 -76.004859
52.900000	 -76.032805
52.950000	 -76.060672
53.000000	 -76.088461
53.050000	 -76.116171
53.100000	 -76.143802
53.150000	 -76.171354
53.200000	 -76.198827
53.250000	 -76.226220
53.300000	 -76.253535
53.350000	 -76.280769
53.400000	 -76.307925
53.450000	 -76.335000
53.500000	 -76.361996
53.550000	 -76.388912
53.600000	 -76.415748
53.650000	 -76.442504
53.700000	 -76.469179
53.750000	 -76.495775
53.800000	 -76.522290
53.850000	 -76.548725
53.900000	 -76.575079
53.950000	 -76.601353
54.000000	 -76.627547
54.050000	 -76.653659
54.100000	 -76.679691
54.150000	 -76.705643
54.200000	 -76.731513
54.250000	 -76.757303
54.300000	 -76.783012
54.350000	 -76.808640
54.400000	 -76.834187
54.450000	 -76.859653
54.500000	 -76.885038
54.550000	 -76.910342
54.600000	 -76.935565
54.650000	 -76.960707
54.700000	 -76.985767
54.750000	 -77.010747
54.800000	 -77.035645
54.850000	 -77.060461
54.900000	 -77.085197
54.950000	 -77.109850
55.000000	 -77.134423
55.050000	 -77.158914
55.100000	 -77.183323
55.150000	 -77.207651
55.200000	 -77.231897
55.250000	 -77.256062
55.300000	 -77.280145
55.350000	 -77.304146
55.400000	 -77.328066
55.450000	 -77.351904
55.500000	 -77.375660
55.550000	 -77.399335
55.600000	 -77.422928
55.650000	 -77.446439
55.700000	 -77.469869
55.750000	 -77.493217
55.800000	 -77.516484
55.850000	 -77.539669
55.900000	 -77.562772
55.950000	 -77.585794
56.000000	 -77.608735
56.050000	 -77.631593
56.100000	 -77.654371
56.150000	 -77.677066
56.200000	 -77.699681
56.250000	 -77.722214
56.300000	 -77.744666
56.350000	 -77.767036
56.400000	 -77.789326
56.450000	 -77.811534
56.500000	 -77.833661
56.550000	 -77.855706
56.600000	 -77.877671
56.650000	 -77.899555
56.700000	 -77.921358
56.750000	 -77.943080
56.800000	 -77.964721
56.850000	 -77.986282
56.900000	 -78.007762
56.950000	 -78.029161
57.000000	 -78.050480
57.050000	 -78.071718
57.100000	 -78.092876
57.150000	 -78.113953
57.200000	 -78.134951
57.250000	 -78.155867
57.300000	 -78.176704
57.350000	 -78.197461
57.400000	 -78.218138
57.450000	 -78.238734
57.500000	 -78.259251
57.550000	 -78.279688
57.600000	 -78.300045
57.650000	 -78.320322
57.700000	 -78.340520
57.750000	 -78.360639
57.800000	 -78.380678
57.850000	 -78.400637
57.900000	 -78.420518
57.950000	 -78.440319
58.000000	 -78.460041
58.050000	 -78.479684
58.100000	 -78.499249
58.150000	 -78.518734
58.200000	 -78.538141
58.250000	 -78.557470
58.300000	 -78.576720
58.350000	 -78.595891
58.400000	 -78.614985
58.450000	 -78.634000
58.500000	 -78.652938
58.550000	 -78.671797
58.600000	 -78.690579
58.650000	 -78.709283
58.700000	 -78.727909
58.750000	 -78.746458
58.800000	 -78.764930
58.850000	 -78.783325
58.900000	 -78.801643
58.950000	 -78.819883
59.000000	 -78.838047
59.050000	 -78.856135
59.100000	 -78.874146
59.150000	 -78.892080
59.200000	 -78.909939
59.250000	 -78.927721
59.300000	 -78.945427
59.350000	 -78.963058
59.400000	 -78.980612
59.450000	 -78.998092
59.500000	 -79.015496
59.550000	 -79.032824
59.600000	 -79.050078
59.650000	 -79.067257
59.700000	 -79.084361
59.750000	 -79.101390
59.800000	 -79.118345
59.850000	 -79.135225
59.900000	 -79.152031
59.950000	 -79.168764
60.000000	 -79.185422
60.050000	 -79.202006
60.100000	 -79.218517
60.150000	 -79.234955
60.200000	 -79.251319
60.250000	 -79.267610
60.300000	 -79.283828
60.350000	 -79.299973
60.400000	 -79.316046
60.450000	 -79.332046
60.500000	 -79.347973
60.550000	 -79.363828
60.600000	 -79.379611
60.650000	 -79.395322
60.700000	 -79.410962
60.750000	 -79.426530
60.800000	 -79.442026
60.850000	 -79.457451
60.900000	 -79.472805
60.950000	 -79.488087
61.000000	 -79.503299
61.050000	 -79.518441
61.100000	 -79.533512
61.150000	 -79.548512
61.200000	 -79.563443
61.250000	 -79.578303
61.300000	 -79.593094
61.350000	 -79.607815
61.400000	 -79.622467
61.450000	 -79.637049
61.500000	 -79.651562
61.550000	 -79.666006
61.600000	 -79.680382
61.650000	 -79.694689
61.700000	 -79.708927
61.750000	 -79.723097
61.800000	 -79.737200
61.850000	 -79.751234
61.900000	 -79.765201
61.950000	 -79.779100
62.000000	 -79.792931
62.050000	 -79.806696
62.100000	 -79.820393
62.150000	 -79.834024
62.200000	 -79.847588
62.250000	 -79.861086
62.300000	 -79.874517
62.350000	 -79.887883
62.400000	 -79.901182
62.450000	 -79.914416
62.500000	 -79.927584
62.550000	 -79.940687
62.600000	 -79.953725
62.650000	 -79.966698
62.700000	 -79.979606
62.750000	 -79.992449
62.800000	 -80.005228
62.850000	 -80.017943
62.900000	 -80.030594
62.950000	 -80.043181
63.000000	 -80.055704
63.050000	 -80.068164
63.100000	 -80.080561
63.150000	 -80.092894
63.200000	 -80.105165
63.250000	 -80.117373
63.300000	 -80.129518
63.350000	 -80.141601
63.400000	 -80.153622
63.450000	 -80.165581
63.500000	 -80.177478
63.550000	 -80.189313
63.600000	 -80.201088
63.650000	 -80.212801
63.700000	 -80.224453
63.750000	 -80.236044
63.800000	 -80.247574
63.850000	 -80.259045
63.900000	 -80.270454
63.950000	 -80.281804
64.000000	 -80.293094
64.050000	 -80.304325
64.100000	 -80.315495
64.150000	 -80.326607
64.200000	 -80.337659
64.250000	 -80.348652
64.300000	 -80.359587
64.350000	 -80.370463
64.400000	 -80.381281
64.450000	 -80.392040
64.500000	 -80.402741
64.550000	 -80.413385
64.600000	 -80.423970
64.650000	 -80.434499
64.700000	 -80.444970
64.750000	 -80.455384
64.800000	 -80.465741
64.850000	 -80.476041
64.900000	 -80.486285
64.950000	 -80.496472
65.000000	 -80.506603
65.050000	 -80.516678
65.100000	 -80.526698
65.150000	 -80.536662
65.200000	 -80.546570
65.250000	 -80.556423
65.300000	 -80.566221
65.350000	 -80.575964
65.400000	 -80.585652
65.450000	 -80.595286
65.500000	 -80.604866
65.550000	 -80.614391
65.600000	 -80.623863
65.650000	 -80.633280
65.700000	 -80.642644
65.750000	 -80.651955
65.800000	 -80.661213
65.850000	 -80.670417
65.900000	 -80.679569
65.950000	 -80.688668
66.000000	 -80.697714
66.050000	 -80.706708
66.100000	 -80.715650
66.150000	 -80.724540
66.200000	 -80.733378
66.250000	 -80.742165
66.300000	 -80.750901
66.350000	 -80.759585
66.400000	 -80.768218
66.450000	 -80.776800
66.500000	 -80.785332
66.550000	 -80.793813
66.600000	 -80.802244
66.650000	 -80.810625
66.700000	 -80.818955
66.750000	 -80.827236
66.800000	 -80.835468
66.850000	 -80.843650
66.900000	 -80.851783
66.950000	 -80.859867
67.000000	 -80.867902
67.050000	 -80.875888
67.100000	 -80.883826
67.150000	 -80.891715
67.200000	 -80.899556
67.250000	 -80.907350
67.300000	 -80.915095
67.350000	 -80.922793
67.400000	 -80.930444
67.450000	 -80.938047
67.500000	 -80.945603
67.550000	 -80.953112
67.600000	 -80.960575
67.650000	 -80.967991
67.700000	 -80.975360
67.750000	 -80.982683
67.800000	 -80.989961
67.850000	 -80.997192
67.900000	 -81.004378
67.950000	 -81.011518
68.000000	 -81.018613
68.050000	 -81.025662
68.100000	 -81.032667
68.150000	 -81.039627
68.200000	 -81.046542
68.250000	 -81.053412
68.300000	 -81.060239
68.350000	 -81.067021
68.400000	 -81.073759
68.450000	 -81.080453
68.500000	 -81.087104
68.550000	 -81.093711
68.600000	 -81.100275
68.650000	 -81.106796
68.700000	 -81.113273
68.750000	 -81.119708
68.800000	 -81.126101
68.850000	 -81.132450
68.900000	 -81.138758
68.950000	 -81.145023
69.000000	 -81.151246
69.050000	 -81.157428
69.100000	 -81.163567
69.150000	 -81.169666
69.200000	 -81.175723
69.250000	 -81.181738
69.300000	 -81.187713
69.350000	 -81.193647
69.400000	 -81.199540
69.450000	 -81.205393
69.500000	 -81.211205
69.550000	 -81.216977
69.600000	 -81.222709
69.650000	 -81.228401
69.700000	 -81.234053
69.750000	 -81.239666
69.800000	 -81.245239
69.850000	 -81.250773
69.900000	 -81.256268
69.950000	 -81.261724
70.000000	 -81.267141
70.050000	 -81.272519
70.100000	 -81.277859
70.150000	 -81.283160
70.200000	 -81.288424
70.250000	 -81.293649
70.300000	 -81.298836
70.350000	 -81.303986
70.400000	 -81.309098
70.450000	 -81.314173
70.500000	 -81.319210
70.550000	 -81.324210
70.600000	 -81.329174
70.650000	 -81.334100
70.700000	 -81.338990
70.750000	 -81.343843
70.800000	 -81.348659
70.850000	 -81.353440
70.900000	 -81.358184
70.950000	 -81.362893
71.000000	 -81.367565
71.050000	 -81.372202
71.100000	 -81.376803
71.150000	 -81.381369
71.200000	 -81.385900
71.250000	 -81.390396
71.300000	 -81.394856
71.350000	 -81.399282
71.400000	 -81.403673
71.450000	 -81.408030
71.500000	 -81.412352
71.550000	 -81.416640
71.600000	 -81.420894
71.650000	 -81.425114
71.700000	 -81.429300
71.750000	 -81.433452
71.800000	 -81.437570
71.850000	 -81.441656
71.900000	 -81.445708
71.950000	 -81.449726
72.000000	 -81.453712
72.050000	 -81.457665
72.100000	 -81.461585
72.150000	 -81.465472
72.200000	 -81.469327
72.250000	 -81.473149
72.300000	 -81.476939
72.350000	 -81.480698
72.400000	 -81.484424
72.450000	 -81.488118
72.500000	 -81.491781
72.550000	 -81.495411
72.600000	 -81.499011
72.650000	 -81.502579
72.700000	 -81.506116
72.750000	 -81.509622
72.800000	 -81.513097
72.850000	 -81.516541
72.900000	 -81.519955
72.950000	 -81.523338
73.000000	 -81.526690
73.050000	 -81.530012
73.100000	 -81.533304
73.150000	 -81.536566
73.200000	 -81.539798
73.250000	 -81.543000
73.300000	 -81.546172
73.350000	 -81.549315
73.400000	 -81.552429
73.450000	 -81.555513
73.500000	 -81.558568
73.550000	 -81.561594
73.600000	 -81.564590
73.650000	 -81.567558
73.700000	 -81.570498
73.750000	 -81.573408
73.800000	 -81.576291
73.850000	 -81.579145
73.900000	 -81.581970
73.950000	 -81.584768
74.000000	 -81.587537
74.050000	 -81.590279
74.100000	 -81.592993
74.150000	 -81.595679
74.200000	 -81.598337
74.250000	 -81.600968
74.300000	 -81.603572
74.350000	 -81.606149
74.400000	 -81.608699
74.450000	 -81.611221
74.500000	 -81.613717
74.550000	 -81.616186
74.600000	 -81.618628
74.650000	 -81.621044
74.700000	 -81.623434
74.750000	 -81.625797
74.800000	 -81.628134
74.850000	 -81.630445
74.900000	 -81.632730
74.950000	 -81.634989
75.000000	 -81.637222
75.050000	 -81.639430
75.100000	 -81.641612
75.150000	 -81.643769
75.200000	 -81.645900
75.250000	 -81.648007
75.300000	 -81.650088
75.350000	 -81.652144
75.400000	 -81.654175
75.450000	 -81.656182
75.500000	 -81.658163
75.550000	 -81.660121
75.600000	 -81.662053
75.650000	 -81.663962
75.700000	 -81.665846
75.750000	 -81.667706
75.800000	 -81.669542
75.850000	 -81.671354
75.900000	 -81.673142
75.950000	 -81.674906
76.000000	 -81.676647
76.050000	 -81.678364
76.100000	 -81.680058
76.150000	 -81.681728
76.200000	 -81.683375
76.250000	 -81.684999
76.300000	 -81.686600
76.350000	 -81.688178
76.400000	 -81.689733
76.450000	 -81.691265
76.500000	 -81.692775
76.550000	 -81.694262
76.600000	 -81.695727
76.650000	 -81.697169
76.700000	 -81.698589
76.750000	 -81.699987
76.800000	 -81.701363
76.850000	 -81.702717
76.900000	 -81.704049
76.950000	 -81.705359
77.000000	 -81.706647
77.050000	 -81.707914
77.100000	 -81.709159
77.150000	 -81.710383
77.200000	 -81.711585
77.250000	 -81.712767
77.300000	 -81.713927
77.350000	 -81.715066
77.400000	 -81.716184
77.450000	 -81.717281
77.500000	 -81.718357
77.550000	 -81.719413
77.600000	 -81.720448
77.650000	 -81.721463
77.700000	 -81.722457
77.750000	 -81.723431
77.800000	 -81.724384
77.850000	 -81.725317
77.900000	 -81.726231
77.950000	 -81.727124
78.000000	 -81.727997
78.050000	 -81.728851
78.100000	 -81.729685
78.150000	 -81.730499
78.200000	 -81.731294
78.250000	 -81.732069
78.300000	 -81.732824
78.350000	 -81.733561
78.400000	 -81.734278
78.450000	 -81.734976
78.500000	 -81.735655
78.550000	 -81.736315
78.600000	 -81.736956
78.650000	 -81.737578
78.700000	 -81.738182
78.750000	 -81.738767
78.800000	 -81.739333
78.850000	 -81.739881
78.900000	 -81.740410
78.950000	 -81.740921
79.000000	 -81.741414
79.050000	 -81.741889
79.100000	 -81.742345
79.150000	 -81.742784
79.200000	 -81.743205
79.250000	 -81.743607
79.300000	 -81.743992
79.350000	 -81.744360
79.400000	 -81.744709
79.450000	 -81.745042
79.500000	 -81.745356
79.550000	 -81.745654
79.600000	 -81.745934
79.650000	 -81.746196
79.700000	 -81.746442
79.750000	 -81.746670
79.800000	 -81.746882
79.850000	 -81.747076
79.900000	 -81.747254
79.950000	 -81.747415
80.000000	 -81.747559
80.050000	 -81.747686
80.100000	 -81.747797
80.150000	 -81.747892
80.200000	 -81.747970
80.250000	 -81.748032
80.300000	 -81.748077
80.350000	 -81.748106
80.400000	 -81.748119
80.450000	 -81.748116
80.500000	 -81.748097
80.550000	 -81.748062
80.600000	 -81.748011
80.650000	 -81.747945
80.700000	 -81.747862
80.750000	 -81.747765
80.800000	 -81.747651
80.850000	 -81.747522
80.900000	 -81.747378
80.950000	 -81.747218
81.000000	 -81.747043
81.050000	 -81.746852
81.100000	 -81.746647
81.150000	 -81.746426
81.200000	 -81.746190
81.250000	 -81.745940
81.300000	 -81.745674
81.350000	 -81.745394
81.400000	 -81.745099
81.450000	 -81.744789
81.500000	 -81.744464
81.550000	 -81.744125
81.600000	 -81.743772
81.650000	 -81.743404
81.700000	 -81.743021
81.750000	 -81.742625
81.800000	 -81.742214
81.850000	 -81.741789
81.900000	 -81.741349
81.950000	 -81.740896
82.000000	 -81.740429
82.050000	 -81.739948
82.100000	 -81.739453
82.150000	 -81.738944
82.200000	 -81.738421
82.250000	 -81.737885
82.300000	 -81.737335
82.350000	 -81.736771
82.400000	 -81.736194
82.450000	 -81.735604
82.500000	 -81.735000
82.550000	 -81.734383
82.600000	 -81.733752
82.650000	 -81.733108
82.700000	 -81.732452
82.750000	 -81.731782
82.800000	 -81.731099
82.850000	 -81.730403
82.900000	 -81.729694
82.950000	 -81.728973
83.000000	 -81.728238
83.050000	 -81.727491
83.100000	 -81.726731
83.150000	 -81.725959
83.200000	 -81.725174
83.250000	 -81.724376
83.300000	 -81.723567
83.350000	 -81.722744
83.400000	 -81.721910
83.450000	 -81.721063
83.500000	 -81.720203
83.550000	 -81.719332
83.600000	 -81.718449
83.650000	 -81.717553
83.700000	 -81.716646
83.750000	 -81.715726
83.800000	 -81.714795
83.850000	 -81.713852
83.900000	 -81.712897
83.950000	 -81.711930
84.000000	 -81.710952
84.050000	 -81.709962
84.100000	 -81.708960
84.150000	 -81.707947
84.200000	 -81.706922
84.250000	 -81.705886
84.300000	 -81.704839
84.350000	 -81.703781
84.400000	 -81.702711
84.450000	 -81.701630
84.500000	 -81.700537
84.550000	 -81.699434
84.600000	 -81.698320
84.650000	 -81.697194
84.700000	 -81.696058
84.750000	 -81.694911
84.800000	 -81.693753
84.850000	 -81.692584
84.900000	 -81.691404
84.950000	 -81.690214
85.000000	 -81.689013
85.050000	 -81.687801
85.100000	 -81.686579
85.150000	 -81.685347
85.200000	 -81.684103
85.250000	 -81.682850
85.300000	 -81.681586
85.350000	 -81.680312
85.400000	 -81.679028
85.450000	 -81.677733
85.500000	 -81.676428
85.550000	 -81.675113
85.600000	 -81.673789
85.650000	 -81.672454
85.700000	 -81.671109
85.750000	 -81.669754
85.800000	 -81.668389
85.850000	 -81.667014
85.900000	 -81.665630
85.950000	 -81.664236
86.000000	 -81.662832
86.050000	 -81.661419
86.100000	 -81.659996
86.150000	 -81.658563
86.200000	 -81.657121
86.250000	 -81.655669
86.300000	 -81.654208
86.350000	 -81.652738
86.400000	 -81.651258
86.450000	 -81.649769
86.500000	 -81.648271
86.550000	 -81.646763
86.600000	 -81.645247
86.650000	 -81.643721
86.700000	 -81.642186
86.750000	 -81.640642
86.800000	 -81.639090
86.850000	 -81.637528
86.900000	 -81.635957
86.950000	 -81.634378
87.000000	 -81.632789
87.050000	 -81.631192
87.100000	 -81.629586
87.150000	 -81.627972
87.200000	 -81.626349
87.250000	 -81.624717
87.300000	 -81.623077
87.350000	 -81.621428
87.400000	 -81.619770
87.450000	 -81.618105
87.500000	 -81.616431
87.550000	 -81.614748
87.600000	 -81.613057
87.650000	 -81.611358
87.700000	 -81.609651
87.750000	 -81.607935
87.800000	 -81.606211
87.850000	 -81.604480
87.900000	 -81.602740
87.950000	 -81.600992
88.000000	 -81.599236
88.050000	 -81.597472
88.100000	 -81.595700
88.150000	 -81.593920
88.200000	 -81.592133
88.250000	 -81.590338
88.300000	 -81.588534
88.350000	 -81.586724
88.400000	 -81.584905
88.450000	 -81.583079
88.500000	 -81.581245
88.550000	 -81.579404
88.600000	 -81.577555
88.650000	 -81.575699
88.700000	 -81.573835
88.750000	 -81.571964
88.800000	 -81.570085
88.850000	 -81.568199
88.900000	 -81.566306
88.950000	 -81.564405
89.000000	 -81.562497
89.050000	 -81.560582
89.100000	 -81.558660
89.150000	 -81.556731
89.200000	 -81.554794
89.250000	 -81.552851
89.300000	 -81.550900
89.350000	 -81.548943
89.400000	 -81.546978
89.450000	 -81.545007
89.500000	 -81.543029
89.550000	 -81.541044
89.600000	 -81.539052
89.650000	 -81.537053
89.700000	 -81.535048
89.750000	 -81.533035
89.800000	 -81.531017
89.850000	 -81.528991
89.900000	 -81.526959
89.950000	 -81.524921
90.000000	 -81.522875
90.050000	 -81.520824
90.100000	 -81.518766
90.150000	 -81.516701
90.200000	 -81.514630
90.250000	 -81.512553
90.300000	 -81.510469
90.350000	 -81.508379
90.400000	 -81.506283
90.450000	 -81.504180
90.500000	 -81.502072
90.550000	 -81.499957
90.600000	 -81.497836
90.650000	 -81.495709
90.700000	 -81.493576
90.750000	 -81.491436
90.800000	 -81.489291
90.850000	 -81.487140
90.900000	 -81.484983
90.950000	 -81.482820
91.000000	 -81.480651
91.050000	 -81.478476
91.100000	 -81.476295
91.150000	 -81.474109
91.200000	 -81.471917
91.250000	 -81.469719
91.300000	 -81.467515
91.350000	 -81.465306
91.400000	 -81.463091
91.450000	 -81.460871
91.500000	 -81.458644
91.550000	 -81.456413
91.600000	 -81.454176
91.650000	 -81.451933
91.700000	 -81.449685
91.750000	 -81.447431
91.800000	 -81.445173
91.850000	 -81.442908
91.900000	 -81.440639
91.950000	 -81.438364
92.000000	 -81.436084
92.050000	 -81.433798
92.100000	 -81.431507
92.150000	 -81.429212
92.200000	 -81.426911
92.250000	 -81.424604
92.300000	 -81.422293
92.350000	 -81.419977
92.400000	 -81.417656
92.450000	 -81.415329
92.500000	 -81.412998
92.550000	 -81.410661
92.600000	 -81.408320
92.650000	 -81.405974
92.700000	 -81.403623
92.750000	 -81.401267
92.800000	 -81.398906
92.850000	 -81.396541
92.900000	 -81.394170
92.950000	 -81.391795
93.000000	 -81.389416
93.050000	 -81.387031
93.100000	 -81.384642
93.150000	 -81.382248
93.200000	 -81.379850
93.250000	 -81.377447
93.300000	 -81.375039
93.350000	 -81.372627
93.400000	 -81.370211
93.450000	 -81.367790
93.500000	 -81.365364
93.550000	 -81.362935
93.600000	 -81.360500
93.650000	 -81.358062
93.700000	 -81.355619
93.750000	 -81.353171
93.800000	 -81.350720
93.850000	 -81.348264
93.900000	 -81.345804
93.950000	 -81.343339
94.000000	 -81.340871
94.050000	 -81.338398
94.100000	 -81.335921
94.150000	 -81.333440
94.200000	 -81.330955
94.250000	 -81.328466
94.300000	 -81.325973
94.350000	 -81.323476
94.400000	 -81.320975
94.450000	 -81.318469
94.500000	 -81.315960
94.550000	 -81.313447
94.600000	 -81.310930
94.650000	 -81.308409
94.700000	 -81.305884
94.750000	 -81.303356
94.800000	 -81.300824
94.850000	 -81.298287
94.900000	 -81.295747
94.950000	 -81.293204
95.000000	 -81.290656
95.050000	 -81.288105
95.100000	 -81.285550
95.150000	 -81.282992
95.200000	 -81.280430
95.250000	 -81.277864
95.300000	 -81.275295
95.350000	 -81.272722
95.400000	 -81.270146
95.450000	 -81.267566
95.500000	 -81.264982
95.550000	 -81.262396
95.600000	 -81.259805
95.650000	 -81.257212
95.700000	 -81.254614
95.750000	 -81.252014
95.800000	 -81.249410
95.850000	 -81.246803
95.900000	 -81.244192
95.950000	 -81.241578
96.000000	 -81.238961
96.050000	 -81.236341
96.100000	 -81.233717
96.150000	 -81.231090
96.200000	 -81.228460
96.250000	 -81.225827
96.300000	 -81.223191
96.350000	 -81.220551
96.400000	 -81.217909
96.450000	 -81.215263
96.500000	 -81.212614
96.550000	 -81.209962
96.600000	 -81.207308
96.650000	 -81.204650
96.700000	 -81.201989
96.750000	 -81.199325
96.800000	 -81.196659
96.850000	 -81.193989
96.900000	 -81.191316
96.950000	 -81.188641
97.000000	 -81.185963
97.050000	 -81.183282
97.100000	 -81.180598
97.150000	 -81.177911
97.200000	 -81.175221
97.250000	 -81.172529
97.300000	 -81.169834
97.350000	 -81.167136
97.400000	 -81.164436
97.450000	 -81.161733
97.500000	 -81.159027
97.550000	 -81.156318
97.600000	 -81.153607
97.650000	 -81.150894
97.700000	 -81.148177
97.750000	 -81.145459
97.800000	 -81.142737
97.850000	 -81.140013
97.900000	 -81.137287
97.950000	 -81.134558
98.000000	 -81.131827
98.050000	 -81.129093
98.100000	 -81.126356
98.150000	 -81.123618
98.200000	 -81.120877
98.250000	 -81.118133
98.300000	 -81.115388
98.350000	 -81.112639
98.400000	 -81.109889
98.450000	 -81.107136
98.500000	 -81.104381
98.550000	 -81.101624
98.600000	 -81.098864
98.650000	 -81.096102
98.700000	 -81.093338
98.750000	 -81.090572
98.800000	 -81.087804
98.850000	 -81.085033
98.900000	 -81.082261
98.950000	 -81.079486
99.000000	 -81.076709
99.050000	 -81.073930
99.100000	 -81.071149
99.150000	 -81.068366
99.200000	 -81.065581
99.250000	 -81.062794
99.300000	 -81.060004
99.350000	 -81.057213
99.400000	 -81.054420
99.450000	 -81.051625
99.500000	 -81.048828
99.550000	 -81.046029
99.600000	 -81.043229
99.650000	 -81.040426
99.700000	 -81.037621
99.750000	 -81.034815
99.800000	 -81.032007
99.850000	 -81.029197
99.900000	 -81.026385
99.950000	 -81.023572
100.000000	 -81.020756
