0.000000	 -78.470234
0.050000	 -78.470234
0.100000	 -78.470234
0.150000	 -78.470234
0.200000	 -78.470234
0.250000	 -78.470234
0.300000	 -78.470234
0.350000	 -78.470234
0.400000	 -78.470234
0.450000	 -78.470234
0.500000	 -78.470234
0.550000	 -78.470234
0.600000	 -78.470234
0.650000	 -78.470234
0.700000	 -78.470234
0.750000	 -78.470234
0.800000	 -78.470234
0.850000	 -78.470234
0.900000	 -78.470234
0.950000	 -78.470234
1.000000	 -78.470234
1.050000	 -78.470234
1.100000	 -78.470234
1.150000	 -78.470234
1.200000	 -78.470234
1.250000	 -78.470234
1.300000	 -78.470234
1.350000	 -78.470234
1.400000	 -78.470234
1.450000	 -78.470234
1.500000	 -78.470234
1.550000	 -78.470234
1.600000	 -78.470234
1.650000	 -78.470234
1.700000	 -78.470234
1.750000	 -78.470234
1.800000	 -78.470234
1.850000	 -78.470234
1.900000	 -78.470234
1.950000	 -78.470234
2.000000	 -78.470234
2.050000	 -78.470234
2.100000	 -78.470234
2.150000	 -78.470234
2.200000	 -78.470234
2.250000	 -78.470234
2.300000	 -78.470234
2.350000	 -78.470234
2.400000	 -78.470234
2.450000	 -78.470234
2.500000	 -78.470234
2.550000	 -78.470234
2.600000	 -78.470234
2.650000	 -78.470234
2.700000	 -78.470234
2.750000	 -78.470234
2.800000	 -78.470234
2.850000	 -78.470234
2.900000	 -78.470234
2.950000	 -78.470234
3.000000	 -78.470234
3.050000	 -78.470234
3.100000	 -78.470234
3.150000	 -78.470234
3.200000	 -78.470235
3.250000	 -78.470235
3.300000	 -78.470235
3.350000	 -78.470235
3.400000	 -78.470235
3.450000	 -78.470235
3.500000	 -78.470235
3.550000	 -78.470235
3.600000	 -78.470235
3.650000	 -78.470235
3.700000	 -78.470235
3.750000	 -78.470235
3.800000	 -78.470235
3.850000	 -78.470235
3.900000	 -78.470235
3.950000	 -78.470235
4.000000	 -78.470235
4.050000	 -78.470235
4.100000	 -78.470235
4.150000	 -78.470235
4.200000	 -78.470235
4.250000	 -78.470235
4.300000	 -78.470235
4.350000	 -78.470235
4.400000	 -78.470235
4.450000	 -78.470235
4.500000	 -78.470235
4.550000	 -78.470235
4.600000	 -78.470235
4.650000	 -78.470235
4.700000	 -78.470235
4.750000	 -78.470235
4.800000	 -78.470235
4.850000	 -78.470235
4.900000	 -78.470235
4.950000	 -78.470235
5.000000	 -78.470235
5.050000	 -78.470235
5.100000	 -78.470235
5.150000	 -78.470234
5.200000	 -78.470232
5.250000	 -78.470227
5.300000	 -78.470218
5.350000	 -78.470201
5.400000	 -78.470174
5.450000	 -78.470133
5.500000	 -78.470074
5.550000	 -78.469993
5.600000	 -78.469885
5.650000	 -78.469748
5.700000	 -78.469576
5.750000	 -78.469366
5.800000	 -78.469115
5.850000	 -78.468819
5.900000	 -78.468475
5.950000	 -78.468081
6.000000	 -78.467634
6.050000	 -78.467133
6.100000	 -78.466575
6.150000	 -78.465959
6.200000	 -78.465284
6.250000	 -78.464549
6.300000	 -78.463753
6.350000	 -78.462897
6.400000	 -78.461979
6.450000	 -78.461000
6.500000	 -78.459960
6.550000	 -78.458859
6.600000	 -78.457699
6.650000	 -78.456479
6.700000	 -78.455201
6.750000	 -78.453865
6.800000	 -78.452472
6.850000	 -78.451024
6.900000	 -78.449522
6.950000	 -78.447967
7.000000	 -78.446361
7.050000	 -78.444704
7.100000	 -78.442999
7.150000	 -78.441246
7.200000	 -78.439448
7.250000	 -78.437606
7.300000	 -78.435722
7.350000	 -78.433796
7.400000	 -78.431831
7.450000	 -78.429828
7.500000	 -78.427789
7.550000	 -78.425716
7.600000	 -78.423609
7.650000	 -78.421471
7.700000	 -78.419303
7.750000	 -78.417107
7.800000	 -78.414884
7.850000	 -78.412635
7.900000	 -78.410363
7.950000	 -78.408068
8.000000	 -78.405752
8.050000	 -78.403416
8.100000	 -78.401063
8.150000	 -78.398692
8.200000	 -78.396306
8.250000	 -78.393906
8.300000	 -78.391493
8.350000	 -78.389068
8.400000	 -78.386632
8.450000	 -78.384188
8.500000	 -78.381735
8.550000	 -78.379275
8.600000	 -78.376809
8.650000	 -78.374338
8.700000	 -78.371864
8.750000	 -78.369387
8.800000	 -78.366908
8.850000	 -78.364428
8.900000	 -78.361949
8.950000	 -78.359470
9.000000	 -78.356994
9.050000	 -78.354520
9.100000	 -78.352050
9.150000	 -78.349584
9.200000	 -78.347123
9.250000	 -78.344669
9.300000	 -78.342221
9.350000	 -78.339780
9.400000	 -78.337348
9.450000	 -78.334925
9.500000	 -78.332511
9.550000	 -78.330107
9.600000	 -78.327713
9.650000	 -78.325331
9.700000	 -78.322961
9.750000	 -78.320603
9.800000	 -78.318258
9.850000	 -78.315927
9.900000	 -78.313609
9.950000	 -78.311305
10.000000	 -78.309017
10.050000	 -78.306743
10.100000	 -78.304485
10.150000	 -78.302243
10.200000	 -78.300018
10.250000	 -78.297809
10.300000	 -78.295617
10.350000	 -78.293443
10.400000	 -78.291287
10.450000	 -78.289148
10.500000	 -78.287028
10.550000	 -78.284926
10.600000	 -78.282843
10.650000	 -78.280779
10.700000	 -78.278735
10.750000	 -78.276710
10.800000	 -78.274705
10.850000	 -78.272719
10.900000	 -78.270754
10.950000	 -78.268809
11.000000	 -78.266884
11.050000	 -78.264980
11.100000	 -78.263096
11.150000	 -78.261233
11.200000	 -78.259391
11.250000	 -78.257570
11.300000	 -78.255770
11.350000	 -78.253991
11.400000	 -78.252233
11.450000	 -78.250497
11.500000	 -78.248782
11.550000	 -78.247088
11.600000	 -78.245416
11.650000	 -78.243764
11.700000	 -78.242135
11.750000	 -78.240526
11.800000	 -78.238940
11.850000	 -78.237374
11.900000	 -78.235830
11.950000	 -78.234307
12.000000	 -78.232806
12.050000	 -78.231325
12.100000	 -78.229867
12.150000	 -78.228429
12.200000	 -78.227012
12.250000	 -78.225616
12.300000	 -78.224242
12.350000	 -78.222888
12.400000	 -78.221555
12.450000	 -78.220243
12.500000	 -78.218952
12.550000	 -78.217681
12.600000	 -78.216431
12.650000	 -78.215201
12.700000	 -78.213991
12.750000	 -78.212802
12.800000	 -78.211632
12.850000	 -78.210483
12.900000	 -78.209353
12.950000	 -78.208243
13.000000	 -78.207152
13.050000	 -78.206081
13.100000	 -78.205029
13.150000	 -78.203997
13.200000	 -78.202983
13.250000	 -78.201989
13.300000	 -78.201013
13.350000	 -78.200055
13.400000	 -78.199116
13.450000	 -78.198196
13.500000	 -78.197293
13.550000	 -78.196408
13.600000	 -78.195542
13.650000	 -78.194693
13.700000	 -78.193861
13.750000	 -78.193047
13.800000	 -78.192250
13.850000	 -78.191470
13.900000	 -78.190707
13.950000	 -78.189961
14.000000	 -78.189231
14.050000	 -78.188517
14.100000	 -78.187820
14.150000	 -78.187139
14.200000	 -78.186474
14.250000	 -78.185824
14.300000	 -78.185190
14.350000	 -78.184572
14.400000	 -78.183968
14.450000	 -78.183380
14.500000	 -78.182806
14.550000	 -78.182247
14.600000	 -78.181703
14.650000	 -78.181173
14.700000	 -78.180658
14.750000	 -78.180156
14.800000	 -78.179668
14.850000	 -78.179194
14.900000	 -78.178734
14.950000	 -78.178287
15.000000	 -78.177853
15.050000	 -78.177432
15.100000	 -78.177024
15.150000	 -78.176629
15.200000	 -78.176246
15.250000	 -78.175876
15.300000	 -78.175518
15.350000	 -78.175172
15.400000	 -78.174838
15.450000	 -78.174516
15.500000	 -78.174205
15.550000	 -78.173906
15.600000	 -78.173618
15.650000	 -78.173342
15.700000	 -78.173076
15.750000	 -78.172821
15.800000	 -78.172577
15.850000	 -78.172344
15.900000	 -78.172121
15.950000	 -78.171908
16.000000	 -78.171705
16.050000	 -78.171512
16.100000	 -78.171330
16.150000	 -78.171156
16.200000	 -78.170993
16.250000	 -78.170838
16.300000	 -78.170693
16.350000	 -78.170558
16.400000	 -78.170431
16.450000	 -78.170313
16.500000	 -78.170204
16.550000	 -78.170103
16.600000	 -78.170011
16.650000	 -78.169927
16.700000	 -78.169852
16.750000	 -78.169784
16.800000	 -78.169725
16.850000	 -78.169673
16.900000	 -78.169629
16.950000	 -78.169593
17.000000	 -78.169564
17.050000	 -78.169542
17.100000	 -78.169528
17.150000	 -78.169521
17.200000	 -78.169521
17.250000	 -78.169528
17.300000	 -78.169542
17.350000	 -78.169562
17.400000	 -78.169589
17.450000	 -78.169623
17.500000	 -78.169663
17.550000	 -78.169709
17.600000	 -78.169761
17.650000	 -78.169820
17.700000	 -78.169884
17.750000	 -78.169954
17.800000	 -78.170030
17.850000	 -78.170112
17.900000	 -78.170199
17.950000	 -78.170292
18.000000	 -78.170390
18.050000	 -78.170493
18.100000	 -78.170602
18.150000	 -78.170716
18.200000	 -78.170835
18.250000	 -78.170959
18.300000	 -78.171087
18.350000	 -78.171221
18.400000	 -78.171359
18.450000	 -78.171502
18.500000	 -78.171649
18.550000	 -78.171801
18.600000	 -78.171957
18.650000	 -78.172117
18.700000	 -78.172282
18.750000	 -78.172451
18.800000	 -78.172624
18.850000	 -78.172801
18.900000	 -78.172982
18.950000	 -78.173167
19.000000	 -78.173355
19.050000	 -78.173548
19.100000	 -78.173744
19.150000	 -78.173943
19.200000	 -78.174146
19.250000	 -78.174353
19.300000	 -78.174563
19.350000	 -78.174776
19.400000	 -78.174993
19.450000	 -78.175213
19.500000	 -78.175436
19.550000	 -78.175662
19.600000	 -78.175891
19.650000	 -78.176124
19.700000	 -78.176359
19.750000	 -78.176597
19.800000	 -78.176838
19.850000	 -78.177081
19.900000	 -78.177328
19.950000	 -78.177577
20.000000	 -78.177829
20.050000	 -78.178083
20.100000	 -78.178340
20.150000	 -78.178599
20.200000	 -78.178861
20.250000	 -78.179125
20.300000	 -78.179392
20.350000	 -78.179661
20.400000	 -78.179932
20.450000	 -78.180205
20.500000	 -78.180481
20.550000	 -78.180758
20.600000	 -78.181038
20.650000	 -78.181320
20.700000	 -78.181604
20.750000	 -78.181889
20.800000	 -78.182177
20.850000	 -78.182467
20.900000	 -78.182758
20.950000	 -78.183052
21.000000	 -78.183347
21.050000	 -78.183644
21.100000	 -78.183942
21.150000	 -78.184243
21.200000	 -78.184544
21.250000	 -78.184848
21.300000	 -78.185153
21.350000	 -78.185460
21.400000	 -78.185768
21.450000	 -78.186078
21.500000	 -78.186389
21.550000	 -78.186702
21.600000	 -78.187016
21.650000	 -78.187332
21.700000	 -78.187649
21.750000	 -78.187967
21.800000	 -78.188287
21.850000	 -78.188607
21.900000	 -78.188929
21.950000	 -78.189253
22.000000	 -78.189577
22.050000	 -78.189903
22.100000	 -78.190230
22.150000	 -78.190558
22.200000	 -78.190887
22.250000	 -78.191217
22.300000	 -78.191549
22.350000	 -78.191881
22.400000	 -78.192215
22.450000	 -78.192549
22.500000	 -78.192884
22.550000	 -78.193221
22.600000	 -78.193558
22.650000	 -78.193896
22.700000	 -78.194236
22.750000	 -78.194576
22.800000	 -78.194917
22.850000	 -78.195259
22.900000	 -78.195601
22.950000	 -78.195945
23.000000	 -78.196289
23.050000	 -78.196634
23.100000	 -78.196980
23.150000	 -78.197327
23.200000	 -78.197674
23.250000	 -78.198022
23.300000	 -78.198371
23.350000	 -78.198721
23.400000	 -78.199071
23.450000	 -78.199422
23.500000	 -78.199773
23.550000	 -78.200126
23.600000	 -78.200478
23.650000	 -78.200832
23.700000	 -78.201186
23.750000	 -78.201541
23.800000	 -78.201896
23.850000	 -78.202252
23.900000	 -78.202608
23.950000	 -78.202965
24.000000	 -78.203323
24.050000	 -78.203681
24.100000	 -78.204039
24.150000	 -78.204398
24.200000	 -78.204758
24.250000	 -78.205118
24.300000	 -78.205478
24.350000	 -78.205839
24.400000	 -78.206201
24.450000	 -78.206563
24.500000	 -78.206925
24.550000	 -78.207288
24.600000	 -78.207651
24.650000	 -78.208015
24.700000	 -78.208379
24.750000	 -78.208743
24.800000	 -78.209108
24.850000	 -78.209473
24.900000	 -78.209838
24.950000	 -78.210204
25.000000	 -78.210571
25.050000	 -78.210937
25.100000	 -78.211304
25.150000	 -78.211671
25.200000	 -78.212039
25.250000	 -78.212407
25.300000	 -78.212775
25.350000	 -78.213144
25.400000	 -78.213513
25.450000	 -78.213883
25.500000	 -78.214253
25.550000	 -78.214623
25.600000	 -78.214993
25.650000	 -78.215364
25.700000	 -78.215736
25.750000	 -78.216107
25.800000	 -78.216479
25.850000	 -78.216851
25.900000	 -78.217224
25.950000	 -78.217597
26.000000	 -78.217970
26.050000	 -78.218344
26.100000	 -78.218718
26.150000	 -78.219092
26.200000	 -78.219466
26.250000	 -78.219841
26.300000	 -78.220216
26.350000	 -78.220591
26.400000	 -78.220966
26.450000	 -78.221342
26.500000	 -78.221717
26.550000	 -78.222093
26.600000	 -78.222470
26.650000	 -78.222846
26.700000	 -78.223222
26.750000	 -78.223599
26.800000	 -78.223976
26.850000	 -78.224353
26.900000	 -78.224731
26.950000	 -78.225108
27.000000	 -78.225486
27.050000	 -78.225863
27.100000	 -78.226241
27.150000	 -78.226619
27.200000	 -78.226997
27.250000	 -78.227376
27.300000	 -78.227754
27.350000	 -78.228133
27.400000	 -78.228511
27.450000	 -78.228890
27.500000	 -78.229269
27.550000	 -78.229648
27.600000	 -78.230027
27.650000	 -78.230406
27.700000	 -78.230786
27.750000	 -78.231165
27.800000	 -78.231544
27.850000	 -78.231924
27.900000	 -78.232303
27.950000	 -78.232683
28.000000	 -78.233063
28.050000	 -78.233443
28.100000	 -78.233823
28.150000	 -78.234203
28.200000	 -78.234583
28.250000	 -78.234963
28.300000	 -78.235343
28.350000	 -78.235723
28.400000	 -78.236103
28.450000	 -78.236484
28.500000	 -78.236864
28.550000	 -78.237244
28.600000	 -78.237625
28.650000	 -78.238005
28.700000	 -78.238386
28.750000	 -78.238766
28.800000	 -78.239147
28.850000	 -78.239527
28.900000	 -78.239908
28.950000	 -78.240289
29.000000	 -78.240669
29.050000	 -78.241050
29.100000	 -78.241431
29.150000	 -78.241812
29.200000	 -78.242192
29.250000	 -78.242573
29.300000	 -78.242954
29.350000	 -78.243335
29.400000	 -78.243716
29.450000	 -78.244097
29.500000	 -78.244478
29.550000	 -78.244858
29.600000	 -78.245239
29.650000	 -78.245620
29.700000	 -78.246001
29.750000	 -78.246382
29.800000	 -78.246763
29.850000	 -78.247144
29.900000	 -78.247525
29.950000	 -78.247906
30.000000	 -78.248287
30.050000	 -78.248667
30.100000	 -78.249048
30.150000	 -78.249429
30.200000	 -78.249810
30.250000	 -78.250191
30.300000	 -78.250572
30.350000	 -78.250953
30.400000	 -78.251333
30.450000	 -78.251714
30.500000	 -78.252095
30.550000	 -78.252476
30.600000	 -78.252856
30.650000	 -78.253237
30.700000	 -78.253618
30.750000	 -78.253999
30.800000	 -78.254379
30.850000	 -78.254760
30.900000	 -78.255140
30.950000	 -78.255521
31.000000	 -78.255902
31.050000	 -78.256282
31.100000	 -78.256662
31.150000	 -78.257043
31.200000	 -78.257423
31.250000	 -78.257804
31.300000	 -78.258184
31.350000	 -78.258564
31.400000	 -78.258945
31.450000	 -78.259325
31.500000	 -78.259705
31.550000	 -78.260085
31.600000	 -78.260465
31.650000	 -78.260845
31.700000	 -78.261225
31.750000	 -78.261605
31.800000	 -78.261985
31.850000	 -78.262365
31.900000	 -78.262745
31.950000	 -78.263124
32.000000	 -78.263504
32.050000	 -78.263884
32.100000	 -78.264263
32.150000	 -78.264643
32.200000	 -78.265022
32.250000	 -78.265402
32.300000	 -78.265781
32.350000	 -78.266160
32.400000	 -78.266540
32.450000	 -78.266919
32.500000	 -78.267298
32.550000	 -78.267677
32.600000	 -78.268056
32.650000	 -78.268435
32.700000	 -78.268814
32.750000	 -78.269193
32.800000	 -78.269571
32.850000	 -78.269950
32.900000	 -78.270328
32.950000	 -78.270707
33.000000	 -78.271085
33.050000	 -78.271464
33.100000	 -78.271842
33.150000	 -78.272220
33.200000	 -78.272598
33.250000	 -78.272976
33.300000	 -78.273354
33.350000	 -78.273732
33.400000	 -78.274110
33.450000	 -78.274487
33.500000	 -78.274865
33.550000	 -78.275243
33.600000	 -78.275620
33.650000	 -78.275997
33.700000	 -78.276375
33.750000	 -78.276752
33.800000	 -78.277129
33.850000	 -78.277506
33.900000	 -78.277883
33.950000	 -78.278259
34.000000	 -78.278636
34.050000	 -78.279013
34.100000	 -78.279389
34.150000	 -78.279765
34.200000	 -78.280142
34.250000	 -78.280518
34.300000	 -78.280894
34.350000	 -78.281270
34.400000	 -78.281646
34.450000	 -78.282022
34.500000	 -78.282397
34.550000	 -78.282773
34.600000	 -78.283148
34.650000	 -78.283523
34.700000	 -78.283899
34.750000	 -78.284274
34.800000	 -78.284649
34.850000	 -78.285023
34.900000	 -78.285398
34.950000	 -78.285773
35.000000	 -78.286147
35.050000	 -78.286522
35.100000	 -78.286896
35.150000	 -78.287270
35.200000	 -78.287644
35.250000	 -78.288018
35.300000	 -78.288391
35.350000	 -78.288765
35.400000	 -78.289138
35.450000	 -78.289512
35.500000	 -78.289885
35.550000	 -78.290258
35.600000	 -78.290631
35.650000	 -78.291004
35.700000	 -78.291376
35.750000	 -78.291749
35.800000	 -78.292121
35.850000	 -78.292494
35.900000	 -78.292866
35.950000	 -78.293238
36.000000	 -78.293609
36.050000	 -78.293981
36.100000	 -78.294353
36.150000	 -78.294724
36.200000	 -78.295095
36.250000	 -78.295466
36.300000	 -78.295837
36.350000	 -78.296208
36.400000	 -78.296579
36.450000	 -78.296949
36.500000	 -78.297319
36.550000	 -78.297690
36.600000	 -78.298059
36.650000	 -78.298429
36.700000	 -78.298799
36.750000	 -78.299169
36.800000	 -78.299538
36.850000	 -78.299907
36.900000	 -78.300276
36.950000	 -78.300645
37.000000	 -78.301014
37.050000	 -78.301382
37.100000	 -78.301750
37.150000	 -78.302119
37.200000	 -78.302487
37.250000	 -78.302854
37.300000	 -78.303222
37.350000	 -78.303590
37.400000	 -78.303957
37.450000	 -78.304324
37.500000	 -78.304691
37.550000	 -78.305058
37.600000	 -78.305424
37.650000	 -78.305791
37.700000	 -78.306157
37.750000	 -78.306523
37.800000	 -78.306889
37.850000	 -78.307255
37.900000	 -78.307620
37.950000	 -78.307985
38.000000	 -78.308350
38.050000	 -78.308715
38.100000	 -78.309080
38.150000	 -78.309445
38.200000	 -78.309809
38.250000	 -78.310173
38.300000	 -78.310537
38.350000	 -78.310901
38.400000	 -78.311264
38.450000	 -78.311628
38.500000	 -78.311991
38.550000	 -78.312354
38.600000	 -78.312716
38.650000	 -78.313079
38.700000	 -78.313441
38.750000	 -78.313803
38.800000	 -78.314165
38.850000	 -78.314527
38.900000	 -78.314889
38.950000	 -78.315250
39.000000	 -78.315611
39.050000	 -78.315972
39.100000	 -78.316332
39.150000	 -78.316693
39.200000	 -78.317053
39.250000	 -78.317413
39.300000	 -78.317773
39.350000	 -78.318132
39.400000	 -78.318492
39.450000	 -78.318851
39.500000	 -78.319210
39.550000	 -78.319568
39.600000	 -78.319927
39.650000	 -78.320285
39.700000	 -78.320643
39.750000	 -78.321001
39.800000	 -78.321358
39.850000	 -78.321716
39.900000	 -78.322073
39.950000	 -78.322430
40.000000	 -78.322786
40.050000	 -78.323143
40.100000	 -78.323499
40.150000	 -78.323855
40.200000	 -78.324210
40.250000	 -78.324566
40.300000	 -78.324921
40.350000	 -78.325276
40.400000	 -78.325631
40.450000	 -78.325985
40.500000	 -78.326339
40.550000	 -78.326693
40.600000	 -78.327047
40.650000	 -78.327400
40.700000	 -78.327754
40.750000	 -78.328107
40.800000	 -78.328459
40.850000	 -78.328812
40.900000	 -78.329164
40.950000	 -78.329516
41.000000	 -78.329868
41.050000	 -78.330219
41.100000	 -78.330571
41.150000	 -78.330922
41.200000	 -78.331272
41.250000	 -78.331623
41.300000	 -78.331973
41.350000	 -78.332323
41.400000	 -78.332673
41.450000	 -78.333022
41.500000	 -78.333371
41.550000	 -78.333720
41.600000	 -78.334069
41.650000	 -78.334417
41.700000	 -78.334765
41.750000	 -78.335113
41.800000	 -78.335460
41.850000	 -78.335808
41.900000	 -78.336155
41.950000	 -78.336501
42.000000	 -78.336848
42.050000	 -78.337194
42.100000	 -78.337540
42.150000	 -78.337886
42.200000	 -78.338231
42.250000	 -78.338576
42.300000	 -78.338921
42.350000	 -78.339265
42.400000	 -78.339610
42.450000	 -78.339954
42.500000	 -78.340297
42.550000	 -78.340641
42.600000	 -78.340984
42.650000	 -78.341327
42.700000	 -78.341669
42.750000	 -78.342011
42.800000	 -78.342353
42.850000	 -78.342695
42.900000	 -78.343037
42.950000	 -78.343378
43.000000	 -78.343718
43.050000	 -78.344059
43.100000	 -78.344399
43.150000	 -78.344739
43.200000	 -78.345079
43.250000	 -78.345418
43.300000	 -78.345757
43.350000	 -78.346096
43.400000	 -78.346434
43.450000	 -78.346773
43.500000	 -78.347110
43.550000	 -78.347448
43.600000	 -78.347785
43.650000	 -78.348122
43.700000	 -78.348459
43.750000	 -78.348795
43.800000	 -78.349131
43.850000	 -78.349467
43.900000	 -78.349803
43.950000	 -78.350138
44.000000	 -78.350473
44.050000	 -78.350807
44.100000	 -78.351141
44.150000	 -78.351475
44.200000	 -78.351809
44.250000	 -78.352142
44.300000	 -78.352475
44.350000	 -78.352808
44.400000	 -78.353140
44.450000	 -78.353472
44.500000	 -78.353804
44.550000	 -78.354135
44.600000	 -78.354466
44.650000	 -78.354797
44.700000	 -78.355127
44.750000	 -78.355457
44.800000	 -78.355787
44.850000	 -78.356117
44.900000	 -78.356446
44.950000	 -78.356775
45.000000	 -78.357103
45.050000	 -78.357431
45.100000	 -78.357759
45.150000	 -78.358087
45.200000	 -78.358414
45.250000	 -78.358741
45.300000	 -78.359068
45.350000	 -78.359394
45.400000	 -78.359720
45.450000	 -78.360045
45.500000	 -78.360370
45.550000	 -78.360695
45.600000	 -78.361020
45.650000	 -78.361344
45.700000	 -78.361668
45.750000	 -78.361992
45.800000	 -78.362315
45.850000	 -78.362638
45.900000	 -78.362960
45.950000	 -78.363283
46.000000	 -78.363605
46.050000	 -78.363926
46.100000	 -78.364247
46.150000	 -78.364568
46.200000	 -78.364889
46.250000	 -78.365209
46.300000	 -78.365529
46.350000	 -78.365848
46.400000	 -78.366168
46.450000	 -78.366486
46.500000	 -78.366805
46.550000	 -78.367123
46.600000	 -78.367441
46.650000	 -78.367758
46.700000	 -78.368075
46.750000	 -78.368392
46.800000	 -78.368709
46.850000	 -78.369025
46.900000	 -78.369340
46.950000	 -78.369656
47.000000	 -78.369971
47.050000	 -78.370285
47.100000	 -78.370600
47.150000	 -78.370914
47.200000	 -78.371227
47.250000	 -78.371540
47.300000	 -78.371853
47.350000	 -78.372166
47.400000	 -78.372478
47.450000	 -78.372790
47.500000	 -78.373101
47.550000	 -78.373412
47.600000	 -78.373723
47.650000	 -78.374034
47.700000	 -78.374344
47.750000	 -78.374653
47.800000	 -78.374963
47.850000	 -78.375272
47.900000	 -78.375580
47.950000	 -78.375889
48.000000	 -78.376196
48.050000	 -78.376504
48.100000	 -78.376811
48.150000	 -78.377118
48.200000	 -78.377424
48.250000	 -78.377730
48.300000	 -78.378036
48.350000	 -78.378341
48.400000	 -78.378646
48.450000	 -78.378951
48.500000	 -78.379255
48.550000	 -78.379559
48.600000	 -78.379862
48.650000	 -78.380166
48.700000	 -78.380468
48.750000	 -78.380771
48.800000	 -78.381073
48.850000	 -78.381374
48.900000	 -78.381676
48.950000	 -78.381977
49.000000	 -78.382277
49.050000	 -78.382577
49.100000	 -78.382877
49.150000	 -78.383176
49.200000	 -78.383475
49.250000	 -78.383774
49.300000	 -78.384072
49.350000	 -78.384370
49.400000	 -78.384668
49.450000	 -78.384965
49.500000	 -78.385262
49.550000	 -78.385558
49.600000	 -78.385854
49.650000	 -78.386150
49.700000	 -78.386445
49.750000	 -78.386740
49.800000	 -78.387034
49.850000	 -78.387328
49.900000	 -78.387622
49.950000	 -78.387916
50.000000	 -78.388209
50.050000	 -78.388501
50.100000	 -78.388793
50.150000	 -78.389085
50.200000	 -78.389377
50.250000	 -78.389668
50.300000	 -78.389958
50.350000	 -78.390249
50.400000	 -78.390539
50.450000	 -78.390828
50.500000	 -78.391117
50.550000	 -78.391406
50.600000	 -78.391694
50.650000	 -78.391982
50.700000	 -78.392270
50.750000	 -78.392557
50.800000	 -78.392844
50.850000	 -78.393130
50.900000	 -78.393416
50.950000	 -78.393702
51.000000	 -78.393987
51.050000	 -78.394272
51.100000	 -78.394556
51.150000	 -78.394841
51.200000	 -78.395124
51.250000	 -78.395408
51.300000	 -78.395690
51.350000	 -78.395973
51.400000	 -78.396255
51.450000	 -78.396537
51.500000	 -78.396818
51.550000	 -78.397099
51.600000	 -78.397380
51.650000	 -78.397660
51.700000	 -78.397939
51.750000	 -78.398219
51.800000	 -78.398498
51.850000	 -78.398776
51.900000	 -78.399055
51.950000	 -78.399332
52.000000	 -78.399610
52.050000	 -78.399887
52.100000	 -78.400163
52.150000	 -78.400439
52.200000	 -78.400715
52.250000	 -78.400991
52.300000	 -78.401266
52.350000	 -78.401540
52.400000	 -78.401814
52.450000	 -78.402088
52.500000	 -78.402362
52.550000	 -78.402635
52.600000	 -78.402907
52.650000	 -78.403179
52.700000	 -78.403451
52.750000	 -78.403723
52.800000	 -78.403993
52.850000	 -78.404264
52.900000	 -78.404534
52.950000	 -78.404804
53.000000	 -78.405073
53.050000	 -78.405342
53.100000	 -78.405611
53.150000	 -78.405879
53.200000	 -78.406147
53.250000	 -78.406414
53.300000	 -78.406681
53.350000	 -78.406948
53.400000	 -78.407214
53.450000	 -78.407480
53.500000	 -78.407745
53.550000	 -78.408010
53.600000	 -78.408274
53.650000	 -78.408539
53.700000	 -78.408802
53.750000	 -78.409066
53.800000	 -78.409329
53.850000	 -78.409591
53.900000	 -78.409853
53.950000	 -78.410115
54.000000	 -78.410376
54.050000	 -78.410637
54.100000	 -78.410897
54.150000	 -78.411158
54.200000	 -78.411417
54.250000	 -78.411676
54.300000	 -78.411935
54.350000	 -78.412194
54.400000	 -78.412452
54.450000	 -78.412709
54.500000	 -78.412966
54.550000	 -78.413223
54.600000	 -78.413480
54.650000	 -78.413736
54.700000	 -78.413991
54.750000	 -78.414246
54.800000	 -78.414501
54.850000	 -78.414755
54.900000	 -78.415009
54.950000	 -78.415263
55.000000	 -78.415516
55.050000	 -78.415769
55.100000	 -78.416021
55.150000	 -78.416273
55.200000	 -78.416524
55.250000	 -78.416775
55.300000	 -78.417026
55.350000	 -78.417276
55.400000	 -78.417526
55.450000	 -78.417775
55.500000	 -78.418024
55.550000	 -78.418273
55.600000	 -78.418521
55.650000	 -78.418769
55.700000	 -78.419016
55.750000	 -78.419263
55.800000	 -78.419509
55.850000	 -78.419756
55.900000	 -78.420001
55.950000	 -78.420247
56.000000	 -78.420491
56.050000	 -78.420736
56.100000	 -78.420980
56.150000	 -78.421223
56.200000	 -78.421467
56.250000	 -78.421709
56.300000	 -78.421952
56.350000	 -78.422194
56.400000	 -78.422435
56.450000	 -78.422676
56.500000	 -78.422917
56.550000	 -78.423157
56.600000	 -78.423397
56.650000	 -78.423637
56.700000	 -78.423876
56.750000	 -78.424115
56.800000	 -78.424353
56.850000	 -78.424591
56.900000	 -78.424828
56.950000	 -78.425065
57.000000	 -78.425302
57.050000	 -78.425538
57.100000	 -78.425773
57.150000	 -78.426009
57.200000	 -78.426244
57.250000	 -78.426478
57.300000	 -78.426712
57.350000	 -78.426946
57.400000	 -78.427179
57.450000	 -78.427412
57.500000	 -78.427644
57.550000	 -78.427876
57.600000	 -78.428108
57.650000	 -78.428339
57.700000	 -78.428570
57.750000	 -78.428800
57.800000	 -78.429030
57.850000	 -78.429260
57.900000	 -78.429489
57.950000	 -78.429717
58.000000	 -78.429946
58.050000	 -78.430174
58.100000	 -78.430401
58.150000	 -78.430628
58.200000	 -78.430855
58.250000	 -78.431081
58.300000	 -78.431307
58.350000	 -78.431532
58.400000	 -78.431757
58.450000	 -78.431981
58.500000	 -78.432205
58.550000	 -78.432429
58.600000	 -78.432652
58.650000	 -78.432875
58.700000	 -78.433098
58.750000	 -78.433320
58.800000	 -78.433541
58.850000	 -78.433762
58.900000	 -78.433983
58.950000	 -78.434204
59.000000	 -78.434424
59.050000	 -78.434643
59.100000	 -78.434862
59.150000	 -78.435081
59.200000	 -78.435299
59.250000	 -78.435517
59.300000	 -78.435735
59.350000	 -78.435952
59.400000	 -78.436168
59.450000	 -78.436384
59.500000	 -78.436600
59.550000	 -78.436816
59.600000	 -78.437031
59.650000	 -78.437245
59.700000	 -78.437459
59.750000	 -78.437673
59.800000	 -78.437886
59.850000	 -78.438099
59.900000	 -78.438312
59.950000	 -78.438524
60.000000	 -78.438735
60.050000	 -78.438946
60.100000	 -78.439157
60.150000	 -78.439368
60.200000	 -78.439578
60.250000	 -78.439787
60.300000	 -78.439996
60.350000	 -78.440205
60.400000	 -78.440413
60.450000	 -78.440621
60.500000	 -78.440829
60.550000	 -78.441036
60.600000	 -78.441243
60.650000	 -78.441449
60.700000	 -78.441655
60.750000	 -78.441860
60.800000	 -78.442065
60.850000	 -78.442270
60.900000	 -78.442474
60.950000	 -78.442678
61.000000	 -78.442881
61.050000	 -78.443084
61.100000	 -78.443287
61.150000	 -78.443489
61.200000	 -78.443691
61.250000	 -78.443892
61.300000	 -78.444093
61.350000	 -78.444293
61.400000	 -78.444493
61.450000	 -78.444693
61.500000	 -78.444892
61.550000	 -78.445091
61.600000	 -78.445289
61.650000	 -78.445487
61.700000	 -78.445685
61.750000	 -78.445882
61.800000	 -78.446079
61.850000	 -78.446275
61.900000	 -78.446471
61.950000	 -78.446667
62.000000	 -78.446862
62.050000	 -78.447057
62.100000	 -78.447251
62.150000	 -78.447445
62.200000	 -78.447638
62.250000	 -78.447832
62.300000	 -78.448024
62.350000	 -78.448216
62.400000	 -78.448408
62.450000	 -78.448600
62.500000	 -78.448791
62.550000	 -78.448981
62.600000	 -78.449172
62.650000	 -78.449361
62.700000	 -78.449551
62.750000	 -78.449740
62.800000	 -78.449928
62.850000	 -78.450117
62.900000	 -78.450304
62.950000	 -78.450492
63.000000	 -78.450679
63.050000	 -78.450865
63.100000	 -78.451051
63.150000	 -78.451237
63.200000	 -78.451423
63.250000	 -78.451607
63.300000	 -78.451792
63.350000	 -78.451976
63.400000	 -78.452160
63.450000	 -78.452343
63.500000	 -78.452526
63.550000	 -78.452709
63.600000	 -78.452891
63.650000	 -78.453072
63.700000	 -78.453254
63.750000	 -78.453434
63.800000	 -78.453615
63.850000	 -78.453795
63.900000	 -78.453975
63.950000	 -78.454154
64.000000	 -78.454333
64.050000	 -78.454511
64.100000	 -78.454689
64.150000	 -78.454867
64.200000	 -78.455044
64.250000	 -78.455221
64.300000	 -78.455397
64.350000	 -78.455573
64.400000	 -78.455749
64.450000	 -78.455924
64.500000	 -78.456099
64.550000	 -78.456274
64.600000	 -78.456448
64.650000	 -78.456621
64.700000	 -78.456795
64.750000	 -78.456967
64.800000	 -78.457140
64.850000	 -78.457312
64.900000	 -78.457483
64.950000	 -78.457655
65.000000	 -78.457826
65.050000	 -78.457996
65.100000	 -78.458166
65.150000	 -78.458336
65.200000	 -78.458505
65.250000	 -78.458674
65.300000	 -78.458842
65.350000	 -78.459010
65.400000	 -78.459178
65.450000	 -78.459345
65.500000	 -78.459512
65.550000	 -78.459678
65.600000	 -78.459845
65.650000	 -78.460010
65.700000	 -78.460175
65.750000	 -78.460340
65.800000	 -78.460505
65.850000	 -78.460669
65.900000	 -78.460833
65.950000	 -78.460996
66.000000	 -78.461159
66.050000	 -78.461321
66.100000	 -78.461484
66.150000	 -78.461645
66.200000	 -78.461807
66.250000	 -78.461968
66.300000	 -78.462128
66.350000	 -78.462288
66.400000	 -78.462448
66.450000	 -78.462607
66.500000	 -78.462766
66.550000	 -78.462925
66.600000	 -78.463083
66.650000	 -78.463241
66.700000	 -78.463398
66.750000	 -78.463555
66.800000	 -78.463712
66.850000	 -78.463868
66.900000	 -78.464024
66.950000	 -78.464180
67.000000	 -78.464335
67.050000	 -78.464489
67.100000	 -78.464644
67.150000	 -78.464798
67.200000	 -78.464951
67.250000	 -78.465104
67.300000	 -78.465257
67.350000	 -78.465410
67.400000	 -78.465562
67.450000	 -78.465713
67.500000	 -78.465864
67.550000	 -78.466015
67.600000	 -78.466166
67.650000	 -78.466316
67.700000	 -78.466465
67.750000	 -78.466615
67.800000	 -78.466764
67.850000	 -78.466912
67.900000	 -78.467060
67.950000	 -78.467208
68.000000	 -78.467356
68.050000	 -78.467503
68.100000	 -78.467649
68.150000	 -78.467795
68.200000	 -78.467941
68.250000	 -78.468087
68.300000	 -78.468232
68.350000	 -78.468377
68.400000	 -78.468521
68.450000	 -78.468665
68.500000	 -78.468808
68.550000	 -78.468952
68.600000	 -78.469095
68.650000	 -78.469237
68.700000	 -78.469379
68.750000	 -78.469521
68.800000	 -78.469662
68.850000	 -78.469803
68.900000	 -78.469944
68.950000	 -78.470084
69.000000	 -78.470224
69.050000	 -78.470363
69.100000	 -78.470502
69.150000	 -78.470641
69.200000	 -78.470779
69.250000	 -78.470917
69.300000	 -78.471055
69.350000	 -78.471192
69.400000	 -78.471329
69.450000	 -78.471465
69.500000	 -78.471601
69.550000	 -78.471737
69.600000	 -78.471872
69.650000	 -78.472007
69.700000	 -78.472142
69.750000	 -78.472276
69.800000	 -78.472410
69.850000	 -78.472543
69.900000	 -78.472676
69.950000	 -78.472809
70.000000	 -78.472941
70.050000	 -78.473073
70.100000	 -78.473205
70.150000	 -78.473336
70.200000	 -78.473467
70.250000	 -78.473598
70.300000	 -78.473728
70.350000	 -78.473858
70.400000	 -78.473987
70.450000	 -78.474116
70.500000	 -78.474245
70.550000	 -78.474373
70.600000	 -78.474501
70.650000	 -78.474629
70.700000	 -78.474756
70.750000	 -78.474883
70.800000	 -78.475009
70.850000	 -78.475136
70.900000	 -78.475261
70.950000	 -78.475387
71.000000	 -78.475512
71.050000	 -78.475636
71.100000	 -78.475761
71.150000	 -78.475885
71.200000	 -78.476008
71.250000	 -78.476132
71.300000	 -78.476255
71.350000	 -78.476377
71.400000	 -78.476499
71.450000	 -78.476621
71.500000	 -78.476743
71.550000	 -78.476864
71.600000	 -78.476984
71.650000	 -78.477105
71.700000	 -78.477225
71.750000	 -78.477345
71.800000	 -78.477464
71.850000	 -78.477583
71.900000	 -78.477702
71.950000	 -78.477820
72.000000	 -78.477938
72.050000	 -78.478055
72.100000	 -78.478172
72.150000	 -78.478289
72.200000	 -78.478406
72.250000	 -78.478522
72.300000	 -78.478638
72.350000	 -78.478753
72.400000	 -78.478868
72.450000	 -78.478983
72.500000	 -78.479097
72.550000	 -78.479211
72.600000	 -78.479325
72.650000	 -78.479438
72.700000	 -78.479551
72.750000	 -78.479664
72.800000	 -78.479776
72.850000	 -78.479888
72.900000	 -78.480000
72.950000	 -78.480111
73.000000	 -78.480222
73.050000	 -78.480333
73.100000	 -78.480443
73.150000	 -78.480553
73.200000	 -78.480662
73.250000	 -78.480771
73.300000	 -78.480880
73.350000	 -78.480989
73.400000	 -78.481097
73.450000	 -78.481205
73.500000	 -78.481312
73.550000	 -78.481419
73.600000	 -78.481526
73.650000	 -78.481633
73.700000	 -78.481739
73.750000	 -78.481844
73.800000	 -78.481950
73.850000	 -78.482055
73.900000	 -78.482160
73.950000	 -78.482264
74.000000	 -78.482368
74.050000	 -78.482472
74.100000	 -78.482575
74.150000	 -78.482678
74.200000	 -78.482781
74.250000	 -78.482883
74.300000	 -78.482986
74.350000	 -78.483087
74.400000	 -78.483189
74.450000	 -78.483290
74.500000	 -78.483390
74.550000	 -78.483491
74.600000	 -78.483591
74.650000	 -78.483691
74.700000	 -78.483790
74.750000	 -78.483889
74.800000	 -78.483988
74.850000	 -78.484086
74.900000	 -78.484184
74.950000	 -78.484282
75.000000	 -78.484379
75.050000	 -78.484476
75.100000	 -78.484573
75.150000	 -78.484669
75.200000	 -78.484766
75.250000	 -78.484861
75.300000	 -78.484957
75.350000	 -78.485052
75.400000	 -78.485147
75.450000	 -78.485241
75.500000	 -78.485335
75.550000	 -78.485429
75.600000	 -78.485522
75.650000	 -78.485616
75.700000	 -78.485708
75.750000	 -78.485801
75.800000	 -78.485893
75.850000	 -78.485985
75.900000	 -78.486076
75.950000	 -78.486168
76.000000	 -78.486259
76.050000	 -78.486349
76.100000	 -78.486439
76.150000	 -78.486529
76.200000	 -78.486619
76.250000	 -78.486708
76.300000	 -78.486797
76.350000	 -78.486886
76.400000	 -78.486974
76.450000	 -78.487062
76.500000	 -78.487150
76.550000	 -78.487237
76.600000	 -78.487324
76.650000	 -78.487411
76.700000	 -78.487497
76.750000	 -78.487584
76.800000	 -78.487669
76.850000	 -78.487755
76.900000	 -78.487840
76.950000	 -78.487925
77.000000	 -78.488009
77.050000	 -78.488094
77.100000	 -78.488178
77.150000	 -78.488261
77.200000	 -78.488345
77.250000	 -78.488428
77.300000	 -78.488510
77.350000	 -78.488593
77.400000	 -78.488675
77.450000	 -78.488756
77.500000	 -78.488838
77.550000	 -78.488919
77.600000	 -78.489000
77.650000	 -78.489080
77.700000	 -78.489161
77.750000	 -78.489241
77.800000	 -78.489320
77.850000	 -78.489400
77.900000	 -78.489479
77.950000	 -78.489557
78.000000	 -78.489636
78.050000	 -78.489714
78.100000	 -78.489792
78.150000	 -78.489869
78.200000	 -78.489946
78.250000	 -78.490023
78.300000	 -78.490100
78.350000	 -78.490176
78.400000	 -78.490252
78.450000	 -78.490328
78.500000	 -78.490403
78.550000	 -78.490478
78.600000	 -78.490553
78.650000	 -78.490627
78.700000	 -78.490702
78.750000	 -78.490776
78.800000	 -78.490849
78.850000	 -78.490922
78.900000	 -78.490995
78.950000	 -78.491068
79.000000	 -78.491141
79.050000	 -78.491213
79.100000	 -78.491285
79.150000	 -78.491356
79.200000	 -78.491427
79.250000	 -78.491498
79.300000	 -78.491569
79.350000	 -78.491639
79.400000	 -78.491709
79.450000	 -78.491779
79.500000	 -78.491849
79.550000	 -78.491918
79.600000	 -78.491987
79.650000	 -78.492055
79.700000	 -78.492124
79.750000	 -78.492192
79.800000	 -78.492260
79.850000	 -78.492327
79.900000	 -78.492394
79.950000	 -78.492461
80.000000	 -78.492528
80.050000	 -78.492594
80.100000	 -78.492660
80.150000	 -78.492726
80.200000	 -78.492791
80.250000	 -78.492857
80.300000	 -78.492922
80.350000	 -78.492986
80.400000	 -78.493051
80.450000	 -78.493115
80.500000	 -78.493178
80.550000	 -78.493242
80.600000	 -78.493305
80.650000	 -78.493368
80.700000	 -78.493431
80.750000	 -78.493493
80.800000	 -78.493555
80.850000	 -78.493617
80.900000	 -78.493679
80.950000	 -78.493740
81.000000	 -78.493801
81.050000	 -78.493862
81.100000	 -78.493922
81.150000	 -78.493982
81.200000	 -78.494042
81.250000	 -78.494102
81.300000	 -78.494161
81.350000	 -78.494220
81.400000	 -78.494279
81.450000	 -78.494338
81.500000	 -78.494396
81.550000	 -78.494454
81.600000	 -78.494512
81.650000	 -78.494569
81.700000	 -78.494626
81.750000	 -78.494683
81.800000	 -78.494740
81.850000	 -78.494796
81.900000	 -78.494852
81.950000	 -78.494908
82.000000	 -78.494964
82.050000	 -78.495019
82.100000	 -78.495074
82.150000	 -78.495129
82.200000	 -78.495183
82.250000	 -78.495238
82.300000	 -78.495292
82.350000	 -78.495345
82.400000	 -78.495399
82.450000	 -78.495452
82.500000	 -78.495505
82.550000	 -78.495558
82.600000	 -78.495610
82.650000	 -78.495662
82.700000	 -78.495714
82.750000	 -78.495766
82.800000	 -78.495817
82.850000	 -78.495868
82.900000	 -78.495919
82.950000	 -78.495970
83.000000	 -78.496020
83.050000	 -78.496070
83.100000	 -78.496120
83.150000	 -78.496169
83.200000	 -78.496219
83.250000	 -78.496268
83.300000	 -78.496317
83.350000	 -78.496365
83.400000	 -78.496413
83.450000	 -78.496461
83.500000	 -78.496509
83.550000	 -78.496557
83.600000	 -78.496604
83.650000	 -78.496651
83.700000	 -78.496698
83.750000	 -78.496744
83.800000	 -78.496790
83.850000	 -78.496837
83.900000	 -78.496882
83.950000	 -78.496928
84.000000	 -78.496973
84.050000	 -78.497018
84.100000	 -78.497063
84.150000	 -78.497107
84.200000	 -78.497152
84.250000	 -78.497196
84.300000	 -78.497239
84.350000	 -78.497283
84.400000	 -78.497326
84.450000	 -78.497369
84.500000	 -78.497412
84.550000	 -78.497455
84.600000	 -78.497497
84.650000	 -78.497539
84.700000	 -78.497581
84.750000	 -78.497622
84.800000	 -78.497664
84.850000	 -78.497705
84.900000	 -78.497746
84.950000	 -78.497786
85.000000	 -78.497827
85.050000	 -78.497867
85.100000	 -78.497907
85.150000	 -78.497947
85.200000	 -78.497986
85.250000	 -78.498025
85.300000	 -78.498064
85.350000	 -78.498103
85.400000	 -78.498141
85.450000	 -78.498180
85.500000	 -78.498218
85.550000	 -78.498255
85.600000	 -78.498293
85.650000	 -78.498330
85.700000	 -78.498367
85.750000	 -78.498404
85.800000	 -78.498441
85.850000	 -78.498477
85.900000	 -78.498513
85.950000	 -78.498549
86.000000	 -78.498585
86.050000	 -78.498620
86.100000	 -78.498656
86.150000	 -78.498691
86.200000	 -78.498725
86.250000	 -78.498760
86.300000	 -78.498794
86.350000	 -78.498828
86.400000	 -78.498862
86.450000	 -78.498896
86.500000	 -78.498929
86.550000	 -78.498962
86.600000	 -78.498995
86.650000	 -78.499028
86.700000	 -78.499061
86.750000	 -78.499093
86.800000	 -78.499125
86.850000	 -78.499157
86.900000	 -78.499188
86.950000	 -78.499220
87.000000	 -78.499251
87.050000	 -78.499282
87.100000	 -78.499313
87.150000	 -78.499343
87.200000	 -78.499374
87.250000	 -78.499404
87.300000	 -78.499433
87.350000	 -78.499463
87.400000	 -78.499493
87.450000	 -78.499522
87.500000	 -78.499551
87.550000	 -78.499580
87.600000	 -78.499608
87.650000	 -78.499636
87.700000	 -78.499665
87.750000	 -78.499692
87.800000	 -78.499720
87.850000	 -78.499748
87.900000	 -78.499775
87.950000	 -78.499802
88.000000	 -78.499829
88.050000	 -78.499855
88.100000	 -78.499882
88.150000	 -78.499908
88.200000	 -78.499934
88.250000	 -78.499960
88.300000	 -78.499986
88.350000	 -78.500011
88.400000	 -78.500036
88.450000	 -78.500061
88.500000	 -78.500086
88.550000	 -78.500110
88.600000	 -78.500135
88.650000	 -78.500159
88.700000	 -78.500183
88.750000	 -78.500206
88.800000	 -78.500230
88.850000	 -78.500253
88.900000	 -78.500276
88.950000	 -78.500299
89.000000	 -78.500322
89.050000	 -78.500344
89.100000	 -78.500367
89.150000	 -78.500389
89.200000	 -78.500411
89.250000	 -78.500432
89.300000	 -78.500454
89.350000	 -78.500475
89.400000	 -78.500496
89.450000	 -78.500517
89.500000	 -78.500538
89.550000	 -78.500558
89.600000	 -78.500579
89.650000	 -78.500599
89.700000	 -78.500619
89.750000	 -78.500638
89.800000	 -78.500658
89.850000	 -78.500677
89.900000	 -78.500696
89.950000	 -78.500715
90.000000	 -78.500734
90.050000	 -78.500753
90.100000	 -78.500771
90.150000	 -78.500789
90.200000	 -78.500807
90.250000	 -78.500825
90.300000	 -78.500842
90.350000	 -78.500860
90.400000	 -78.500877
90.450000	 -78.500894
90.500000	 -78.500911
90.550000	 -78.500927
90.600000	 -78.500944
90.650000	 -78.500960
90.700000	 -78.500976
90.750000	 -78.500992
90.800000	 -78.501008
90.850000	 -78.501023
90.900000	 -78.501038
90.950000	 -78.501054
91.000000	 -78.501068
91.050000	 -78.501083
91.100000	 -78.501098
91.150000	 -78.501112
91.200000	 -78.501126
91.250000	 -78.501140
91.300000	 -78.501154
91.350000	 -78.501168
91.400000	 -78.501181
91.450000	 -78.501195
91.500000	 -78.501208
91.550000	 -78.501221
91.600000	 -78.501233
91.650000	 -78.501246
91.700000	 -78.501258
91.750000	 -78.501271
91.800000	 -78.501283
91.850000	 -78.501294
91.900000	 -78.501306
91.950000	 -78.501318
92.000000	 -78.501329
92.050000	 -78.501340
92.100000	 -78.501351
92.150000	 -78.501362
92.200000	 -78.501372
92.250000	 -78.501383
92.300000	 -78.501393
92.350000	 -78.501403
92.400000	 -78.501413
92.450000	 -78.501423
92.500000	 -78.501432
92.550000	 -78.501442
92.600000	 -78.501451
92.650000	 -78.501460
92.700000	 -78.501469
92.750000	 -78.501478
92.800000	 -78.501486
92.850000	 -78.501495
92.900000	 -78.501503
92.950000	 -78.501511
93.000000	 -78.501519
93.050000	 -78.501527
93.100000	 -78.501534
93.150000	 -78.501541
93.200000	 -78.501549
93.250000	 -78.501556
93.300000	 -78.501563
93.350000	 -78.501569
93.400000	 -78.501576
93.450000	 -78.501582
93.500000	 -78.501588
93.550000	 -78.501594
93.600000	 -78.501600
93.650000	 -78.501606
93.700000	 -78.501612
93.750000	 -78.501617
93.800000	 -78.501622
93.850000	 -78.501627
93.900000	 -78.501632
93.950000	 -78.501637
94.000000	 -78.501642
94.050000	 -78.501646
94.100000	 -78.501650
94.150000	 -78.501654
94.200000	 -78.501658
94.250000	 -78.501662
94.300000	 -78.501666
94.350000	 -78.501669
94.400000	 -78.501673
94.450000	 -78.501676
94.500000	 -78.501679
94.550000	 -78.501682
94.600000	 -78.501684
94.650000	 -78.501687
94.700000	 -78.501689
94.750000	 -78.501692
94.800000	 -78.501694
94.850000	 -78.501696
94.900000	 -78.501698
94.950000	 -78.501699
95.000000	 -78.501701
95.050000	 -78.501702
95.100000	 -78.501703
95.150000	 -78.501704
95.200000	 -78.501705
95.250000	 -78.501706
95.300000	 -78.501706
95.350000	 -78.501707
95.400000	 -78.501707
95.450000	 -78.501707
95.500000	 -78.501707
95.550000	 -78.501707
95.600000	 -78.501707
95.650000	 -78.501706
95.700000	 -78.501706
95.750000	 -78.501705
95.800000	 -78.501704
95.850000	 -78.501703
95.900000	 -78.501702
95.950000	 -78.501701
96.000000	 -78.501699
96.050000	 -78.501698
96.100000	 -78.501696
96.150000	 -78.501694
96.200000	 -78.501692
96.250000	 -78.501690
96.300000	 -78.501688
96.350000	 -78.501685
96.400000	 -78.501682
96.450000	 -78.501680
96.500000	 -78.501677
96.550000	 -78.501674
96.600000	 -78.501671
96.650000	 -78.501667
96.700000	 -78.501664
96.750000	 -78.501660
96.800000	 -78.501657
96.850000	 -78.501653
96.900000	 -78.501649
96.950000	 -78.501645
97.000000	 -78.501641
97.050000	 -78.501636
97.100000	 -78.501632
97.150000	 -78.501627
97.200000	 -78.501622
97.250000	 -78.501617
97.300000	 -78.501612
97.350000	 -78.501607
97.400000	 -78.501602
97.450000	 -78.501596
97.500000	 -78.501591
97.550000	 -78.501585
97.600000	 -78.501579
97.650000	 -78.501573
97.700000	 -78.501567
97.750000	 -78.501561
97.800000	 -78.501555
97.850000	 -78.501548
97.900000	 -78.501542
97.950000	 -78.501535
98.000000	 -78.501528
98.050000	 -78.501521
98.100000	 -78.501514
98.150000	 -78.501507
98.200000	 -78.501499
98.250000	 -78.501492
98.300000	 -78.501484
98.350000	 -78.501476
98.400000	 -78.501468
98.450000	 -78.501460
98.500000	 -78.501452
98.550000	 -78.501444
98.600000	 -78.501436
98.650000	 -78.501427
98.700000	 -78.501419
98.750000	 -78.501410
98.800000	 -78.501401
98.850000	 -78.501392
98.900000	 -78.501383
98.950000	 -78.501374
99.000000	 -78.501364
99.050000	 -78.501355
99.100000	 -78.501345
99.150000	 -78.501336
99.200000	 -78.501326
99.250000	 -78.501316
99.300000	 -78.501306
99.350000	 -78.501296
99.400000	 -78.501285
99.450000	 -78.501275
99.500000	 -78.501264
99.550000	 -78.501254
99.600000	 -78.501243
99.650000	 -78.501232
99.700000	 -78.501221
99.750000	 -78.501210
99.800000	 -78.501199
99.850000	 -78.501188
99.900000	 -78.501176
99.950000	 -78.501165
100.000000	 -78.501153
