0.000000	 -78.470234
0.050000	 -78.470234
0.100000	 -78.470234
0.150000	 -78.470234
0.200000	 -78.470234
0.250000	 -78.470234
0.300000	 -78.470234
0.350000	 -78.470234
0.400000	 -78.470234
0.450000	 -78.470234
0.500000	 -78.470234
0.550000	 -78.470234
0.600000	 -78.470234
0.650000	 -78.470234
0.700000	 -78.470234
0.750000	 -78.470234
0.800000	 -78.470234
0.850000	 -78.470234
0.900000	 -78.470234
0.950000	 -78.470234
1.000000	 -78.470234
1.050000	 -78.470234
1.100000	 -78.470234
1.150000	 -78.470234
1.200000	 -78.470234
1.250000	 -78.470234
1.300000	 -78.470234
1.350000	 -78.470234
1.400000	 -78.470234
1.450000	 -78.470234
1.500000	 -78.470234
1.550000	 -78.470234
1.600000	 -78.470234
1.650000	 -78.470234
1.700000	 -78.470234
1.750000	 -78.470234
1.800000	 -78.470234
1.850000	 -78.470234
1.900000	 -78.470234
1.950000	 -78.470234
2.000000	 -78.470234
2.050000	 -78.470234
2.100000	 -78.470234
2.150000	 -78.470234
2.200000	 -78.470234
2.250000	 -78.470234
2.300000	 -78.470234
2.350000	 -78.470234
2.400000	 -78.470234
2.450000	 -78.470234
2.500000	 -78.470234
2.550000	 -78.470234
2.600000	 -78.470234
2.650000	 -78.470234
2.700000	 -78.470234
2.750000	 -78.470234
2.800000	 -78.470234
2.850000	 -78.470234
2.900000	 -78.470234
2.950000	 -78.470234
3.000000	 -78.470234
3.050000	 -78.470234
3.100000	 -78.470234
3.150000	 -78.470234
3.200000	 -78.470235
3.250000	 -78.470235
3.300000	 -78.470235
3.350000	 -78.470235
3.400000	 -78.470235
3.450000	 -78.470235
3.500000	 -78.470235
3.550000	 -78.470235
3.600000	 -78.470235
3.650000	 -78.470235
3.700000	 -78.470235
3.750000	 -78.470235
3.800000	 -78.470235
3.850000	 -78.470235
3.900000	 -78.470235
3.950000	 -78.470235
4.000000	 -78.470235
4.050000	 -78.470235
4.100000	 -78.470235
4.150000	 -78.470235
4.200000	 -78.470235
4.250000	 -78.470235
4.300000	 -78.470235
4.350000	 -78.470235
4.400000	 -78.470235
4.450000	 -78.470235
4.500000	 -78.470235
4.550000	 -78.470235
4.600000	 -78.470235
4.650000	 -78.470235
4.700000	 -78.470235
4.750000	 -78.470235
4.800000	 -78.470235
4.850000	 -78.470235
4.900000	 -78.470235
4.950000	 -78.470235
5.000000	 -78.470235
5.050000	 -78.470235
5.100000	 -78.470235
5.150000	 -78.470234
5.200000	 -78.470231
5.250000	 -78.470224
5.300000	 -78.470210
5.350000	 -78.470186
5.400000	 -78.470145
5.450000	 -78.470084
5.500000	 -78.469994
5.550000	 -78.469871
5.600000	 -78.469707
5.650000	 -78.469496
5.700000	 -78.469231
5.750000	 -78.468907
5.800000	 -78.468517
5.850000	 -78.468056
5.900000	 -78.467519
5.950000	 -78.466902
6.000000	 -78.466200
6.050000	 -78.465411
6.100000	 -78.464531
6.150000	 -78.463558
6.200000	 -78.462490
6.250000	 -78.461325
6.300000	 -78.460063
6.350000	 -78.458702
6.400000	 -78.457242
6.450000	 -78.455683
6.500000	 -78.454026
6.550000	 -78.452270
6.600000	 -78.450417
6.650000	 -78.448468
6.700000	 -78.446423
6.750000	 -78.444285
6.800000	 -78.442055
6.850000	 -78.439735
6.900000	 -78.437326
6.950000	 -78.434831
7.000000	 -78.432251
7.050000	 -78.429589
7.100000	 -78.426847
7.150000	 -78.424027
7.200000	 -78.421131
7.250000	 -78.418161
7.300000	 -78.415121
7.350000	 -78.412011
7.400000	 -78.408835
7.450000	 -78.405595
7.500000	 -78.402292
7.550000	 -78.398930
7.600000	 -78.395511
7.650000	 -78.392035
7.700000	 -78.388507
7.750000	 -78.384928
7.800000	 -78.381299
7.850000	 -78.377624
7.900000	 -78.373904
7.950000	 -78.370140
8.000000	 -78.366336
8.050000	 -78.362492
8.100000	 -78.358611
8.150000	 -78.354694
8.200000	 -78.350743
8.250000	 -78.346760
8.300000	 -78.342747
8.350000	 -78.338704
8.400000	 -78.334634
8.450000	 -78.330538
8.500000	 -78.326418
8.550000	 -78.322274
8.600000	 -78.318109
8.650000	 -78.313923
8.700000	 -78.309718
8.750000	 -78.305496
8.800000	 -78.301257
8.850000	 -78.297003
8.900000	 -78.292734
8.950000	 -78.288452
9.000000	 -78.284159
9.050000	 -78.279854
9.100000	 -78.275540
9.150000	 -78.271216
9.200000	 -78.266885
9.250000	 -78.262547
9.300000	 -78.258202
9.350000	 -78.253853
9.400000	 -78.249499
9.450000	 -78.245142
9.500000	 -78.240782
9.550000	 -78.236421
9.600000	 -78.232058
9.650000	 -78.227695
9.700000	 -78.223333
9.750000	 -78.218972
9.800000	 -78.214613
9.850000	 -78.210257
9.900000	 -78.205904
9.950000	 -78.201555
10.000000	 -78.197211
10.050000	 -78.192872
10.100000	 -78.188539
10.150000	 -78.184213
10.200000	 -78.179894
10.250000	 -78.175583
10.300000	 -78.171280
10.350000	 -78.166987
10.400000	 -78.162703
10.450000	 -78.158429
10.500000	 -78.154165
10.550000	 -78.149913
10.600000	 -78.145673
10.650000	 -78.141445
10.700000	 -78.137230
10.750000	 -78.133028
10.800000	 -78.128840
10.850000	 -78.124666
10.900000	 -78.120508
10.950000	 -78.116364
11.000000	 -78.112237
11.050000	 -78.108125
11.100000	 -78.104031
11.150000	 -78.099953
11.200000	 -78.095894
11.250000	 -78.091853
11.300000	 -78.087830
11.350000	 -78.083826
11.400000	 -78.079842
11.450000	 -78.075878
11.500000	 -78.071934
11.550000	 -78.068011
11.600000	 -78.064109
11.650000	 -78.060229
11.700000	 -78.056371
11.750000	 -78.052535
11.800000	 -78.048722
11.850000	 -78.044932
11.900000	 -78.041167
11.950000	 -78.037425
12.000000	 -78.033707
12.050000	 -78.030014
12.100000	 -78.026347
12.150000	 -78.022705
12.200000	 -78.019088
12.250000	 -78.015498
12.300000	 -78.011935
12.350000	 -78.008398
12.400000	 -78.004888
12.450000	 -78.001406
12.500000	 -77.997952
12.550000	 -77.994525
12.600000	 -77.991127
12.650000	 -77.987758
12.700000	 -77.984418
12.750000	 -77.981107
12.800000	 -77.977825
12.850000	 -77.974573
12.900000	 -77.971351
12.950000	 -77.968159
13.000000	 -77.964997
13.050000	 -77.961866
13.100000	 -77.958766
13.150000	 -77.955697
13.200000	 -77.952658
13.250000	 -77.949652
13.300000	 -77.946676
13.350000	 -77.943733
13.400000	 -77.940821
13.450000	 -77.937941
13.500000	 -77.935093
13.550000	 -77.932278
13.600000	 -77.929494
13.650000	 -77.926743
13.700000	 -77.924025
13.750000	 -77.921339
13.800000	 -77.918685
13.850000	 -77.916064
13.900000	 -77.913476
13.950000	 -77.910921
14.000000	 -77.908398
14.050000	 -77.905908
14.100000	 -77.903451
14.150000	 -77.901027
14.200000	 -77.898635
14.250000	 -77.896276
14.300000	 -77.893950
14.350000	 -77.891657
14.400000	 -77.889396
14.450000	 -77.887168
14.500000	 -77.884972
14.550000	 -77.882809
14.600000	 -77.880678
14.650000	 -77.878579
14.700000	 -77.876513
14.750000	 -77.874479
14.800000	 -77.872476
14.850000	 -77.870506
14.900000	 -77.868567
14.950000	 -77.866660
15.000000	 -77.864785
15.050000	 -77.862941
15.100000	 -77.861128
15.150000	 -77.859346
15.200000	 -77.857595
15.250000	 -77.855875
15.300000	 -77.854185
15.350000	 -77.852526
15.400000	 -77.850897
15.450000	 -77.849299
15.500000	 -77.847730
15.550000	 -77.846191
15.600000	 -77.844681
15.650000	 -77.843201
15.700000	 -77.841750
15.750000	 -77.840328
15.800000	 -77.838934
15.850000	 -77.837569
15.900000	 -77.836233
15.950000	 -77.834924
16.000000	 -77.833644
16.050000	 -77.832391
16.100000	 -77.831166
16.150000	 -77.829968
16.200000	 -77.828797
16.250000	 -77.827653
16.300000	 -77.826535
16.350000	 -77.825444
16.400000	 -77.824379
16.450000	 -77.823340
16.500000	 -77.822326
16.550000	 -77.821338
16.600000	 -77.820376
16.650000	 -77.819438
16.700000	 -77.818525
16.750000	 -77.817637
16.800000	 -77.816773
16.850000	 -77.815933
16.900000	 -77.815116
16.950000	 -77.814324
17.000000	 -77.813555
17.050000	 -77.812809
17.100000	 -77.812086
17.150000	 -77.811386
17.200000	 -77.810708
17.250000	 -77.810052
17.300000	 -77.809419
17.350000	 -77.808807
17.400000	 -77.808217
17.450000	 -77.807648
17.500000	 -77.807100
17.550000	 -77.806573
17.600000	 -77.806067
17.650000	 -77.805581
17.700000	 -77.805115
17.750000	 -77.804670
17.800000	 -77.804244
17.850000	 -77.803837
17.900000	 -77.803450
17.950000	 -77.803083
18.000000	 -77.802734
18.050000	 -77.802403
18.100000	 -77.802092
18.150000	 -77.801798
18.200000	 -77.801523
18.250000	 -77.801265
18.300000	 -77.801025
18.350000	 -77.800802
18.400000	 -77.800597
18.450000	 -77.800408
18.500000	 -77.800237
18.550000	 -77.800082
18.600000	 -77.799943
18.650000	 -77.799821
18.700000	 -77.799715
18.750000	 -77.799624
18.800000	 -77.799549
18.850000	 -77.799490
18.900000	 -77.799446
18.950000	 -77.799417
19.000000	 -77.799402
19.050000	 -77.799403
19.100000	 -77.799418
19.150000	 -77.799447
19.200000	 -77.799490
19.250000	 -77.799548
19.300000	 -77.799619
19.350000	 -77.799704
19.400000	 -77.799802
19.450000	 -77.799913
19.500000	 -77.800038
19.550000	 -77.800175
19.600000	 -77.800326
19.650000	 -77.800488
19.700000	 -77.800664
19.750000	 -77.800851
19.800000	 -77.801051
19.850000	 -77.801262
19.900000	 -77.801486
19.950000	 -77.801721
20.000000	 -77.801967
20.050000	 -77.802225
20.100000	 -77.802494
20.150000	 -77.802774
20.200000	 -77.803065
20.250000	 -77.803366
20.300000	 -77.803679
20.350000	 -77.804001
20.400000	 -77.804334
20.450000	 -77.804677
20.500000	 -77.805030
20.550000	 -77.805393
20.600000	 -77.805766
20.650000	 -77.806148
20.700000	 -77.806540
20.750000	 -77.806941
20.800000	 -77.807351
20.850000	 -77.807770
20.900000	 -77.808199
20.950000	 -77.808636
21.000000	 -77.809082
21.050000	 -77.809536
21.100000	 -77.809999
21.150000	 -77.810471
21.200000	 -77.810950
21.250000	 -77.811438
21.300000	 -77.811933
21.350000	 -77.812437
21.400000	 -77.812948
21.450000	 -77.813467
21.500000	 -77.813993
21.550000	 -77.814527
21.600000	 -77.815069
21.650000	 -77.815617
21.700000	 -77.816173
21.750000	 -77.816735
21.800000	 -77.817305
21.850000	 -77.817881
21.900000	 -77.818464
21.950000	 -77.819053
22.000000	 -77.819650
22.050000	 -77.820252
22.100000	 -77.820861
22.150000	 -77.821476
22.200000	 -77.822097
22.250000	 -77.822724
22.300000	 -77.823358
22.350000	 -77.823997
22.400000	 -77.824642
22.450000	 -77.825292
22.500000	 -77.825948
22.550000	 -77.826610
22.600000	 -77.827277
22.650000	 -77.827949
22.700000	 -77.828627
22.750000	 -77.829310
22.800000	 -77.829998
22.850000	 -77.830691
22.900000	 -77.831389
22.950000	 -77.832092
23.000000	 -77.832800
23.050000	 -77.833512
23.100000	 -77.834229
23.150000	 -77.834951
23.200000	 -77.835677
23.250000	 -77.836408
23.300000	 -77.837142
23.350000	 -77.837882
23.400000	 -77.838625
23.450000	 -77.839373
23.500000	 -77.840125
23.550000	 -77.840881
23.600000	 -77.841640
23.650000	 -77.842404
23.700000	 -77.843172
23.750000	 -77.843943
23.800000	 -77.844718
23.850000	 -77.845497
23.900000	 -77.846279
23.950000	 -77.847065
24.000000	 -77.847855
24.050000	 -77.848647
24.100000	 -77.849444
24.150000	 -77.850243
24.200000	 -77.851046
24.250000	 -77.851852
24.300000	 -77.852661
24.350000	 -77.853474
24.400000	 -77.854289
24.450000	 -77.855107
24.500000	 -77.855929
24.550000	 -77.856753
24.600000	 -77.857580
24.650000	 -77.858410
24.700000	 -77.859243
24.750000	 -77.860078
24.800000	 -77.860916
24.850000	 -77.861757
24.900000	 -77.862600
24.950000	 -77.863446
25.000000	 -77.864295
25.050000	 -77.865145
25.100000	 -77.865999
25.150000	 -77.866854
25.200000	 -77.867712
25.250000	 -77.868573
25.300000	 -77.869435
25.350000	 -77.870300
25.400000	 -77.871168
25.450000	 -77.872037
25.500000	 -77.872909
25.550000	 -77.873783
25.600000	 -77.874659
25.650000	 -77.875537
25.700000	 -77.876417
25.750000	 -77.877299
25.800000	 -77.878184
25.850000	 -77.879070
25.900000	 -77.879958
25.950000	 -77.880849
26.000000	 -77.881741
26.050000	 -77.882635
26.100000	 -77.883530
26.150000	 -77.884428
26.200000	 -77.885327
26.250000	 -77.886228
26.300000	 -77.887130
26.350000	 -77.888034
26.400000	 -77.888940
26.450000	 -77.889847
26.500000	 -77.890756
26.550000	 -77.891666
26.600000	 -77.892577
26.650000	 -77.893490
26.700000	 -77.894405
26.750000	 -77.895320
26.800000	 -77.896237
26.850000	 -77.897156
26.900000	 -77.898075
26.950000	 -77.898996
27.000000	 -77.899918
27.050000	 -77.900841
27.100000	 -77.901766
27.150000	 -77.902691
27.200000	 -77.903618
27.250000	 -77.904545
27.300000	 -77.905474
27.350000	 -77.906403
27.400000	 -77.907334
27.450000	 -77.908266
27.500000	 -77.909198
27.550000	 -77.910132
27.600000	 -77.911066
27.650000	 -77.912001
27.700000	 -77.912938
27.750000	 -77.913874
27.800000	 -77.914812
27.850000	 -77.915751
27.900000	 -77.916690
27.950000	 -77.917630
28.000000	 -77.918571
28.050000	 -77.919513
28.100000	 -77.920455
28.150000	 -77.921398
28.200000	 -77.922342
28.250000	 -77.923286
28.300000	 -77.924231
28.350000	 -77.925176
28.400000	 -77.926123
28.450000	 -77.927069
28.500000	 -77.928016
28.550000	 -77.928964
28.600000	 -77.929913
28.650000	 -77.930861
28.700000	 -77.931811
28.750000	 -77.932761
28.800000	 -77.933711
28.850000	 -77.934662
28.900000	 -77.935613
28.950000	 -77.936565
29.000000	 -77.937517
29.050000	 -77.938469
29.100000	 -77.939422
29.150000	 -77.940375
29.200000	 -77.941329
29.250000	 -77.942283
29.300000	 -77.943237
29.350000	 -77.944191
29.400000	 -77.945146
29.450000	 -77.946101
29.500000	 -77.947057
29.550000	 -77.948013
29.600000	 -77.948968
29.650000	 -77.949925
29.700000	 -77.950881
29.750000	 -77.951838
29.800000	 -77.952795
29.850000	 -77.953752
29.900000	 -77.954709
29.950000	 -77.955667
30.000000	 -77.956624
30.050000	 -77.957582
30.100000	 -77.958540
30.150000	 -77.959498
30.200000	 -77.960456
30.250000	 -77.961415
30.300000	 -77.962373
30.350000	 -77.963332
30.400000	 -77.964291
30.450000	 -77.965249
30.500000	 -77.966208
30.550000	 -77.967167
30.600000	 -77.968126
30.650000	 -77.969085
30.700000	 -77.970044
30.750000	 -77.971003
30.800000	 -77.971962
30.850000	 -77.972921
30.900000	 -77.973880
30.950000	 -77.974839
31.000000	 -77.975799
31.050000	 -77.976758
31.100000	 -77.977717
31.150000	 -77.978676
31.200000	 -77.979635
31.250000	 -77.980594
31.300000	 -77.981552
31.350000	 -77.982511
31.400000	 -77.983470
31.450000	 -77.984429
31.500000	 -77.985387
31.550000	 -77.986346
31.600000	 -77.987304
31.650000	 -77.988262
31.700000	 -77.989220
31.750000	 -77.990178
31.800000	 -77.991136
31.850000	 -77.992094
31.900000	 -77.993051
31.950000	 -77.994009
32.000000	 -77.994966
32.050000	 -77.995923
32.100000	 -77.996880
32.150000	 -77.997837
32.200000	 -77.998793
32.250000	 -77.999750
32.300000	 -78.000706
32.350000	 -78.001662
32.400000	 -78.002618
32.450000	 -78.003573
32.500000	 -78.004529
32.550000	 -78.005484
32.600000	 -78.006439
32.650000	 -78.007393
32.700000	 -78.008348
32.750000	 -78.009302
32.800000	 -78.010256
32.850000	 -78.011209
32.900000	 -78.012163
32.950000	 -78.013116
33.000000	 -78.014069
33.050000	 -78.015021
33.100000	 -78.015973
33.150000	 -78.016925
33.200000	 -78.017877
33.250000	 -78.018828
33.300000	 -78.019779
33.350000	 -78.020730
33.400000	 -78.021680
33.450000	 -78.022631
33.500000	 -78.023580
33.550000	 -78.024530
33.600000	 -78.025479
33.650000	 -78.026427
33.700000	 -78.027376
33.750000	 -78.028324
33.800000	 -78.029272
33.850000	 -78.030219
33.900000	 -78.031166
33.950000	 -78.032112
34.000000	 -78.033058
34.050000	 -78.034004
34.100000	 -78.034950
34.150000	 -78.035895
34.200000	 -78.036839
34.250000	 -78.037783
34.300000	 -78.038727
34.350000	 -78.039670
34.400000	 -78.040613
34.450000	 -78.041556
34.500000	 -78.042498
34.550000	 -78.043440
34.600000	 -78.044381
34.650000	 -78.045322
34.700000	 -78.046262
34.750000	 -78.047202
34.800000	 -78.048141
34.850000	 -78.049080
34.900000	 -78.050019
34.950000	 -78.050957
35.000000	 -78.051894
35.050000	 -78.052832
35.100000	 -78.053768
35.150000	 -78.054704
35.200000	 -78.055640
35.250000	 -78.056575
35.300000	 -78.057510
35.350000	 -78.058444
35.400000	 -78.059378
35.450000	 -78.060311
35.500000	 -78.061243
35.550000	 -78.062175
35.600000	 -78.063107
35.650000	 -78.064038
35.700000	 -78.064969
35.750000	 -78.065899
35.800000	 -78.066828
35.850000	 -78.067757
35.900000	 -78.068685
35.950000	 -78.069613
36.000000	 -78.070540
36.050000	 -78.071467
36.100000	 -78.072393
36.150000	 -78.073319
36.200000	 -78.074244
36.250000	 -78.075169
36.300000	 -78.076092
36.350000	 -78.077016
36.400000	 -78.077939
36.450000	 -78.078861
36.500000	 -78.079782
36.550000	 -78.080703
36.600000	 -78.081624
36.650000	 -78.082544
36.700000	 -78.083463
36.750000	 -78.084381
36.800000	 -78.085299
36.850000	 -78.086217
36.900000	 -78.087134
36.950000	 -78.088050
37.000000	 -78.088965
37.050000	 -78.089880
37.100000	 -78.090795
37.150000	 -78.091708
37.200000	 -78.092621
37.250000	 -78.093534
37.300000	 -78.094446
37.350000	 -78.095357
37.400000	 -78.096267
37.450000	 -78.097177
37.500000	 -78.098086
37.550000	 -78.098995
37.600000	 -78.099903
37.650000	 -78.100810
37.700000	 -78.101717
37.750000	 -78.102623
37.800000	 -78.103528
37.850000	 -78.104432
37.900000	 -78.105336
37.950000	 -78.106240
38.000000	 -78.107142
38.050000	 -78.108044
38.100000	 -78.108945
38.150000	 -78.109846
38.200000	 -78.110746
38.250000	 -78.111645
38.300000	 -78.112543
38.350000	 -78.113441
38.400000	 -78.114338
38.450000	 -78.115234
38.500000	 -78.116130
38.550000	 -78.117025
38.600000	 -78.117919
38.650000	 -78.118813
38.700000	 -78.119705
38.750000	 -78.120598
38.800000	 -78.121489
38.850000	 -78.122380
38.900000	 -78.123269
38.950000	 -78.124159
39.000000	 -78.125047
39.050000	 -78.125935
39.100000	 -78.126822
39.150000	 -78.127708
39.200000	 -78.128594
39.250000	 -78.129478
39.300000	 -78.130362
39.350000	 -78.131246
39.400000	 -78.132128
39.450000	 -78.133010
39.500000	 -78.133891
39.550000	 -78.134771
39.600000	 -78.135651
39.650000	 -78.136529
39.700000	 -78.137407
39.750000	 -78.138285
39.800000	 -78.139161
39.850000	 -78.140037
39.900000	 -78.140911
39.950000	 -78.141786
40.000000	 -78.142659
40.050000	 -78.143531
40.100000	 -78.144403
40.150000	 -78.145274
40.200000	 -78.146144
40.250000	 -78.147014
40.300000	 -78.147882
40.350000	 -78.148750
40.400000	 -78.149617
40.450000	 -78.150484
40.500000	 -78.151349
40.550000	 -78.152214
40.600000	 -78.153077
40.650000	 -78.153940
40.700000	 -78.154803
40.750000	 -78.155664
40.800000	 -78.156525
40.850000	 -78.157384
40.900000	 -78.158243
40.950000	 -78.159101
41.000000	 -78.159959
41.050000	 -78.160815
41.100000	 -78.161671
41.150000	 -78.162526
41.200000	 -78.163380
41.250000	 -78.164233
41.300000	 -78.165085
41.350000	 -78.165937
41.400000	 -78.166788
41.450000	 -78.167637
41.500000	 -78.168486
41.550000	 -78.169334
41.600000	 -78.170182
41.650000	 -78.171028
41.700000	 -78.171874
41.750000	 -78.172719
41.800000	 -78.173563
41.850000	 -78.174406
41.900000	 -78.175248
41.950000	 -78.176089
42.000000	 -78.176930
42.050000	 -78.177769
42.100000	 -78.178608
42.150000	 -78.179446
42.200000	 -78.180283
42.250000	 -78.181119
42.300000	 -78.181954
42.350000	 -78.182789
42.400000	 -78.183622
42.450000	 -78.184455
42.500000	 -78.185287
42.550000	 -78.186118
42.600000	 -78.186948
42.650000	 -78.187777
42.700000	 -78.188605
42.750000	 -78.189432
42.800000	 -78.190259
42.850000	 -78.191084
42.900000	 -78.191909
42.950000	 -78.192733
43.000000	 -78.193556
43.050000	 -78.194378
43.100000	 -78.195199
43.150000	 -78.196019
43.200000	 -78.196839
43.250000	 -78.197657
43.300000	 -78.198474
43.350000	 -78.199291
43.400000	 -78.200107
43.450000	 -78.200922
43.500000	 -78.201735
43.550000	 -78.202548
43.600000	 -78.203360
43.650000	 -78.204172
43.700000	 -78.204982
43.750000	 -78.205791
43.800000	 -78.206600
43.850000	 -78.207407
43.900000	 -78.208214
43.950000	 -78.209019
44.000000	 -78.209824
44.050000	 -78.210628
44.100000	 -78.211430
44.150000	 -78.212232
44.200000	 -78.213033
44.250000	 -78.213833
44.300000	 -78.214633
44.350000	 -78.215431
44.400000	 -78.216228
44.450000	 -78.217024
44.500000	 -78.217820
44.550000	 -78.218614
44.600000	 -78.219408
44.650000	 -78.220200
44.700000	 -78.220992
44.750000	 -78.221782
44.800000	 -78.222572
44.850000	 -78.223361
44.900000	 -78.224149
44.950000	 -78.224935
45.000000	 -78.225721
45.050000	 -78.226506
45.100000	 -78.227290
45.150000	 -78.228073
45.200000	 -78.228855
45.250000	 -78.229636
45.300000	 -78.230417
45.350000	 -78.231196
45.400000	 -78.231974
45.450000	 -78.232751
45.500000	 -78.233528
45.550000	 -78.234303
45.600000	 -78.235077
45.650000	 -78.235851
45.700000	 -78.236623
45.750000	 -78.237395
45.800000	 -78.238165
45.850000	 -78.238935
45.900000	 -78.239703
45.950000	 -78.240471
46.000000	 -78.241237
46.050000	 -78.242003
46.100000	 -78.242767
46.150000	 -78.243531
46.200000	 -78.244294
46.250000	 -78.245055
46.300000	 -78.245816
46.350000	 -78.246576
46.400000	 -78.247335
46.450000	 -78.248092
46.500000	 -78.248849
46.550000	 -78.249605
46.600000	 -78.250360
46.650000	 -78.251113
46.700000	 -78.251866
46.750000	 -78.252618
46.800000	 -78.253369
46.850000	 -78.254119
46.900000	 -78.254867
46.950000	 -78.255615
47.000000	 -78.256362
47.050000	 -78.257108
47.100000	 -78.257853
47.150000	 -78.258596
47.200000	 -78.259339
47.250000	 -78.260081
47.300000	 -78.260822
47.350000	 -78.261562
47.400000	 -78.262301
47.450000	 -78.263038
47.500000	 -78.263775
47.550000	 -78.264511
47.600000	 -78.265246
47.650000	 -78.265979
47.700000	 -78.266712
47.750000	 -78.267444
47.800000	 -78.268175
47.850000	 -78.268904
47.900000	 -78.269633
47.950000	 -78.270361
48.000000	 -78.271087
48.050000	 -78.271813
48.100000	 -78.272538
48.150000	 -78.273261
48.200000	 -78.273984
48.250000	 -78.274705
48.300000	 -78.275426
48.350000	 -78.276145
48.400000	 -78.276864
48.450000	 -78.277581
48.500000	 -78.278298
48.550000	 -78.279013
48.600000	 -78.279728
48.650000	 -78.280441
48.700000	 -78.281153
48.750000	 -78.281865
48.800000	 -78.282575
48.850000	 -78.283284
48.900000	 -78.283993
48.950000	 -78.284700
49.000000	 -78.285406
49.050000	 -78.286111
49.100000	 -78.286815
49.150000	 -78.287518
49.200000	 -78.288220
49.250000	 -78.288921
49.300000	 -78.289621
49.350000	 -78.290320
49.400000	 -78.291018
49.450000	 -78.291715
49.500000	 -78.292411
49.550000	 -78.293106
49.600000	 -78.293799
49.650000	 -78.294492
49.700000	 -78.295184
49.750000	 -78.295874
49.800000	 -78.296564
49.850000	 -78.297253
49.900000	 -78.297940
49.950000	 -78.298627
50.000000	 -78.299312
50.050000	 -78.299996
50.100000	 -78.300680
50.150000	 -78.301362
50.200000	 -78.302043
50.250000	 -78.302723
50.300000	 -78.303403
50.350000	 -78.304081
50.400000	 -78.304758
50.450000	 -78.305434
50.500000	 -78.306109
50.550000	 -78.306783
50.600000	 -78.307455
50.650000	 -78.308127
50.700000	 -78.308798
50.750000	 -78.309468
50.800000	 -78.310136
50.850000	 -78.310804
50.900000	 -78.311471
50.950000	 -78.312136
51.000000	 -78.312801
51.050000	 -78.313464
51.100000	 -78.314126
51.150000	 -78.314788
51.200000	 -78.315448
51.250000	 -78.316107
51.300000	 -78.316765
51.350000	 -78.317422
51.400000	 -78.318078
51.450000	 -78.318733
51.500000	 -78.319387
51.550000	 -78.320040
51.600000	 -78.320692
51.650000	 -78.321342
51.700000	 -78.321992
51.750000	 -78.322641
51.800000	 -78.323288
51.850000	 -78.323935
51.900000	 -78.324580
51.950000	 -78.325225
52.000000	 -78.325868
52.050000	 -78.326510
52.100000	 -78.327151
52.150000	 -78.327792
52.200000	 -78.328431
52.250000	 -78.329069
52.300000	 -78.329706
52.350000	 -78.330342
52.400000	 -78.330976
52.450000	 -78.331610
52.500000	 -78.332243
52.550000	 -78.332875
52.600000	 -78.333505
52.650000	 -78.334135
52.700000	 -78.334763
52.750000	 -78.335391
52.800000	 -78.336017
52.850000	 -78.336642
52.900000	 -78.337266
52.950000	 -78.337890
53.000000	 -78.338512
53.050000	 -78.339133
53.100000	 -78.339753
53.150000	 -78.340372
53.200000	 -78.340989
53.250000	 -78.341606
53.300000	 -78.342222
53.350000	 -78.342837
53.400000	 -78.343450
53.450000	 -78.344063
53.500000	 -78.344674
53.550000	 -78.345285
53.600000	 -78.345894
53.650000	 -78.346502
53.700000	 -78.347109
53.750000	 -78.347716
53.800000	 -78.348321
53.850000	 -78.348925
53.900000	 -78.349528
53.950000	 -78.350129
54.000000	 -78.350730
54.050000	 -78.351330
54.100000	 -78.351929
54.150000	 -78.352526
54.200000	 -78.353123
54.250000	 -78.353718
54.300000	 -78.354313
54.350000	 -78.354906
54.400000	 -78.355498
54.450000	 -78.356090
54.500000	 -78.356680
54.550000	 -78.357269
54.600000	 -78.357857
54.650000	 -78.358444
54.700000	 -78.359030
54.750000	 -78.359615
54.800000	 -78.360198
54.850000	 -78.360781
54.900000	 -78.361363
54.950000	 -78.361943
55.000000	 -78.362523
55.050000	 -78.363101
55.100000	 -78.363679
55.150000	 -78.364255
55.200000	 -78.364830
55.250000	 -78.365405
55.300000	 -78.365978
55.350000	 -78.366550
55.400000	 -78.367121
55.450000	 -78.367691
55.500000	 -78.368260
55.550000	 -78.368827
55.600000	 -78.369394
55.650000	 -78.369960
55.700000	 -78.370524
55.750000	 -78.371088
55.800000	 -78.371651
55.850000	 -78.372212
55.900000	 -78.372772
55.950000	 -78.373332
56.000000	 -78.373890
56.050000	 -78.374447
56.100000	 -78.375003
56.150000	 -78.375558
56.200000	 -78.376112
56.250000	 -78.376665
56.300000	 -78.377217
56.350000	 -78.377768
56.400000	 -78.378318
56.450000	 -78.378866
56.500000	 -78.379414
56.550000	 -78.379961
56.600000	 -78.380506
56.650000	 -78.381051
56.700000	 -78.381594
56.750000	 -78.382136
56.800000	 -78.382678
56.850000	 -78.383218
56.900000	 -78.383757
56.950000	 -78.384295
57.000000	 -78.384832
57.050000	 -78.385368
57.100000	 -78.385903
57.150000	 -78.386437
57.200000	 -78.386970
57.250000	 -78.387502
57.300000	 -78.388033
57.350000	 -78.388562
57.400000	 -78.389091
57.450000	 -78.389618
57.500000	 -78.390145
57.550000	 -78.390670
57.600000	 -78.391195
57.650000	 -78.391718
57.700000	 -78.392240
57.750000	 -78.392762
57.800000	 -78.393282
57.850000	 -78.393801
57.900000	 -78.394319
57.950000	 -78.394836
58.000000	 -78.395352
58.050000	 -78.395867
58.100000	 -78.396381
58.150000	 -78.396894
58.200000	 -78.397406
58.250000	 -78.397916
58.300000	 -78.398426
58.350000	 -78.398935
58.400000	 -78.399442
58.450000	 -78.399949
58.500000	 -78.400454
58.550000	 -78.400959
58.600000	 -78.401462
58.650000	 -78.401965
58.700000	 -78.402466
58.750000	 -78.402966
58.800000	 -78.403465
58.850000	 -78.403964
58.900000	 -78.404461
58.950000	 -78.404957
59.000000	 -78.405452
59.050000	 -78.405946
59.100000	 -78.406439
59.150000	 -78.406931
59.200000	 -78.407422
59.250000	 -78.407912
59.300000	 -78.408400
59.350000	 -78.408888
59.400000	 -78.409375
59.450000	 -78.409861
59.500000	 -78.410345
59.550000	 -78.410829
59.600000	 -78.411311
59.650000	 -78.411793
59.700000	 -78.412274
59.750000	 -78.412753
59.800000	 -78.413231
59.850000	 -78.413709
59.900000	 -78.414185
59.950000	 -78.414661
60.000000	 -78.415135
60.050000	 -78.415608
60.100000	 -78.416080
60.150000	 -78.416552
60.200000	 -78.417022
60.250000	 -78.417491
60.300000	 -78.417959
60.350000	 -78.418426
60.400000	 -78.418892
60.450000	 -78.419357
60.500000	 -78.419821
60.550000	 -78.420284
60.600000	 -78.420746
60.650000	 -78.421207
60.700000	 -78.421667
60.750000	 -78.422126
60.800000	 -78.422584
60.850000	 -78.423041
60.900000	 -78.423496
60.950000	 -78.423951
61.000000	 -78.424405
61.050000	 -78.424858
61.100000	 -78.425310
61.150000	 -78.425760
61.200000	 -78.426210
61.250000	 -78.426659
61.300000	 -78.427106
61.350000	 -78.427553
61.400000	 -78.427999
61.450000	 -78.428443
61.500000	 -78.428887
61.550000	 -78.429329
61.600000	 -78.429771
61.650000	 -78.430211
61.700000	 -78.430651
61.750000	 -78.431089
61.800000	 -78.431527
61.850000	 -78.431963
61.900000	 -78.432399
61.950000	 -78.432833
62.000000	 -78.433267
62.050000	 -78.433699
62.100000	 -78.434131
62.150000	 -78.434561
62.200000	 -78.434991
62.250000	 -78.435419
62.300000	 -78.435847
62.350000	 -78.436273
62.400000	 -78.436698
62.450000	 -78.437123
62.500000	 -78.437546
62.550000	 -78.437969
62.600000	 -78.438390
62.650000	 -78.438810
62.700000	 -78.439230
62.750000	 -78.439648
62.800000	 -78.440066
62.850000	 -78.440482
62.900000	 -78.440898
62.950000	 -78.441312
63.000000	 -78.441725
63.050000	 -78.442138
63.100000	 -78.442549
63.150000	 -78.442960
63.200000	 -78.443369
63.250000	 -78.443778
63.300000	 -78.444185
63.350000	 -78.444592
63.400000	 -78.444997
63.450000	 -78.445402
63.500000	 -78.445805
63.550000	 -78.446208
63.600000	 -78.446609
63.650000	 -78.447010
63.700000	 -78.447409
63.750000	 -78.447808
63.800000	 -78.448206
63.850000	 -78.448602
63.900000	 -78.448998
63.950000	 -78.449393
64.000000	 -78.449786
64.050000	 -78.450179
64.100000	 -78.450571
64.150000	 -78.450961
64.200000	 -78.451351
64.250000	 -78.451740
64.300000	 -78.452128
64.350000	 -78.452515
64.400000	 -78.452901
64.450000	 -78.453285
64.500000	 -78.453669
64.550000	 -78.454052
64.600000	 -78.454434
64.650000	 -78.454815
64.700000	 -78.455195
64.750000	 -78.455574
64.800000	 -78.455953
64.850000	 -78.456330
64.900000	 -78.456706
64.950000	 -78.457081
65.000000	 -78.457455
65.050000	 -78.457829
65.100000	 -78.458201
65.150000	 -78.458572
65.200000	 -78.458943
65.250000	 -78.459312
65.300000	 -78.459681
65.350000	 -78.460048
65.400000	 -78.460415
65.450000	 -78.460780
65.500000	 -78.461145
65.550000	 -78.461509
65.600000	 -78.461872
65.650000	 -78.462233
65.700000	 -78.462594
65.750000	 -78.462954
65.800000	 -78.463313
65.850000	 -78.463671
65.900000	 -78.464028
65.950000	 -78.464384
66.000000	 -78.464739
66.050000	 -78.465094
66.100000	 -78.465447
66.150000	 -78.465799
66.200000	 -78.466151
66.250000	 -78.466501
66.300000	 -78.466850
66.350000	 -78.467199
66.400000	 -78.467547
66.450000	 -78.467893
66.500000	 -78.468239
66.550000	 -78.468584
66.600000	 -78.468928
66.650000	 -78.469271
66.700000	 -78.469613
66.750000	 -78.469954
66.800000	 -78.470294
66.850000	 -78.470633
66.900000	 -78.470971
66.950000	 -78.471309
67.000000	 -78.471645
67.050000	 -78.471981
67.100000	 -78.472315
67.150000	 -78.472649
67.200000	 -78.472981
67.250000	 -78.473313
67.300000	 -78.473644
67.350000	 -78.473974
67.400000	 -78.474303
67.450000	 -78.474631
67.500000	 -78.474958
67.550000	 -78.475285
67.600000	 -78.475610
67.650000	 -78.475934
67.700000	 -78.476258
67.750000	 -78.476581
67.800000	 -78.476902
67.850000	 -78.477223
67.900000	 -78.477543
67.950000	 -78.477862
68.000000	 -78.478180
68.050000	 -78.478497
68.100000	 -78.478813
68.150000	 -78.479128
68.200000	 -78.479443
68.250000	 -78.479756
68.300000	 -78.480069
68.350000	 -78.480381
68.400000	 -78.480692
68.450000	 -78.481001
68.500000	 -78.481310
68.550000	 -78.481619
68.600000	 -78.481926
68.650000	 -78.482232
68.700000	 -78.482537
68.750000	 -78.482842
68.800000	 -78.483146
68.850000	 -78.483448
68.900000	 -78.483750
68.950000	 -78.484051
69.000000	 -78.484351
69.050000	 -78.484650
69.100000	 -78.484949
69.150000	 -78.485246
69.200000	 -78.485542
69.250000	 -78.485838
69.300000	 -78.486133
69.350000	 -78.486427
69.400000	 -78.486720
69.450000	 -78.487012
69.500000	 -78.487303
69.550000	 -78.487593
69.600000	 -78.487883
69.650000	 -78.488171
69.700000	 -78.488459
69.750000	 -78.488746
69.800000	 -78.489032
69.850000	 -78.489317
69.900000	 -78.489601
69.950000	 -78.489884
70.000000	 -78.490167
70.050000	 -78.490449
70.100000	 -78.490729
70.150000	 -78.491009
70.200000	 -78.491288
70.250000	 -78.491566
70.300000	 -78.491844
70.350000	 -78.492120
70.400000	 -78.492396
70.450000	 -78.492670
70.500000	 -78.492944
70.550000	 -78.493217
70.600000	 -78.493489
70.650000	 -78.493761
70.700000	 -78.494031
70.750000	 -78.494300
70.800000	 -78.494569
70.850000	 -78.494837
70.900000	 -78.495104
70.950000	 -78.495370
71.000000	 -78.495636
71.050000	 -78.495900
71.100000	 -78.496164
71.150000	 -78.496426
71.200000	 -78.496688
71.250000	 -78.496949
71.300000	 -78.497210
71.350000	 -78.497469
71.400000	 -78.497728
71.450000	 -78.497985
71.500000	 -78.498242
71.550000	 -78.498498
71.600000	 -78.498753
71.650000	 -78.499008
71.700000	 -78.499261
71.750000	 -78.499514
71.800000	 -78.499766
71.850000	 -78.500017
71.900000	 -78.500267
71.950000	 -78.500517
72.000000	 -78.500765
72.050000	 -78.501013
72.100000	 -78.501260
72.150000	 -78.501506
72.200000	 -78.501751
72.250000	 -78.501996
72.300000	 -78.502239
72.350000	 -78.502482
72.400000	 -78.502724
72.450000	 -78.502965
72.500000	 -78.503206
72.550000	 -78.503445
72.600000	 -78.503684
72.650000	 -78.503922
72.700000	 -78.504159
72.750000	 -78.504395
72.800000	 -78.504631
72.850000	 -78.504865
72.900000	 -78.505099
72.950000	 -78.505332
73.000000	 -78.505564
73.050000	 -78.505796
73.100000	 -78.506027
73.150000	 -78.506256
73.200000	 -78.506485
73.250000	 -78.506714
73.300000	 -78.506941
73.350000	 -78.507168
73.400000	 -78.507394
73.450000	 -78.507619
73.500000	 -78.507843
73.550000	 -78.508067
73.600000	 -78.508289
73.650000	 -78.508511
73.700000	 -78.508732
73.750000	 -78.508953
73.800000	 -78.509172
73.850000	 -78.509391
73.900000	 -78.509609
73.950000	 -78.509826
74.000000	 -78.510042
74.050000	 -78.510258
74.100000	 -78.510473
74.150000	 -78.510687
74.200000	 -78.510900
74.250000	 -78.511113
74.300000	 -78.511324
74.350000	 -78.511535
74.400000	 -78.511745
74.450000	 -78.511955
74.500000	 -78.512163
74.550000	 -78.512371
74.600000	 -78.512578
74.650000	 -78.512785
74.700000	 -78.512990
74.750000	 -78.513195
74.800000	 -78.513399
74.850000	 -78.513602
74.900000	 -78.513805
74.950000	 -78.514007
75.000000	 -78.514208
75.050000	 -78.514408
75.100000	 -78.514607
75.150000	 -78.514806
75.200000	 -78.515004
75.250000	 -78.515201
75.300000	 -78.515398
75.350000	 -78.515593
75.400000	 -78.515788
75.450000	 -78.515982
75.500000	 -78.516176
75.550000	 -78.516369
75.600000	 -78.516560
75.650000	 -78.516752
75.700000	 -78.516942
75.750000	 -78.517132
75.800000	 -78.517321
75.850000	 -78.517509
75.900000	 -78.517697
75.950000	 -78.517883
76.000000	 -78.518069
76.050000	 -78.518255
76.100000	 -78.518439
76.150000	 -78.518623
76.200000	 -78.518806
76.250000	 -78.518988
76.300000	 -78.519170
76.350000	 -78.519351
76.400000	 -78.519531
76.450000	 -78.519711
76.500000	 -78.519889
76.550000	 -78.520067
76.600000	 -78.520245
76.650000	 -78.520421
76.700000	 -78.520597
76.750000	 -78.520772
76.800000	 -78.520946
76.850000	 -78.521120
76.900000	 -78.521293
76.950000	 -78.521465
77.000000	 -78.521637
77.050000	 -78.521808
77.100000	 -78.521978
77.150000	 -78.522147
77.200000	 -78.522316
77.250000	 -78.522484
77.300000	 -78.522651
77.350000	 -78.522817
77.400000	 -78.522983
77.450000	 -78.523148
77.500000	 -78.523313
77.550000	 -78.523477
77.600000	 -78.523640
77.650000	 -78.523802
77.700000	 -78.523964
77.750000	 -78.524125
77.800000	 -78.524285
77.850000	 -78.524444
77.900000	 -78.524603
77.950000	 -78.524761
78.000000	 -78.524919
78.050000	 -78.525076
78.100000	 -78.525232
78.150000	 -78.525387
78.200000	 -78.525542
78.250000	 -78.525696
78.300000	 -78.525849
78.350000	 -78.526002
78.400000	 -78.526154
78.450000	 -78.526305
78.500000	 -78.526456
78.550000	 -78.526606
78.600000	 -78.526755
78.650000	 -78.526904
78.700000	 -78.527052
78.750000	 -78.527199
78.800000	 -78.527346
78.850000	 -78.527491
78.900000	 -78.527637
78.950000	 -78.527781
79.000000	 -78.527925
79.050000	 -78.528068
79.100000	 -78.528211
79.150000	 -78.528353
79.200000	 -78.528494
79.250000	 -78.528635
79.300000	 -78.528775
79.350000	 -78.528914
79.400000	 -78.529052
79.450000	 -78.529190
79.500000	 -78.529328
79.550000	 -78.529464
79.600000	 -78.529600
79.650000	 -78.529736
79.700000	 -78.529870
79.750000	 -78.530004
79.800000	 -78.530138
79.850000	 -78.530270
79.900000	 -78.530402
79.950000	 -78.530534
80.000000	 -78.530665
80.050000	 -78.530795
80.100000	 -78.530924
80.150000	 -78.531053
80.200000	 -78.531181
80.250000	 -78.531309
80.300000	 -78.531436
80.350000	 -78.531562
80.400000	 -78.531688
80.450000	 -78.531813
80.500000	 -78.531937
80.550000	 -78.532061
80.600000	 -78.532184
80.650000	 -78.532307
80.700000	 -78.532429
80.750000	 -78.532550
80.800000	 -78.532671
80.850000	 -78.532791
80.900000	 -78.532910
80.950000	 -78.533029
81.000000	 -78.533147
81.050000	 -78.533264
81.100000	 -78.533381
81.150000	 -78.533498
81.200000	 -78.533613
81.250000	 -78.533728
81.300000	 -78.533843
81.350000	 -78.533957
81.400000	 -78.534070
81.450000	 -78.534182
81.500000	 -78.534294
81.550000	 -78.534406
81.600000	 -78.534517
81.650000	 -78.534627
81.700000	 -78.534736
81.750000	 -78.534845
81.800000	 -78.534954
81.850000	 -78.535061
81.900000	 -78.535169
81.950000	 -78.535275
82.000000	 -78.535381
82.050000	 -78.535486
82.100000	 -78.535591
82.150000	 -78.535695
82.200000	 -78.535799
82.250000	 -78.535902
82.300000	 -78.536004
82.350000	 -78.536106
82.400000	 -78.536207
82.450000	 -78.536308
82.500000	 -78.536408
82.550000	 -78.536507
82.600000	 -78.536606
82.650000	 -78.536705
82.700000	 -78.536802
82.750000	 -78.536899
82.800000	 -78.536996
82.850000	 -78.537092
82.900000	 -78.537187
82.950000	 -78.537282
83.000000	 -78.537376
83.050000	 -78.537470
83.100000	 -78.537563
83.150000	 -78.537656
83.200000	 -78.537748
83.250000	 -78.537839
83.300000	 -78.537930
83.350000	 -78.538020
83.400000	 -78.538110
83.450000	 -78.538199
83.500000	 -78.538287
83.550000	 -78.538375
83.600000	 -78.538463
83.650000	 -78.538550
83.700000	 -78.538636
83.750000	 -78.538722
83.800000	 -78.538807
83.850000	 -78.538891
83.900000	 -78.538975
83.950000	 -78.539059
84.000000	 -78.539142
84.050000	 -78.539224
84.100000	 -78.539306
84.150000	 -78.539388
84.200000	 -78.539468
84.250000	 -78.539549
84.300000	 -78.539628
84.350000	 -78.539707
84.400000	 -78.539786
84.450000	 -78.539864
84.500000	 -78.539942
84.550000	 -78.540018
84.600000	 -78.540095
84.650000	 -78.540171
84.700000	 -78.540246
84.750000	 -78.540321
84.800000	 -78.540395
84.850000	 -78.540469
84.900000	 -78.540542
84.950000	 -78.540615
85.000000	 -78.540687
85.050000	 -78.540759
85.100000	 -78.540830
85.150000	 -78.540900
85.200000	 -78.540970
85.250000	 -78.541040
85.300000	 -78.541109
85.350000	 -78.541177
85.400000	 -78.541245
85.450000	 -78.541313
85.500000	 -78.541380
85.550000	 -78.541446
85.600000	 -78.541512
85.650000	 -78.541577
85.700000	 -78.541642
85.750000	 -78.541707
85.800000	 -78.541770
85.850000	 -78.541834
85.900000	 -78.541897
85.950000	 -78.541959
86.000000	 -78.542021
86.050000	 -78.542082
86.100000	 -78.542143
86.150000	 -78.542203
86.200000	 -78.542263
86.250000	 -78.542322
86.300000	 -78.542381
86.350000	 -78.542439
86.400000	 -78.542497
86.450000	 -78.542554
86.500000	 -78.542611
86.550000	 -78.542667
86.600000	 -78.542723
86.650000	 -78.542778
86.700000	 -78.542833
86.750000	 -78.542887
86.800000	 -78.542941
86.850000	 -78.542995
86.900000	 -78.543047
86.950000	 -78.543100
87.000000	 -78.543152
87.050000	 -78.543203
87.100000	 -78.543254
87.150000	 -78.543304
87.200000	 -78.543354
87.250000	 -78.543404
87.300000	 -78.543453
87.350000	 -78.543501
87.400000	 -78.543549
87.450000	 -78.543597
87.500000	 -78.543644
87.550000	 -78.543691
87.600000	 -78.543737
87.650000	 -78.543782
87.700000	 -78.543828
87.750000	 -78.543872
87.800000	 -78.543917
87.850000	 -78.543960
87.900000	 -78.544004
87.950000	 -78.544047
88.000000	 -78.544089
88.050000	 -78.544131
88.100000	 -78.544173
88.150000	 -78.544214
88.200000	 -78.544254
88.250000	 -78.544294
88.300000	 -78.544334
88.350000	 -78.544373
88.400000	 -78.544412
88.450000	 -78.544450
88.500000	 -78.544488
88.550000	 -78.544525
88.600000	 -78.544562
88.650000	 -78.544599
88.700000	 -78.544635
88.750000	 -78.544670
88.800000	 -78.544705
88.850000	 -78.544740
88.900000	 -78.544774
88.950000	 -78.544808
89.000000	 -78.544842
89.050000	 -78.544874
89.100000	 -78.544907
89.150000	 -78.544939
89.200000	 -78.544971
89.250000	 -78.545002
89.300000	 -78.545033
89.350000	 -78.545063
89.400000	 -78.545093
89.450000	 -78.545122
89.500000	 -78.545151
89.550000	 -78.545180
89.600000	 -78.545208
89.650000	 -78.545236
89.700000	 -78.545263
89.750000	 -78.545290
89.800000	 -78.545316
89.850000	 -78.545342
89.900000	 -78.545368
89.950000	 -78.545393
90.000000	 -78.545418
90.050000	 -78.545442
90.100000	 -78.545466
90.150000	 -78.545489
90.200000	 -78.545512
90.250000	 -78.545535
90.300000	 -78.545557
90.350000	 -78.545579
90.400000	 -78.545601
90.450000	 -78.545622
90.500000	 -78.545642
90.550000	 -78.545662
90.600000	 -78.545682
90.650000	 -78.545702
90.700000	 -78.545721
90.750000	 -78.545739
90.800000	 -78.545757
90.850000	 -78.545775
90.900000	 -78.545792
90.950000	 -78.545809
91.000000	 -78.545826
91.050000	 -78.545842
91.100000	 -78.545858
91.150000	 -78.545873
91.200000	 -78.545888
91.250000	 -78.545903
91.300000	 -78.545917
91.350000	 -78.545931
91.400000	 -78.545944
91.450000	 -78.545957
91.500000	 -78.545970
91.550000	 -78.545982
91.600000	 -78.545994
91.650000	 -78.546005
91.700000	 -78.546016
91.750000	 -78.546027
91.800000	 -78.546037
91.850000	 -78.546047
91.900000	 -78.546057
91.950000	 -78.546066
92.000000	 -78.546075
92.050000	 -78.546083
92.100000	 -78.546091
92.150000	 -78.546099
92.200000	 -78.546106
92.250000	 -78.546113
92.300000	 -78.546120
92.350000	 -78.546126
92.400000	 -78.546131
92.450000	 -78.546137
92.500000	 -78.546142
92.550000	 -78.546147
92.600000	 -78.546151
92.650000	 -78.546155
92.700000	 -78.546158
92.750000	 -78.546162
92.800000	 -78.546165
92.850000	 -78.546167
92.900000	 -78.546169
92.950000	 -78.546171
93.000000	 -78.546172
93.050000	 -78.546173
93.100000	 -78.546174
93.150000	 -78.546174
93.200000	 -78.546174
93.250000	 -78.546174
93.300000	 -78.546173
93.350000	 -78.546172
93.400000	 -78.546171
93.450000	 -78.546169
93.500000	 -78.546167
93.550000	 -78.546164
93.600000	 -78.546162
93.650000	 -78.546158
93.700000	 -78.546155
93.750000	 -78.546151
93.800000	 -78.546147
93.850000	 -78.546142
93.900000	 -78.546137
93.950000	 -78.546132
94.000000	 -78.546127
94.050000	 -78.546121
94.100000	 -78.546114
94.150000	 -78.546108
94.200000	 -78.546101
94.250000	 -78.546094
94.300000	 -78.546086
94.350000	 -78.546078
94.400000	 -78.546070
94.450000	 -78.546061
94.500000	 -78.546052
94.550000	 -78.546043
94.600000	 -78.546034
94.650000	 -78.546024
94.700000	 -78.546013
94.750000	 -78.546003
94.800000	 -78.545992
94.850000	 -78.545981
94.900000	 -78.545969
94.950000	 -78.545958
95.000000	 -78.545945
95.050000	 -78.545933
95.100000	 -78.545920
95.150000	 -78.545907
95.200000	 -78.545894
95.250000	 -78.545880
95.300000	 -78.545866
95.350000	 -78.545851
95.400000	 -78.545837
95.450000	 -78.545822
95.500000	 -78.545806
95.550000	 -78.545791
95.600000	 -78.545775
95.650000	 -78.545759
95.700000	 -78.545742
95.750000	 -78.545725
95.800000	 -78.545708
95.850000	 -78.545691
95.900000	 -78.545673
95.950000	 -78.545655
96.000000	 -78.545636
96.050000	 -78.545618
96.100000	 -78.545599
96.150000	 -78.545580
96.200000	 -78.545560
96.250000	 -78.545540
96.300000	 -78.545520
96.350000	 -78.545500
96.400000	 -78.545479
96.450000	 -78.545458
96.500000	 -78.545436
96.550000	 -78.545415
96.600000	 -78.545393
96.650000	 -78.545371
96.700000	 -78.545348
96.750000	 -78.545325
96.800000	 -78.545302
96.850000	 -78.545279
96.900000	 -78.545255
96.950000	 -78.545232
97.000000	 -78.545207
97.050000	 -78.545183
97.100000	 -78.545158
97.150000	 -78.545133
97.200000	 -78.545108
97.250000	 -78.545082
97.300000	 -78.545056
97.350000	 -78.545030
97.400000	 -78.545004
97.450000	 -78.544977
97.500000	 -78.544950
97.550000	 -78.544923
97.600000	 -78.544895
97.650000	 -78.544867
97.700000	 -78.544839
97.750000	 -78.544811
97.800000	 -78.544782
97.850000	 -78.544754
97.900000	 -78.544724
97.950000	 -78.544695
98.000000	 -78.544665
98.050000	 -78.544635
98.100000	 -78.544605
98.150000	 -78.544575
98.200000	 -78.544544
98.250000	 -78.544513
98.300000	 -78.544482
98.350000	 -78.544450
98.400000	 -78.544419
98.450000	 -78.544387
98.500000	 -78.544354
98.550000	 -78.544322
98.600000	 -78.544289
98.650000	 -78.544256
98.700000	 -78.544223
98.750000	 -78.544189
98.800000	 -78.544155
98.850000	 -78.544121
98.900000	 -78.544087
98.950000	 -78.544052
99.000000	 -78.544018
99.050000	 -78.543983
99.100000	 -78.543947
99.150000	 -78.543912
99.200000	 -78.543876
99.250000	 -78.543840
99.300000	 -78.543804
99.350000	 -78.543767
99.400000	 -78.543731
99.450000	 -78.543694
99.500000	 -78.543656
99.550000	 -78.543619
99.600000	 -78.543581
99.650000	 -78.543543
99.700000	 -78.543505
99.750000	 -78.543467
99.800000	 -78.543428
99.850000	 -78.543389
99.900000	 -78.543350
99.950000	 -78.543311
100.000000	 -78.543271
