0.000000	 -78.470234
0.050000	 -78.470234
0.100000	 -78.470234
0.150000	 -78.470234
0.200000	 -78.470234
0.250000	 -78.470234
0.300000	 -78.470234
0.350000	 -78.470234
0.400000	 -78.470234
0.450000	 -78.470234
0.500000	 -78.470234
0.550000	 -78.470234
0.600000	 -78.470234
0.650000	 -78.470234
0.700000	 -78.470234
0.750000	 -78.470234
0.800000	 -78.470234
0.850000	 -78.470234
0.900000	 -78.470234
0.950000	 -78.470234
1.000000	 -78.470234
1.050000	 -78.470234
1.100000	 -78.470234
1.150000	 -78.470234
1.200000	 -78.470234
1.250000	 -78.470234
1.300000	 -78.470234
1.350000	 -78.470234
1.400000	 -78.470234
1.450000	 -78.470234
1.500000	 -78.470234
1.550000	 -78.470234
1.600000	 -78.470234
1.650000	 -78.470234
1.700000	 -78.470234
1.750000	 -78.470234
1.800000	 -78.470234
1.850000	 -78.470234
1.900000	 -78.470234
1.950000	 -78.470234
2.000000	 -78.470234
2.050000	 -78.470234
2.100000	 -78.470234
2.150000	 -78.470234
2.200000	 -78.470234
2.250000	 -78.470234
2.300000	 -78.470234
2.350000	 -78.470234
2.400000	 -78.470234
2.450000	 -78.470234
2.500000	 -78.470234
2.550000	 -78.470234
2.600000	 -78.470234
2.650000	 -78.470234
2.700000	 -78.470234
2.750000	 -78.470234
2.800000	 -78.470234
2.850000	 -78.470234
2.900000	 -78.470234
2.950000	 -78.470234
3.000000	 -78.470234
3.050000	 -78.470234
3.100000	 -78.470234
3.150000	 -78.470234
3.200000	 -78.470235
3.250000	 -78.470235
3.300000	 -78.470235
3.350000	 -78.470235
3.400000	 -78.470235
3.450000	 -78.470235
3.500000	 -78.470235
3.550000	 -78.470235
3.600000	 -78.470235
3.650000	 -78.470235
3.700000	 -78.470235
3.750000	 -78.470235
3.800000	 -78.470235
3.850000	 -78.470235
3.900000	 -78.470235
3.950000	 -78.470235
4.000000	 -78.470235
4.050000	 -78.470235
4.100000	 -78.470235
4.150000	 -78.470235
4.200000	 -78.470235
4.250000	 -78.470235
4.300000	 -78.470235
4.350000	 -78.470235
4.400000	 -78.470235
4.450000	 -78.470235
4.500000	 -78.470235
4.550000	 -78.470235
4.600000	 -78.470235
4.650000	 -78.470235
4.700000	 -78.470235
4.750000	 -78.470235
4.800000	 -78.470235
4.850000	 -78.470235
4.900000	 -78.470235
4.950000	 -78.470235
5.000000	 -78.470235
5.050000	 -78.470235
5.100000	 -78.470235
5.150000	 -78.470234
5.200000	 -78.470234
5.250000	 -78.470232
5.300000	 -78.470228
5.350000	 -78.470222
5.400000	 -78.470212
5.450000	 -78.470196
5.500000	 -78.470174
5.550000	 -78.470144
5.600000	 -78.470105
5.650000	 -78.470054
5.700000	 -78.469992
5.750000	 -78.469915
5.800000	 -78.469825
5.850000	 -78.469718
5.900000	 -78.469595
5.950000	 -78.469454
6.000000	 -78.469294
6.050000	 -78.469116
6.100000	 -78.468918
6.150000	 -78.468700
6.200000	 -78.468461
6.250000	 -78.468201
6.300000	 -78.467921
6.350000	 -78.467620
6.400000	 -78.467297
6.450000	 -78.466953
6.500000	 -78.466589
6.550000	 -78.466203
6.600000	 -78.465797
6.650000	 -78.465370
6.700000	 -78.464924
6.750000	 -78.464457
6.800000	 -78.463971
6.850000	 -78.463466
6.900000	 -78.462943
6.950000	 -78.462401
7.000000	 -78.461842
7.050000	 -78.461266
7.100000	 -78.460673
7.150000	 -78.460064
7.200000	 -78.459440
7.250000	 -78.458800
7.300000	 -78.458146
7.350000	 -78.457479
7.400000	 -78.456798
7.450000	 -78.456104
7.500000	 -78.455398
7.550000	 -78.454681
7.600000	 -78.453953
7.650000	 -78.453214
7.700000	 -78.452466
7.750000	 -78.451708
7.800000	 -78.450942
7.850000	 -78.450167
7.900000	 -78.449385
7.950000	 -78.448596
8.000000	 -78.447800
8.050000	 -78.446999
8.100000	 -78.446191
8.150000	 -78.445379
8.200000	 -78.444563
8.250000	 -78.443742
8.300000	 -78.442917
8.350000	 -78.442090
8.400000	 -78.441260
8.450000	 -78.440428
8.500000	 -78.439594
8.550000	 -78.438759
8.600000	 -78.437922
8.650000	 -78.437086
8.700000	 -78.436249
8.750000	 -78.435412
8.800000	 -78.434576
8.850000	 -78.433741
8.900000	 -78.432907
8.950000	 -78.432074
9.000000	 -78.431244
9.050000	 -78.430416
9.100000	 -78.429591
9.150000	 -78.428768
9.200000	 -78.427948
9.250000	 -78.427132
9.300000	 -78.426320
9.350000	 -78.425511
9.400000	 -78.424707
9.450000	 -78.423907
9.500000	 -78.423111
9.550000	 -78.422321
9.600000	 -78.421535
9.650000	 -78.420755
9.700000	 -78.419980
9.750000	 -78.419210
9.800000	 -78.418447
9.850000	 -78.417689
9.900000	 -78.416938
9.950000	 -78.416192
10.000000	 -78.415453
10.050000	 -78.414721
10.100000	 -78.413995
10.150000	 -78.413276
10.200000	 -78.412563
10.250000	 -78.411858
10.300000	 -78.411160
10.350000	 -78.410468
10.400000	 -78.409784
10.450000	 -78.409108
10.500000	 -78.408439
10.550000	 -78.407777
10.600000	 -78.407122
10.650000	 -78.406476
10.700000	 -78.405837
10.750000	 -78.405205
10.800000	 -78.404581
10.850000	 -78.403965
10.900000	 -78.403357
10.950000	 -78.402757
11.000000	 -78.402164
11.050000	 -78.401580
11.100000	 -78.401003
11.150000	 -78.400434
11.200000	 -78.399873
11.250000	 -78.399319
11.300000	 -78.398774
11.350000	 -78.398237
11.400000	 -78.397707
11.450000	 -78.397185
11.500000	 -78.396671
11.550000	 -78.396165
11.600000	 -78.395667
11.650000	 -78.395177
11.700000	 -78.394694
11.750000	 -78.394219
11.800000	 -78.393752
11.850000	 -78.393293
11.900000	 -78.392841
11.950000	 -78.392397
12.000000	 -78.391960
12.050000	 -78.391531
12.100000	 -78.391110
12.150000	 -78.390695
12.200000	 -78.390289
12.250000	 -78.389889
12.300000	 -78.389497
12.350000	 -78.389113
12.400000	 -78.388735
12.450000	 -78.388365
12.500000	 -78.388001
12.550000	 -78.387645
12.600000	 -78.387296
12.650000	 -78.386954
12.700000	 -78.386618
12.750000	 -78.386290
12.800000	 -78.385968
12.850000	 -78.385653
12.900000	 -78.385344
12.950000	 -78.385042
13.000000	 -78.384747
13.050000	 -78.384458
13.100000	 -78.384176
13.150000	 -78.383899
13.200000	 -78.383630
13.250000	 -78.383366
13.300000	 -78.383108
13.350000	 -78.382857
13.400000	 -78.382611
13.450000	 -78.382372
13.500000	 -78.382138
13.550000	 -78.381910
13.600000	 -78.381688
13.650000	 -78.381471
13.700000	 -78.381260
13.750000	 -78.381055
13.800000	 -78.380855
13.850000	 -78.380660
13.900000	 -78.380471
13.950000	 -78.380287
14.000000	 -78.380109
14.050000	 -78.379935
14.100000	 -78.379767
14.150000	 -78.379603
14.200000	 -78.379444
14.250000	 -78.379291
14.300000	 -78.379142
14.350000	 -78.378998
14.400000	 -78.378858
14.450000	 -78.378723
14.500000	 -78.378593
14.550000	 -78.378467
14.600000	 -78.378346
14.650000	 -78.378229
14.700000	 -78.378116
14.750000	 -78.378008
14.800000	 -78.377903
14.850000	 -78.377803
14.900000	 -78.377707
14.950000	 -78.377615
15.000000	 -78.377526
15.050000	 -78.377442
15.100000	 -78.377361
15.150000	 -78.377285
15.200000	 -78.377212
15.250000	 -78.377142
15.300000	 -78.377076
15.350000	 -78.377014
15.400000	 -78.376955
15.450000	 -78.376900
15.500000	 -78.376848
15.550000	 -78.376799
15.600000	 -78.376753
15.650000	 -78.376711
15.700000	 -78.376672
15.750000	 -78.376636
15.800000	 -78.376603
15.850000	 -78.376573
15.900000	 -78.376546
15.950000	 -78.376522
16.000000	 -78.376500
16.050000	 -78.376482
16.100000	 -78.376466
16.150000	 -78.376453
16.200000	 -78.376443
16.250000	 -78.376435
16.300000	 -78.376430
16.350000	 -78.376427
16.400000	 -78.376427
16.450000	 -78.376430
16.500000	 -78.376434
16.550000	 -78.376441
16.600000	 -78.376451
16.650000	 -78.376462
16.700000	 -78.376476
16.750000	 -78.376492
16.800000	 -78.376510
16.850000	 -78.376531
16.900000	 -78.376553
16.950000	 -78.376578
17.000000	 -78.376604
17.050000	 -78.376632
17.100000	 -78.376663
17.150000	 -78.376695
17.200000	 -78.376729
17.250000	 -78.376765
17.300000	 -78.376802
17.350000	 -78.376842
17.400000	 -78.376883
17.450000	 -78.376926
17.500000	 -78.376970
17.550000	 -78.377016
17.600000	 -78.377064
17.650000	 -78.377113
17.700000	 -78.377164
17.750000	 -78.377216
17.800000	 -78.377269
17.850000	 -78.377325
17.900000	 -78.377381
17.950000	 -78.377439
18.000000	 -78.377498
18.050000	 -78.377559
18.100000	 -78.377621
18.150000	 -78.377684
18.200000	 -78.377748
18.250000	 -78.377814
18.300000	 -78.377881
18.350000	 -78.377949
18.400000	 -78.378018
18.450000	 -78.378088
18.500000	 -78.378160
18.550000	 -78.378232
18.600000	 -78.378306
18.650000	 -78.378380
18.700000	 -78.378456
18.750000	 -78.378532
18.800000	 -78.378610
18.850000	 -78.378688
18.900000	 -78.378768
18.950000	 -78.378848
19.000000	 -78.378929
19.050000	 -78.379011
19.100000	 -78.379094
19.150000	 -78.379178
19.200000	 -78.379262
19.250000	 -78.379348
19.300000	 -78.379434
19.350000	 -78.379521
19.400000	 -78.379608
19.450000	 -78.379697
19.500000	 -78.379786
19.550000	 -78.379876
19.600000	 -78.379966
19.650000	 -78.380057
19.700000	 -78.380149
19.750000	 -78.380242
19.800000	 -78.380335
19.850000	 -78.380428
19.900000	 -78.380523
19.950000	 -78.380617
20.000000	 -78.380713
20.050000	 -78.380809
20.100000	 -78.380905
20.150000	 -78.381002
20.200000	 -78.381100
20.250000	 -78.381198
20.300000	 -78.381296
20.350000	 -78.381395
20.400000	 -78.381495
20.450000	 -78.381595
20.500000	 -78.381695
20.550000	 -78.381796
20.600000	 -78.381897
20.650000	 -78.381999
20.700000	 -78.382101
20.750000	 -78.382203
20.800000	 -78.382306
20.850000	 -78.382410
20.900000	 -78.382513
20.950000	 -78.382617
21.000000	 -78.382721
21.050000	 -78.382826
21.100000	 -78.382931
21.150000	 -78.383036
21.200000	 -78.383142
21.250000	 -78.383248
21.300000	 -78.383354
21.350000	 -78.383461
21.400000	 -78.383567
21.450000	 -78.383675
21.500000	 -78.383782
21.550000	 -78.383890
21.600000	 -78.383997
21.650000	 -78.384106
21.700000	 -78.384214
21.750000	 -78.384322
21.800000	 -78.384431
21.850000	 -78.384540
21.900000	 -78.384650
21.950000	 -78.384759
22.000000	 -78.384869
22.050000	 -78.384979
22.100000	 -78.385089
22.150000	 -78.385199
22.200000	 -78.385310
22.250000	 -78.385420
22.300000	 -78.385531
22.350000	 -78.385642
22.400000	 -78.385753
22.450000	 -78.385865
22.500000	 -78.385976
22.550000	 -78.386088
22.600000	 -78.386199
22.650000	 -78.386311
22.700000	 -78.386423
22.750000	 -78.386536
22.800000	 -78.386648
22.850000	 -78.386760
22.900000	 -78.386873
22.950000	 -78.386986
23.000000	 -78.387099
23.050000	 -78.387211
23.100000	 -78.387324
23.150000	 -78.387438
23.200000	 -78.387551
23.250000	 -78.387664
23.300000	 -78.387778
23.350000	 -78.387891
23.400000	 -78.388005
23.450000	 -78.388119
23.500000	 -78.388232
23.550000	 -78.388346
23.600000	 -78.388460
23.650000	 -78.388574
23.700000	 -78.388688
23.750000	 -78.388803
23.800000	 -78.388917
23.850000	 -78.389031
23.900000	 -78.389146
23.950000	 -78.389260
24.000000	 -78.389374
24.050000	 -78.389489
24.100000	 -78.389604
24.150000	 -78.389718
24.200000	 -78.389833
24.250000	 -78.389948
24.300000	 -78.390063
24.350000	 -78.390178
24.400000	 -78.390292
24.450000	 -78.390407
24.500000	 -78.390522
24.550000	 -78.390637
24.600000	 -78.390753
24.650000	 -78.390868
24.700000	 -78.390983
24.750000	 -78.391098
24.800000	 -78.391213
24.850000	 -78.391329
24.900000	 -78.391444
24.950000	 -78.391559
25.000000	 -78.391674
25.050000	 -78.391790
25.100000	 -78.391905
25.150000	 -78.392021
25.200000	 -78.392136
25.250000	 -78.392252
25.300000	 -78.392367
25.350000	 -78.392483
25.400000	 -78.392598
25.450000	 -78.392714
25.500000	 -78.392829
25.550000	 -78.392945
25.600000	 -78.393061
25.650000	 -78.393177
25.700000	 -78.393293
25.750000	 -78.393409
25.800000	 -78.393524
25.850000	 -78.393640
25.900000	 -78.393756
25.950000	 -78.393872
26.000000	 -78.393989
26.050000	 -78.394105
26.100000	 -78.394221
26.150000	 -78.394337
26.200000	 -78.394453
26.250000	 -78.394569
26.300000	 -78.394685
26.350000	 -78.394802
26.400000	 -78.394918
26.450000	 -78.395034
26.500000	 -78.395150
26.550000	 -78.395266
26.600000	 -78.395383
26.650000	 -78.395499
26.700000	 -78.395615
26.750000	 -78.395731
26.800000	 -78.395848
26.850000	 -78.395964
26.900000	 -78.396080
26.950000	 -78.396197
27.000000	 -78.396313
27.050000	 -78.396429
27.100000	 -78.396545
27.150000	 -78.396661
27.200000	 -78.396778
27.250000	 -78.396894
27.300000	 -78.397010
27.350000	 -78.397126
27.400000	 -78.397242
27.450000	 -78.397359
27.500000	 -78.397475
27.550000	 -78.397591
27.600000	 -78.397707
27.650000	 -78.397823
27.700000	 -78.397939
27.750000	 -78.398055
27.800000	 -78.398171
27.850000	 -78.398287
27.900000	 -78.398403
27.950000	 -78.398519
28.000000	 -78.398635
28.050000	 -78.398751
28.100000	 -78.398867
28.150000	 -78.398983
28.200000	 -78.399099
28.250000	 -78.399215
28.300000	 -78.399331
28.350000	 -78.399447
28.400000	 -78.399563
28.450000	 -78.399678
28.500000	 -78.399794
28.550000	 -78.399910
28.600000	 -78.400026
28.650000	 -78.400141
28.700000	 -78.400257
28.750000	 -78.400373
28.800000	 -78.400489
28.850000	 -78.400604
28.900000	 -78.400720
28.950000	 -78.400835
29.000000	 -78.400951
29.050000	 -78.401066
29.100000	 -78.401182
29.150000	 -78.401297
29.200000	 -78.401413
29.250000	 -78.401528
29.300000	 -78.401644
29.350000	 -78.401759
29.400000	 -78.401875
29.450000	 -78.401990
29.500000	 -78.402105
29.550000	 -78.402221
29.600000	 -78.402336
29.650000	 -78.402451
29.700000	 -78.402566
29.750000	 -78.402682
29.800000	 -78.402797
29.850000	 -78.402912
29.900000	 -78.403027
29.950000	 -78.403142
30.000000	 -78.403257
30.050000	 -78.403372
30.100000	 -78.403487
30.150000	 -78.403602
30.200000	 -78.403717
30.250000	 -78.403832
30.300000	 -78.403947
30.350000	 -78.404062
30.400000	 -78.404177
30.450000	 -78.404292
30.500000	 -78.404407
30.550000	 -78.404521
30.600000	 -78.404636
30.650000	 -78.404751
30.700000	 -78.404866
30.750000	 -78.404980
30.800000	 -78.405095
30.850000	 -78.405210
30.900000	 -78.405324
30.950000	 -78.405439
31.000000	 -78.405553
31.050000	 -78.405668
31.100000	 -78.405782
31.150000	 -78.405897
31.200000	 -78.406011
31.250000	 -78.406126
31.300000	 -78.406240
31.350000	 -78.406354
31.400000	 -78.406469
31.450000	 -78.406583
31.500000	 -78.406697
31.550000	 -78.406812
31.600000	 -78.406926
31.650000	 -78.407040
31.700000	 -78.407154
31.750000	 -78.407268
31.800000	 -78.407382
31.850000	 -78.407496
31.900000	 -78.407610
31.950000	 -78.407724
32.000000	 -78.407838
32.050000	 -78.407952
32.100000	 -78.408066
32.150000	 -78.408180
32.200000	 -78.408294
32.250000	 -78.408408
32.300000	 -78.408522
32.350000	 -78.408635
32.400000	 -78.408749
32.450000	 -78.408863
32.500000	 -78.408977
32.550000	 -78.409090
32.600000	 -78.409204
32.650000	 -78.409317
32.700000	 -78.409431
32.750000	 -78.409544
32.800000	 -78.409658
32.850000	 -78.409771
32.900000	 -78.409885
32.950000	 -78.409998
33.000000	 -78.410112
33.050000	 -78.410225
33.100000	 -78.410338
33.150000	 -78.410451
33.200000	 -78.410565
33.250000	 -78.410678
33.300000	 -78.410791
33.350000	 -78.410904
33.400000	 -78.411017
33.450000	 -78.411130
33.500000	 -78.411243
33.550000	 -78.411356
33.600000	 -78.411469
33.650000	 -78.411582
33.700000	 -78.411695
33.750000	 -78.411808
33.800000	 -78.411920
33.850000	 -78.412033
33.900000	 -78.412146
33.950000	 -78.412259
34.000000	 -78.412371
34.050000	 -78.412484
34.100000	 -78.412596
34.150000	 -78.412709
34.200000	 -78.412821
34.250000	 -78.412934
34.300000	 -78.413046
34.350000	 -78.413159
34.400000	 -78.413271
34.450000	 -78.413383
34.500000	 -78.413496
34.550000	 -78.413608
34.600000	 -78.413720
34.650000	 -78.413832
34.700000	 -78.413944
34.750000	 -78.414056
34.800000	 -78.414168
34.850000	 -78.414280
34.900000	 -78.414392
34.950000	 -78.414504
35.000000	 -78.414616
35.050000	 -78.414728
35.100000	 -78.414840
35.150000	 -78.414951
35.200000	 -78.415063
35.250000	 -78.415175
35.300000	 -78.415286
35.350000	 -78.415398
35.400000	 -78.415509
35.450000	 -78.415621
35.500000	 -78.415732
35.550000	 -78.415844
35.600000	 -78.415955
35.650000	 -78.416066
35.700000	 -78.416178
35.750000	 -78.416289
35.800000	 -78.416400
35.850000	 -78.416511
35.900000	 -78.416622
35.950000	 -78.416733
36.000000	 -78.416844
36.050000	 -78.416955
36.100000	 -78.417066
36.150000	 -78.417177
36.200000	 -78.417288
36.250000	 -78.417398
36.300000	 -78.417509
36.350000	 -78.417620
36.400000	 -78.417730
36.450000	 -78.417841
36.500000	 -78.417951
36.550000	 -78.418062
36.600000	 -78.418172
36.650000	 -78.418283
36.700000	 -78.418393
36.750000	 -78.418503
36.800000	 -78.418613
36.850000	 -78.418723
36.900000	 -78.418833
36.950000	 -78.418944
37.000000	 -78.419054
37.050000	 -78.419163
37.100000	 -78.419273
37.150000	 -78.419383
37.200000	 -78.419493
37.250000	 -78.419603
37.300000	 -78.419712
37.350000	 -78.419822
37.400000	 -78.419932
37.450000	 -78.420041
37.500000	 -78.420150
37.550000	 -78.420260
37.600000	 -78.420369
37.650000	 -78.420478
37.700000	 -78.420588
37.750000	 -78.420697
37.800000	 -78.420806
37.850000	 -78.420915
37.900000	 -78.421024
37.950000	 -78.421133
38.000000	 -78.421242
38.050000	 -78.421351
38.100000	 -78.421460
38.150000	 -78.421568
38.200000	 -78.421677
38.250000	 -78.421785
38.300000	 -78.421894
38.350000	 -78.422002
38.400000	 -78.422111
38.450000	 -78.422219
38.500000	 -78.422328
38.550000	 -78.422436
38.600000	 -78.422544
38.650000	 -78.422652
38.700000	 -78.422760
38.750000	 -78.422868
38.800000	 -78.422976
38.850000	 -78.423084
38.900000	 -78.423192
38.950000	 -78.423299
39.000000	 -78.423407
39.050000	 -78.423515
39.100000	 -78.423622
39.150000	 -78.423730
39.200000	 -78.423837
39.250000	 -78.423945
39.300000	 -78.424052
39.350000	 -78.424159
39.400000	 -78.424266
39.450000	 -78.424373
39.500000	 -78.424480
39.550000	 -78.424587
39.600000	 -78.424694
39.650000	 -78.424801
39.700000	 -78.424908
39.750000	 -78.425014
39.800000	 -78.425121
39.850000	 -78.425228
39.900000	 -78.425334
39.950000	 -78.425441
40.000000	 -78.425547
40.050000	 -78.425653
40.100000	 -78.425759
40.150000	 -78.425866
40.200000	 -78.425972
40.250000	 -78.426078
40.300000	 -78.426184
40.350000	 -78.426289
40.400000	 -78.426395
40.450000	 -78.426501
40.500000	 -78.426607
40.550000	 -78.426712
40.600000	 -78.426818
40.650000	 -78.426923
40.700000	 -78.427028
40.750000	 -78.427134
40.800000	 -78.427239
40.850000	 -78.427344
40.900000	 -78.427449
40.950000	 -78.427554
41.000000	 -78.427659
41.050000	 -78.427764
41.100000	 -78.427869
41.150000	 -78.427973
41.200000	 -78.428078
41.250000	 -78.428183
41.300000	 -78.428287
41.350000	 -78.428391
41.400000	 -78.428496
41.450000	 -78.428600
41.500000	 -78.428704
41.550000	 -78.428808
41.600000	 -78.428912
41.650000	 -78.429016
41.700000	 -78.429120
41.750000	 -78.429224
41.800000	 -78.429327
41.850000	 -78.429431
41.900000	 -78.429535
41.950000	 -78.429638
42.000000	 -78.429741
42.050000	 -78.429845
42.100000	 -78.429948
42.150000	 -78.430051
42.200000	 -78.430154
42.250000	 -78.430257
42.300000	 -78.430360
42.350000	 -78.430463
42.400000	 -78.430566
42.450000	 -78.430668
42.500000	 -78.430771
42.550000	 -78.430873
42.600000	 -78.430976
42.650000	 -78.431078
42.700000	 -78.431180
42.750000	 -78.431282
42.800000	 -78.431384
42.850000	 -78.431486
42.900000	 -78.431588
42.950000	 -78.431690
43.000000	 -78.431792
43.050000	 -78.431893
43.100000	 -78.431995
43.150000	 -78.432097
43.200000	 -78.432198
43.250000	 -78.432299
43.300000	 -78.432400
43.350000	 -78.432502
43.400000	 -78.432603
43.450000	 -78.432704
43.500000	 -78.432804
43.550000	 -78.432905
43.600000	 -78.433006
43.650000	 -78.433106
43.700000	 -78.433207
43.750000	 -78.433307
43.800000	 -78.433408
43.850000	 -78.433508
43.900000	 -78.433608
43.950000	 -78.433708
44.000000	 -78.433808
44.050000	 -78.433908
44.100000	 -78.434008
44.150000	 -78.434108
44.200000	 -78.434207
44.250000	 -78.434307
44.300000	 -78.434406
44.350000	 -78.434506
44.400000	 -78.434605
44.450000	 -78.434704
44.500000	 -78.434803
44.550000	 -78.434902
44.600000	 -78.435001
44.650000	 -78.435100
44.700000	 -78.435199
44.750000	 -78.435297
44.800000	 -78.435396
44.850000	 -78.435494
44.900000	 -78.435592
44.950000	 -78.435691
45.000000	 -78.435789
45.050000	 -78.435887
45.100000	 -78.435985
45.150000	 -78.436083
45.200000	 -78.436180
45.250000	 -78.436278
45.300000	 -78.436376
45.350000	 -78.436473
45.400000	 -78.436571
45.450000	 -78.436668
45.500000	 -78.436765
45.550000	 -78.436862
45.600000	 -78.436959
45.650000	 -78.437056
45.700000	 -78.437153
45.750000	 -78.437250
45.800000	 -78.437346
45.850000	 -78.437443
45.900000	 -78.437539
45.950000	 -78.437635
46.000000	 -78.437732
46.050000	 -78.437828
46.100000	 -78.437924
46.150000	 -78.438020
46.200000	 -78.438116
46.250000	 -78.438211
46.300000	 -78.438307
46.350000	 -78.438403
46.400000	 -78.438498
46.450000	 -78.438593
46.500000	 -78.438689
46.550000	 -78.438784
46.600000	 -78.438879
46.650000	 -78.438974
46.700000	 -78.439068
46.750000	 -78.439163
46.800000	 -78.439258
46.850000	 -78.439352
46.900000	 -78.439447
46.950000	 -78.439541
47.000000	 -78.439635
47.050000	 -78.439729
47.100000	 -78.439823
47.150000	 -78.439917
47.200000	 -78.440011
47.250000	 -78.440105
47.300000	 -78.440198
47.350000	 -78.440292
47.400000	 -78.440385
47.450000	 -78.440479
47.500000	 -78.440572
47.550000	 -78.440665
47.600000	 -78.440758
47.650000	 -78.440851
47.700000	 -78.440944
47.750000	 -78.441036
47.800000	 -78.441129
47.850000	 -78.441221
47.900000	 -78.441314
47.950000	 -78.441406
48.000000	 -78.441498
48.050000	 -78.441590
48.100000	 -78.441682
48.150000	 -78.441774
48.200000	 -78.441866
48.250000	 -78.441957
48.300000	 -78.442049
48.350000	 -78.442140
48.400000	 -78.442231
48.450000	 -78.442323
48.500000	 -78.442414
48.550000	 -78.442505
48.600000	 -78.442596
48.650000	 -78.442686
48.700000	 -78.442777
48.750000	 -78.442867
48.800000	 -78.442958
48.850000	 -78.443048
48.900000	 -78.443138
48.950000	 -78.443229
49.000000	 -78.443319
49.050000	 -78.443408
49.100000	 -78.443498
49.150000	 -78.443588
49.200000	 -78.443677
49.250000	 -78.443767
49.300000	 -78.443856
49.350000	 -78.443946
49.400000	 -78.444035
49.450000	 -78.444124
49.500000	 -78.444213
49.550000	 -78.444301
49.600000	 -78.444390
49.650000	 -78.444479
49.700000	 -78.444567
49.750000	 -78.444655
49.800000	 -78.444744
49.850000	 -78.444832
49.900000	 -78.444920
49.950000	 -78.445008
50.000000	 -78.445096
50.050000	 -78.445183
50.100000	 -78.445271
50.150000	 -78.445358
50.200000	 -78.445446
50.250000	 -78.445533
50.300000	 -78.445620
50.350000	 -78.445707
50.400000	 -78.445794
50.450000	 -78.445881
50.500000	 -78.445967
50.550000	 -78.446054
50.600000	 -78.446140
50.650000	 -78.446227
50.700000	 -78.446313
50.750000	 -78.446399
50.800000	 -78.446485
50.850000	 -78.446571
50.900000	 -78.446657
50.950000	 -78.446742
51.000000	 -78.446828
51.050000	 -78.446913
51.100000	 -78.446999
51.150000	 -78.447084
51.200000	 -78.447169
51.250000	 -78.447254
51.300000	 -78.447339
51.350000	 -78.447424
51.400000	 -78.447508
51.450000	 -78.447593
51.500000	 -78.447677
51.550000	 -78.447761
51.600000	 -78.447846
51.650000	 -78.447930
51.700000	 -78.448014
51.750000	 -78.448097
51.800000	 -78.448181
51.850000	 -78.448265
51.900000	 -78.448348
51.950000	 -78.448432
52.000000	 -78.448515
52.050000	 -78.448598
52.100000	 -78.448681
52.150000	 -78.448764
52.200000	 -78.448847
52.250000	 -78.448929
52.300000	 -78.449012
52.350000	 -78.449094
52.400000	 -78.449177
52.450000	 -78.449259
52.500000	 -78.449341
52.550000	 -78.449423
52.600000	 -78.449505
52.650000	 -78.449586
52.700000	 -78.449668
52.750000	 -78.449750
52.800000	 -78.449831
52.850000	 -78.449912
52.900000	 -78.449993
52.950000	 -78.450074
53.000000	 -78.450155
53.050000	 -78.450236
53.100000	 -78.450317
53.150000	 -78.450397
53.200000	 -78.450478
53.250000	 -78.450558
53.300000	 -78.450638
53.350000	 -78.450718
53.400000	 -78.450798
53.450000	 -78.450878
53.500000	 -78.450958
53.550000	 -78.451037
53.600000	 -78.451117
53.650000	 -78.451196
53.700000	 -78.451276
53.750000	 -78.451355
53.800000	 -78.451434
53.850000	 -78.451513
53.900000	 -78.451591
53.950000	 -78.451670
54.000000	 -78.451748
54.050000	 -78.451827
54.100000	 -78.451905
54.150000	 -78.451983
54.200000	 -78.452061
54.250000	 -78.452139
54.300000	 -78.452217
54.350000	 -78.452295
54.400000	 -78.452372
54.450000	 -78.452450
54.500000	 -78.452527
54.550000	 -78.452604
54.600000	 -78.452682
54.650000	 -78.452759
54.700000	 -78.452835
54.750000	 -78.452912
54.800000	 -78.452989
54.850000	 -78.453065
54.900000	 -78.453142
54.950000	 -78.453218
55.000000	 -78.453294
55.050000	 -78.453370
55.100000	 -78.453446
55.150000	 -78.453522
55.200000	 -78.453597
55.250000	 -78.453673
55.300000	 -78.453748
55.350000	 -78.453824
55.400000	 -78.453899
55.450000	 -78.453974
55.500000	 -78.454049
55.550000	 -78.454123
55.600000	 -78.454198
55.650000	 -78.454273
55.700000	 -78.454347
55.750000	 -78.454421
55.800000	 -78.454496
55.850000	 -78.454570
55.900000	 -78.454644
55.950000	 -78.454718
56.000000	 -78.454791
56.050000	 -78.454865
56.100000	 -78.454938
56.150000	 -78.455012
56.200000	 -78.455085
56.250000	 -78.455158
56.300000	 -78.455231
56.350000	 -78.455304
56.400000	 -78.455377
56.450000	 -78.455449
56.500000	 -78.455522
56.550000	 -78.455594
56.600000	 -78.455666
56.650000	 -78.455738
56.700000	 -78.455810
56.750000	 -78.455882
56.800000	 -78.455954
56.850000	 -78.456026
56.900000	 -78.456097
56.950000	 -78.456169
57.000000	 -78.456240
57.050000	 -78.456311
57.100000	 -78.456382
57.150000	 -78.456453
57.200000	 -78.456524
57.250000	 -78.456594
57.300000	 -78.456665
57.350000	 -78.456735
57.400000	 -78.456806
57.450000	 -78.456876
57.500000	 -78.456946
57.550000	 -78.457016
57.600000	 -78.457086
57.650000	 -78.457155
57.700000	 -78.457225
57.750000	 -78.457294
57.800000	 -78.457364
57.850000	 -78.457433
57.900000	 -78.457502
57.950000	 -78.457571
58.000000	 -78.457640
58.050000	 -78.457708
58.100000	 -78.457777
58.150000	 -78.457846
58.200000	 -78.457914
58.250000	 -78.457982
58.300000	 -78.458050
58.350000	 -78.458118
58.400000	 -78.458186
58.450000	 -78.458254
58.500000	 -78.458321
58.550000	 -78.458389
58.600000	 -78.458456
58.650000	 -78.458523
58.700000	 -78.458591
58.750000	 -78.458658
58.800000	 -78.458724
58.850000	 -78.458791
58.900000	 -78.458858
58.950000	 -78.458924
59.000000	 -78.458991
59.050000	 -78.459057
59.100000	 -78.459123
59.150000	 -78.459189
59.200000	 -78.459255
59.250000	 -78.459321
59.300000	 -78.459386
59.350000	 -78.459452
59.400000	 -78.459517
59.450000	 -78.459583
59.500000	 -78.459648
59.550000	 -78.459713
59.600000	 -78.459778
59.650000	 -78.459843
59.700000	 -78.459907
59.750000	 -78.459972
59.800000	 -78.460036
59.850000	 -78.460100
59.900000	 -78.460165
59.950000	 -78.460229
60.000000	 -78.460293
60.050000	 -78.460356
60.100000	 -78.460420
60.150000	 -78.460484
60.200000	 -78.460547
60.250000	 -78.460610
60.300000	 -78.460674
60.350000	 -78.460737
60.400000	 -78.460800
60.450000	 -78.460862
60.500000	 -78.460925
60.550000	 -78.460988
60.600000	 -78.461050
60.650000	 -78.461113
60.700000	 -78.461175
60.750000	 -78.461237
60.800000	 -78.461299
60.850000	 -78.461361
60.900000	 -78.461422
60.950000	 -78.461484
61.000000	 -78.461546
61.050000	 -78.461607
61.100000	 -78.461668
61.150000	 -78.461729
61.200000	 -78.461790
61.250000	 -78.461851
61.300000	 -78.461912
61.350000	 -78.461973
61.400000	 -78.462033
61.450000	 -78.462094
61.500000	 -78.462154
61.550000	 -78.462214
61.600000	 -78.462274
61.650000	 -78.462334
61.700000	 -78.462394
61.750000	 -78.462453
61.800000	 -78.462513
61.850000	 -78.462572
61.900000	 -78.462632
61.950000	 -78.462691
62.000000	 -78.462750
62.050000	 -78.462809
62.100000	 -78.462868
62.150000	 -78.462926
62.200000	 -78.462985
62.250000	 -78.463043
62.300000	 -78.463102
62.350000	 -78.463160
62.400000	 -78.463218
62.450000	 -78.463276
62.500000	 -78.463334
62.550000	 -78.463391
62.600000	 -78.463449
62.650000	 -78.463506
62.700000	 -78.463564
62.750000	 -78.463621
62.800000	 -78.463678
62.850000	 -78.463735
62.900000	 -78.463792
62.950000	 -78.463849
63.000000	 -78.463905
63.050000	 -78.463962
63.100000	 -78.464018
63.150000	 -78.464075
63.200000	 -78.464131
63.250000	 -78.464187
63.300000	 -78.464243
63.350000	 -78.464299
63.400000	 -78.464354
63.450000	 -78.464410
63.500000	 -78.464465
63.550000	 -78.464520
63.600000	 -78.464576
63.650000	 -78.464631
63.700000	 -78.464686
63.750000	 -78.464741
63.800000	 -78.464795
63.850000	 -78.464850
63.900000	 -78.464904
63.950000	 -78.464959
64.000000	 -78.465013
64.050000	 -78.465067
64.100000	 -78.465121
64.150000	 -78.465175
64.200000	 -78.465229
64.250000	 -78.465282
64.300000	 -78.465336
64.350000	 -78.465389
64.400000	 -78.465442
64.450000	 -78.465496
64.500000	 -78.465549
64.550000	 -78.465602
64.600000	 -78.465654
64.650000	 -78.465707
64.700000	 -78.465760
64.750000	 -78.465812
64.800000	 -78.465864
64.850000	 -78.465917
64.900000	 -78.465969
64.950000	 -78.466021
65.000000	 -78.466073
65.050000	 -78.466124
65.100000	 -78.466176
65.150000	 -78.466227
65.200000	 -78.466279
65.250000	 -78.466330
65.300000	 -78.466381
65.350000	 -78.466432
65.400000	 -78.466483
65.450000	 -78.466534
65.500000	 -78.466585
65.550000	 -78.466635
65.600000	 -78.466686
65.650000	 -78.466736
65.700000	 -78.466786
65.750000	 -78.466836
65.800000	 -78.466886
65.850000	 -78.466936
65.900000	 -78.466986
65.950000	 -78.467035
66.000000	 -78.467085
66.050000	 -78.467134
66.100000	 -78.467183
66.150000	 -78.467233
66.200000	 -78.467282
66.250000	 -78.467331
66.300000	 -78.467379
66.350000	 -78.467428
66.400000	 -78.467477
66.450000	 -78.467525
66.500000	 -78.467573
66.550000	 -78.467622
66.600000	 -78.467670
66.650000	 -78.467718
66.700000	 -78.467765
66.750000	 -78.467813
66.800000	 -78.467861
66.850000	 -78.467908
66.900000	 -78.467956
66.950000	 -78.468003
67.000000	 -78.468050
67.050000	 -78.468097
67.100000	 -78.468144
67.150000	 -78.468191
67.200000	 -78.468238
67.250000	 -78.468284
67.300000	 -78.468331
67.350000	 -78.468377
67.400000	 -78.468423
67.450000	 -78.468470
67.500000	 -78.468516
67.550000	 -78.468562
67.600000	 -78.468607
67.650000	 -78.468653
67.700000	 -78.468699
67.750000	 -78.468744
67.800000	 -78.468789
67.850000	 -78.468835
67.900000	 -78.468880
67.950000	 -78.468925
68.000000	 -78.468970
68.050000	 -78.469014
68.100000	 -78.469059
68.150000	 -78.469103
68.200000	 -78.469148
68.250000	 -78.469192
68.300000	 -78.469236
68.350000	 -78.469280
68.400000	 -78.469324
68.450000	 -78.469368
68.500000	 -78.469412
68.550000	 -78.469456
68.600000	 -78.469499
68.650000	 -78.469543
68.700000	 -78.469586
68.750000	 -78.469629
68.800000	 -78.469672
68.850000	 -78.469715
68.900000	 -78.469758
68.950000	 -78.469801
69.000000	 -78.469843
69.050000	 -78.469886
69.100000	 -78.469928
69.150000	 -78.469970
69.200000	 -78.470013
69.250000	 -78.470055
69.300000	 -78.470097
69.350000	 -78.470138
69.400000	 -78.470180
69.450000	 -78.470222
69.500000	 -78.470263
69.550000	 -78.470305
69.600000	 -78.470346
69.650000	 -78.470387
69.700000	 -78.470428
69.750000	 -78.470469
69.800000	 -78.470510
69.850000	 -78.470551
69.900000	 -78.470591
69.950000	 -78.470632
70.000000	 -78.470672
70.050000	 -78.470713
70.100000	 -78.470753
70.150000	 -78.470793
70.200000	 -78.470833
70.250000	 -78.470873
70.300000	 -78.470912
70.350000	 -78.470952
70.400000	 -78.470991
70.450000	 -78.471031
70.500000	 -78.471070
70.550000	 -78.471109
70.600000	 -78.471148
70.650000	 -78.471187
70.700000	 -78.471226
70.750000	 -78.471265
70.800000	 -78.471304
70.850000	 -78.471342
70.900000	 -78.471381
70.950000	 -78.471419
71.000000	 -78.471457
71.050000	 -78.471495
71.100000	 -78.471533
71.150000	 -78.471571
71.200000	 -78.471609
71.250000	 -78.471647
71.300000	 -78.471684
71.350000	 -78.471722
71.400000	 -78.471759
71.450000	 -78.471796
71.500000	 -78.471833
71.550000	 -78.471870
71.600000	 -78.471907
71.650000	 -78.471944
71.700000	 -78.471981
71.750000	 -78.472017
71.800000	 -78.472054
71.850000	 -78.472090
71.900000	 -78.472127
71.950000	 -78.472163
72.000000	 -78.472199
72.050000	 -78.472235
72.100000	 -78.472271
72.150000	 -78.472307
72.200000	 -78.472342
72.250000	 -78.472378
72.300000	 -78.472413
72.350000	 -78.472448
72.400000	 -78.472484
72.450000	 -78.472519
72.500000	 -78.472554
72.550000	 -78.472589
72.600000	 -78.472624
72.650000	 -78.472658
72.700000	 -78.472693
72.750000	 -78.472727
72.800000	 -78.472762
72.850000	 -78.472796
72.900000	 -78.472830
72.950000	 -78.472864
73.000000	 -78.472898
73.050000	 -78.472932
73.100000	 -78.472966
73.150000	 -78.473000
73.200000	 -78.473033
73.250000	 -78.473067
73.300000	 -78.473100
73.350000	 -78.473133
73.400000	 -78.473166
73.450000	 -78.473199
73.500000	 -78.473232
73.550000	 -78.473265
73.600000	 -78.473298
73.650000	 -78.473331
73.700000	 -78.473363
73.750000	 -78.473396
73.800000	 -78.473428
73.850000	 -78.473460
73.900000	 -78.473492
73.950000	 -78.473524
74.000000	 -78.473556
74.050000	 -78.473588
74.100000	 -78.473620
74.150000	 -78.473651
74.200000	 -78.473683
74.250000	 -78.473714
74.300000	 -78.473746
74.350000	 -78.473777
74.400000	 -78.473808
74.450000	 -78.473839
74.500000	 -78.473870
74.550000	 -78.473901
74.600000	 -78.473932
74.650000	 -78.473962
74.700000	 -78.473993
74.750000	 -78.474023
74.800000	 -78.474053
74.850000	 -78.474084
74.900000	 -78.474114
74.950000	 -78.474144
75.000000	 -78.474174
75.050000	 -78.474204
75.100000	 -78.474233
75.150000	 -78.474263
75.200000	 -78.474292
75.250000	 -78.474322
75.300000	 -78.474351
75.350000	 -78.474380
75.400000	 -78.474410
75.450000	 -78.474439
75.500000	 -78.474468
75.550000	 -78.474496
75.600000	 -78.474525
75.650000	 -78.474554
75.700000	 -78.474582
75.750000	 -78.474611
75.800000	 -78.474639
75.850000	 -78.474667
75.900000	 -78.474696
75.950000	 -78.474724
76.000000	 -78.474752
76.050000	 -78.474780
76.100000	 -78.474807
76.150000	 -78.474835
76.200000	 -78.474863
76.250000	 -78.474890
76.300000	 -78.474917
76.350000	 -78.474945
76.400000	 -78.474972
76.450000	 -78.474999
76.500000	 -78.475026
76.550000	 -78.475053
76.600000	 -78.475080
76.650000	 -78.475107
76.700000	 -78.475133
76.750000	 -78.475160
76.800000	 -78.475186
76.850000	 -78.475213
76.900000	 -78.475239
76.950000	 -78.475265
77.000000	 -78.475291
77.050000	 -78.475317
77.100000	 -78.475343
77.150000	 -78.475369
77.200000	 -78.475394
77.250000	 -78.475420
77.300000	 -78.475445
77.350000	 -78.475471
77.400000	 -78.475496
77.450000	 -78.475521
77.500000	 -78.475547
77.550000	 -78.475572
77.600000	 -78.475597
77.650000	 -78.475621
77.700000	 -78.475646
77.750000	 -78.475671
77.800000	 -78.475695
77.850000	 -78.475720
77.900000	 -78.475744
77.950000	 -78.475769
78.000000	 -78.475793
78.050000	 -78.475817
78.100000	 -78.475841
78.150000	 -78.475865
78.200000	 -78.475889
78.250000	 -78.475913
78.300000	 -78.475936
78.350000	 -78.475960
78.400000	 -78.475983
78.450000	 -78.476007
78.500000	 -78.476030
78.550000	 -78.476053
78.600000	 -78.476076
78.650000	 -78.476099
78.700000	 -78.476122
78.750000	 -78.476145
78.800000	 -78.476168
78.850000	 -78.476191
78.900000	 -78.476213
78.950000	 -78.476236
79.000000	 -78.476258
79.050000	 -78.476281
79.100000	 -78.476303
79.150000	 -78.476325
79.200000	 -78.476347
79.250000	 -78.476369
79.300000	 -78.476391
79.350000	 -78.476413
79.400000	 -78.476434
79.450000	 -78.476456
79.500000	 -78.476478
79.550000	 -78.476499
79.600000	 -78.476520
79.650000	 -78.476542
79.700000	 -78.476563
79.750000	 -78.476584
79.800000	 -78.476605
79.850000	 -78.476626
79.900000	 -78.476647
79.950000	 -78.476667
80.000000	 -78.476688
80.050000	 -78.476709
80.100000	 -78.476729
80.150000	 -78.476750
80.200000	 -78.476770
80.250000	 -78.476790
80.300000	 -78.476810
80.350000	 -78.476830
80.400000	 -78.476850
80.450000	 -78.476870
80.500000	 -78.476890
80.550000	 -78.476910
80.600000	 -78.476929
80.650000	 -78.476949
80.700000	 -78.476968
80.750000	 -78.476988
80.800000	 -78.477007
80.850000	 -78.477026
80.900000	 -78.477046
80.950000	 -78.477065
81.000000	 -78.477084
81.050000	 -78.477102
81.100000	 -78.477121
81.150000	 -78.477140
81.200000	 -78.477159
81.250000	 -78.477177
81.300000	 -78.477196
81.350000	 -78.477214
81.400000	 -78.477232
81.450000	 -78.477251
81.500000	 -78.477269
81.550000	 -78.477287
81.600000	 -78.477305
81.650000	 -78.477323
81.700000	 -78.477341
81.750000	 -78.477358
81.800000	 -78.477376
81.850000	 -78.477393
81.900000	 -78.477411
81.950000	 -78.477428
82.000000	 -78.477446
82.050000	 -78.477463
82.100000	 -78.477480
82.150000	 -78.477497
82.200000	 -78.477514
82.250000	 -78.477531
82.300000	 -78.477548
82.350000	 -78.477565
82.400000	 -78.477581
82.450000	 -78.477598
82.500000	 -78.477615
82.550000	 -78.477631
82.600000	 -78.477647
82.650000	 -78.477664
82.700000	 -78.477680
82.750000	 -78.477696
82.800000	 -78.477712
82.850000	 -78.477728
82.900000	 -78.477744
82.950000	 -78.477760
83.000000	 -78.477776
83.050000	 -78.477791
83.100000	 -78.477807
83.150000	 -78.477822
83.200000	 -78.477838
83.250000	 -78.477853
83.300000	 -78.477868
83.350000	 -78.477884
83.400000	 -78.477899
83.450000	 -78.477914
83.500000	 -78.477929
83.550000	 -78.477944
83.600000	 -78.477959
83.650000	 -78.477973
83.700000	 -78.477988
83.750000	 -78.478003
83.800000	 -78.478017
83.850000	 -78.478032
83.900000	 -78.478046
83.950000	 -78.478060
84.000000	 -78.478074
84.050000	 -78.478089
84.100000	 -78.478103
84.150000	 -78.478117
84.200000	 -78.478131
84.250000	 -78.478144
84.300000	 -78.478158
84.350000	 -78.478172
84.400000	 -78.478185
84.450000	 -78.478199
84.500000	 -78.478212
84.550000	 -78.478226
84.600000	 -78.478239
84.650000	 -78.478252
84.700000	 -78.478266
84.750000	 -78.478279
84.800000	 -78.478292
84.850000	 -78.478305
84.900000	 -78.478318
84.950000	 -78.478330
85.000000	 -78.478343
85.050000	 -78.478356
85.100000	 -78.478368
85.150000	 -78.478381
85.200000	 -78.478393
85.250000	 -78.478406
85.300000	 -78.478418
85.350000	 -78.478430
85.400000	 -78.478442
85.450000	 -78.478454
85.500000	 -78.478467
85.550000	 -78.478478
85.600000	 -78.478490
85.650000	 -78.478502
85.700000	 -78.478514
85.750000	 -78.478526
85.800000	 -78.478537
85.850000	 -78.478549
85.900000	 -78.478560
85.950000	 -78.478572
86.000000	 -78.478583
86.050000	 -78.478594
86.100000	 -78.478605
86.150000	 -78.478616
86.200000	 -78.478627
86.250000	 -78.478638
86.300000	 -78.478649
86.350000	 -78.478660
86.400000	 -78.478671
86.450000	 -78.478682
86.500000	 -78.478692
86.550000	 -78.478703
86.600000	 -78.478713
86.650000	 -78.478724
86.700000	 -78.478734
86.750000	 -78.478744
86.800000	 -78.478754
86.850000	 -78.478765
86.900000	 -78.478775
86.950000	 -78.478785
87.000000	 -78.478795
87.050000	 -78.478805
87.100000	 -78.478814
87.150000	 -78.478824
87.200000	 -78.478834
87.250000	 -78.478843
87.300000	 -78.478853
87.350000	 -78.478862
87.400000	 -78.478872
87.450000	 -78.478881
87.500000	 -78.478890
87.550000	 -78.478900
87.600000	 -78.478909
87.650000	 -78.478918
87.700000	 -78.478927
87.750000	 -78.478936
87.800000	 -78.478945
87.850000	 -78.478954
87.900000	 -78.478962
87.950000	 -78.478971
88.000000	 -78.478980
88.050000	 -78.478988
88.100000	 -78.478997
88.150000	 -78.479005
88.200000	 -78.479014
88.250000	 -78.479022
88.300000	 -78.479030
88.350000	 -78.479038
88.400000	 -78.479046
88.450000	 -78.479054
88.500000	 -78.479062
88.550000	 -78.479070
88.600000	 -78.479078
88.650000	 -78.479086
88.700000	 -78.479094
88.750000	 -78.479101
88.800000	 -78.479109
88.850000	 -78.479117
88.900000	 -78.479124
88.950000	 -78.479132
89.000000	 -78.479139
89.050000	 -78.479146
89.100000	 -78.479153
89.150000	 -78.479161
89.200000	 -78.479168
89.250000	 -78.479175
89.300000	 -78.479182
89.350000	 -78.479189
89.400000	 -78.479196
89.450000	 -78.479202
89.500000	 -78.479209
89.550000	 -78.479216
89.600000	 -78.479223
89.650000	 -78.479229
89.700000	 -78.479236
89.750000	 -78.479242
89.800000	 -78.479249
89.850000	 -78.479255
89.900000	 -78.479261
89.950000	 -78.479267
90.000000	 -78.479274
90.050000	 -78.479280
90.100000	 -78.479286
90.150000	 -78.479292
90.200000	 -78.479298
90.250000	 -78.479303
90.300000	 -78.479309
90.350000	 -78.479315
90.400000	 -78.479321
90.450000	 -78.479326
90.500000	 -78.479332
90.550000	 -78.479337
90.600000	 -78.479343
90.650000	 -78.479348
90.700000	 -78.479354
90.750000	 -78.479359
90.800000	 -78.479364
90.850000	 -78.479369
90.900000	 -78.479374
90.950000	 -78.479380
91.000000	 -78.479385
91.050000	 -78.479389
91.100000	 -78.479394
91.150000	 -78.479399
91.200000	 -78.479404
91.250000	 -78.479409
91.300000	 -78.479413
91.350000	 -78.479418
91.400000	 -78.479423
91.450000	 -78.479427
91.500000	 -78.479431
91.550000	 -78.479436
91.600000	 -78.479440
91.650000	 -78.479445
91.700000	 -78.479449
91.750000	 -78.479453
91.800000	 -78.479457
91.850000	 -78.479461
91.900000	 -78.479465
91.950000	 -78.479469
92.000000	 -78.479473
92.050000	 -78.479477
92.100000	 -78.479481
92.150000	 -78.479484
92.200000	 -78.479488
92.250000	 -78.479492
92.300000	 -78.479495
92.350000	 -78.479499
92.400000	 -78.479502
92.450000	 -78.479506
92.500000	 -78.479509
92.550000	 -78.479512
92.600000	 -78.479516
92.650000	 -78.479519
92.700000	 -78.479522
92.750000	 -78.479525
92.800000	 -78.479528
92.850000	 -78.479531
92.900000	 -78.479534
92.950000	 -78.479537
93.000000	 -78.479540
93.050000	 -78.479543
93.100000	 -78.479545
93.150000	 -78.479548
93.200000	 -78.479551
93.250000	 -78.479553
93.300000	 -78.479556
93.350000	 -78.479558
93.400000	 -78.479561
93.450000	 -78.479563
93.500000	 -78.479566
93.550000	 -78.479568
93.600000	 -78.479570
93.650000	 -78.479572
93.700000	 -78.479574
93.750000	 -78.479577
93.800000	 -78.479579
93.850000	 -78.479581
93.900000	 -78.479583
93.950000	 -78.479584
94.000000	 -78.479586
94.050000	 -78.479588
94.100000	 -78.479590
94.150000	 -78.479592
94.200000	 -78.479593
94.250000	 -78.479595
94.300000	 -78.479596
94.350000	 -78.479598
94.400000	 -78.479599
94.450000	 -78.479601
94.500000	 -78.479602
94.550000	 -78.479603
94.600000	 -78.479605
94.650000	 -78.479606
94.700000	 -78.479607
94.750000	 -78.479608
94.800000	 -78.479609
94.850000	 -78.479610
94.900000	 -78.479611
94.950000	 -78.479612
95.000000	 -78.479613
95.050000	 -78.479614
95.100000	 -78.479615
95.150000	 -78.479616
95.200000	 -78.479616
95.250000	 -78.479617
95.300000	 -78.479618
95.350000	 -78.479618
95.400000	 -78.479619
95.450000	 -78.479619
95.500000	 -78.479620
95.550000	 -78.479620
95.600000	 -78.479620
95.650000	 -78.479621
95.700000	 -78.479621
95.750000	 -78.479621
95.800000	 -78.479621
95.850000	 -78.479621
95.900000	 -78.479622
95.950000	 -78.479622
96.000000	 -78.479622
96.050000	 -78.479621
96.100000	 -78.479621
96.150000	 -78.479621
96.200000	 -78.479621
96.250000	 -78.479621
96.300000	 -78.479621
96.350000	 -78.479620
96.400000	 -78.479620
96.450000	 -78.479620
96.500000	 -78.479619
96.550000	 -78.479619
96.600000	 -78.479618
96.650000	 -78.479618
96.700000	 -78.479617
96.750000	 -78.479616
96.800000	 -78.479616
96.850000	 -78.479615
96.900000	 -78.479614
96.950000	 -78.479613
97.000000	 -78.479612
97.050000	 -78.479611
97.100000	 -78.479611
97.150000	 -78.479610
97.200000	 -78.479609
97.250000	 -78.479607
97.300000	 -78.479606
97.350000	 -78.479605
97.400000	 -78.479604
97.450000	 -78.479603
97.500000	 -78.479602
97.550000	 -78.479600
97.600000	 -78.479599
97.650000	 -78.479597
97.700000	 -78.479596
97.750000	 -78.479595
97.800000	 -78.479593
97.850000	 -78.479592
97.900000	 -78.479590
97.950000	 -78.479588
98.000000	 -78.479587
98.050000	 -78.479585
98.100000	 -78.479583
98.150000	 -78.479581
98.200000	 -78.479580
98.250000	 -78.479578
98.300000	 -78.479576
98.350000	 -78.479574
98.400000	 -78.479572
98.450000	 -78.479570
98.500000	 -78.479568
98.550000	 -78.479566
98.600000	 -78.479564
98.650000	 -78.479561
98.700000	 -78.479559
98.750000	 -78.479557
98.800000	 -78.479555
98.850000	 -78.479552
98.900000	 -78.479550
98.950000	 -78.479548
99.000000	 -78.479545
99.050000	 -78.479543
99.100000	 -78.479540
99.150000	 -78.479538
99.200000	 -78.479535
99.250000	 -78.479533
99.300000	 -78.479530
99.350000	 -78.479527
99.400000	 -78.479525
99.450000	 -78.479522
99.500000	 -78.479519
99.550000	 -78.479516
99.600000	 -78.479513
99.650000	 -78.479510
99.700000	 -78.479507
99.750000	 -78.479504
99.800000	 -78.479501
99.850000	 -78.479498
99.900000	 -78.479495
99.950000	 -78.479492
100.000000	 -78.479489
