0.000000	 -78.470234
0.050000	 -78.470234
0.100000	 -78.470234
0.150000	 -78.470234
0.200000	 -78.470234
0.250000	 -78.470234
0.300000	 -78.470234
0.350000	 -78.470234
0.400000	 -78.470234
0.450000	 -78.470234
0.500000	 -78.470234
0.550000	 -78.470234
0.600000	 -78.470234
0.650000	 -78.470234
0.700000	 -78.470234
0.750000	 -78.470234
0.800000	 -78.470234
0.850000	 -78.470234
0.900000	 -78.470234
0.950000	 -78.470234
1.000000	 -78.470234
1.050000	 -78.470234
1.100000	 -78.470234
1.150000	 -78.470234
1.200000	 -78.470234
1.250000	 -78.470234
1.300000	 -78.470234
1.350000	 -78.470234
1.400000	 -78.470234
1.450000	 -78.470234
1.500000	 -78.470234
1.550000	 -78.470234
1.600000	 -78.470234
1.650000	 -78.470234
1.700000	 -78.470234
1.750000	 -78.470234
1.800000	 -78.470234
1.850000	 -78.470234
1.900000	 -78.470234
1.950000	 -78.470234
2.000000	 -78.470234
2.050000	 -78.470234
2.100000	 -78.470234
2.150000	 -78.470234
2.200000	 -78.470234
2.250000	 -78.470234
2.300000	 -78.470234
2.350000	 -78.470234
2.400000	 -78.470234
2.450000	 -78.470234
2.500000	 -78.470234
2.550000	 -78.470234
2.600000	 -78.470234
2.650000	 -78.470234
2.700000	 -78.470234
2.750000	 -78.470234
2.800000	 -78.470234
2.850000	 -78.470234
2.900000	 -78.470234
2.950000	 -78.470234
3.000000	 -78.470234
3.050000	 -78.470234
3.100000	 -78.470234
3.150000	 -78.470234
3.200000	 -78.470235
3.250000	 -78.470235
3.300000	 -78.470235
3.350000	 -78.470235
3.400000	 -78.470235
3.450000	 -78.470235
3.500000	 -78.470235
3.550000	 -78.470235
3.600000	 -78.470235
3.650000	 -78.470235
3.700000	 -78.470235
3.750000	 -78.470235
3.800000	 -78.470235
3.850000	 -78.470235
3.900000	 -78.470235
3.950000	 -78.470235
4.000000	 -78.470235
4.050000	 -78.470235
4.100000	 -78.470235
4.150000	 -78.470235
4.200000	 -78.470235
4.250000	 -78.470235
4.300000	 -78.470235
4.350000	 -78.470235
4.400000	 -78.470235
4.450000	 -78.470235
4.500000	 -78.470235
4.550000	 -78.470235
4.600000	 -78.470235
4.650000	 -78.470235
4.700000	 -78.470235
4.750000	 -78.470235
4.800000	 -78.470235
4.850000	 -78.470235
4.900000	 -78.470235
4.950000	 -78.470235
5.000000	 -78.470235
5.050000	 -78.470235
5.100000	 -78.470235
5.150000	 -78.470234
5.200000	 -78.470231
5.250000	 -78.470226
5.300000	 -78.470214
5.350000	 -78.470193
5.400000	 -78.470159
5.450000	 -78.470107
5.500000	 -78.470033
5.550000	 -78.469930
5.600000	 -78.469793
5.650000	 -78.469618
5.700000	 -78.469398
5.750000	 -78.469129
5.800000	 -78.468807
5.850000	 -78.468426
5.900000	 -78.467984
5.950000	 -78.467475
6.000000	 -78.466898
6.050000	 -78.466250
6.100000	 -78.465528
6.150000	 -78.464730
6.200000	 -78.463854
6.250000	 -78.462900
6.300000	 -78.461867
6.350000	 -78.460753
6.400000	 -78.459560
6.450000	 -78.458285
6.500000	 -78.456931
6.550000	 -78.455498
6.600000	 -78.453985
6.650000	 -78.452394
6.700000	 -78.450727
6.750000	 -78.448983
6.800000	 -78.447165
6.850000	 -78.445275
6.900000	 -78.443312
6.950000	 -78.441280
7.000000	 -78.439180
7.050000	 -78.437014
7.100000	 -78.434783
7.150000	 -78.432489
7.200000	 -78.430135
7.250000	 -78.427723
7.300000	 -78.425254
7.350000	 -78.422730
7.400000	 -78.420153
7.450000	 -78.417526
7.500000	 -78.414850
7.550000	 -78.412127
7.600000	 -78.409360
7.650000	 -78.406549
7.700000	 -78.403698
7.750000	 -78.400808
7.800000	 -78.397881
7.850000	 -78.394918
7.900000	 -78.391922
7.950000	 -78.388894
8.000000	 -78.385837
8.050000	 -78.382751
8.100000	 -78.379639
8.150000	 -78.376502
8.200000	 -78.373341
8.250000	 -78.370159
8.300000	 -78.366957
8.350000	 -78.363737
8.400000	 -78.360499
8.450000	 -78.357246
8.500000	 -78.353978
8.550000	 -78.350698
8.600000	 -78.347406
8.650000	 -78.344104
8.700000	 -78.340793
8.750000	 -78.337475
8.800000	 -78.334150
8.850000	 -78.330820
8.900000	 -78.327485
8.950000	 -78.324148
9.000000	 -78.320809
9.050000	 -78.317469
9.100000	 -78.314129
9.150000	 -78.310790
9.200000	 -78.307453
9.250000	 -78.304120
9.300000	 -78.300791
9.350000	 -78.297467
9.400000	 -78.294148
9.450000	 -78.290837
9.500000	 -78.287533
9.550000	 -78.284237
9.600000	 -78.280950
9.650000	 -78.277674
9.700000	 -78.274408
9.750000	 -78.271153
9.800000	 -78.267911
9.850000	 -78.264681
9.900000	 -78.261465
9.950000	 -78.258263
10.000000	 -78.255075
10.050000	 -78.251903
10.100000	 -78.248747
10.150000	 -78.245607
10.200000	 -78.242484
10.250000	 -78.239379
10.300000	 -78.236291
10.350000	 -78.233223
10.400000	 -78.230173
10.450000	 -78.227143
10.500000	 -78.224132
10.550000	 -78.221143
10.600000	 -78.218173
10.650000	 -78.215225
10.700000	 -78.212299
10.750000	 -78.209395
10.800000	 -78.206513
10.850000	 -78.203653
10.900000	 -78.200817
10.950000	 -78.198004
11.000000	 -78.195214
11.050000	 -78.192448
11.100000	 -78.189707
11.150000	 -78.186989
11.200000	 -78.184297
11.250000	 -78.181629
11.300000	 -78.178987
11.350000	 -78.176370
11.400000	 -78.173778
11.450000	 -78.171212
11.500000	 -78.168672
11.550000	 -78.166158
11.600000	 -78.163670
11.650000	 -78.161208
11.700000	 -78.158773
11.750000	 -78.156364
11.800000	 -78.153982
11.850000	 -78.151627
11.900000	 -78.149299
11.950000	 -78.146997
12.000000	 -78.144723
12.050000	 -78.142476
12.100000	 -78.140255
12.150000	 -78.138062
12.200000	 -78.135896
12.250000	 -78.133757
12.300000	 -78.131645
12.350000	 -78.129561
12.400000	 -78.127503
12.450000	 -78.125473
12.500000	 -78.123470
12.550000	 -78.121493
12.600000	 -78.119544
12.650000	 -78.117622
12.700000	 -78.115727
12.750000	 -78.113859
12.800000	 -78.112017
12.850000	 -78.110202
12.900000	 -78.108414
12.950000	 -78.106653
13.000000	 -78.104918
13.050000	 -78.103209
13.100000	 -78.101526
13.150000	 -78.099870
13.200000	 -78.098240
13.250000	 -78.096635
13.300000	 -78.095057
13.350000	 -78.093504
13.400000	 -78.091977
13.450000	 -78.090475
13.500000	 -78.088998
13.550000	 -78.087546
13.600000	 -78.086119
13.650000	 -78.084717
13.700000	 -78.083340
13.750000	 -78.081987
13.800000	 -78.080659
13.850000	 -78.079354
13.900000	 -78.078074
13.950000	 -78.076817
14.000000	 -78.075584
14.050000	 -78.074374
14.100000	 -78.073188
14.150000	 -78.072025
14.200000	 -78.070884
14.250000	 -78.069767
14.300000	 -78.068671
14.350000	 -78.067598
14.400000	 -78.066548
14.450000	 -78.065519
14.500000	 -78.064511
14.550000	 -78.063526
14.600000	 -78.062562
14.650000	 -78.061618
14.700000	 -78.060696
14.750000	 -78.059795
14.800000	 -78.058914
14.850000	 -78.058053
14.900000	 -78.057213
14.950000	 -78.056392
15.000000	 -78.055591
15.050000	 -78.054810
15.100000	 -78.054048
15.150000	 -78.053305
15.200000	 -78.052581
15.250000	 -78.051876
15.300000	 -78.051189
15.350000	 -78.050521
15.400000	 -78.049871
15.450000	 -78.049238
15.500000	 -78.048624
15.550000	 -78.048026
15.600000	 -78.047447
15.650000	 -78.046884
15.700000	 -78.046338
15.750000	 -78.045809
15.800000	 -78.045296
15.850000	 -78.044800
15.900000	 -78.044320
15.950000	 -78.043855
16.000000	 -78.043407
16.050000	 -78.042974
16.100000	 -78.042556
16.150000	 -78.042154
16.200000	 -78.041766
16.250000	 -78.041393
16.300000	 -78.041035
16.350000	 -78.040692
16.400000	 -78.040362
16.450000	 -78.040047
16.500000	 -78.039745
16.550000	 -78.039457
16.600000	 -78.039182
16.650000	 -78.038921
16.700000	 -78.038673
16.750000	 -78.038438
16.800000	 -78.038216
16.850000	 -78.038006
16.900000	 -78.037809
16.950000	 -78.037624
17.000000	 -78.037451
17.050000	 -78.037291
17.100000	 -78.037142
17.150000	 -78.037004
17.200000	 -78.036878
17.250000	 -78.036763
17.300000	 -78.036660
17.350000	 -78.036567
17.400000	 -78.036485
17.450000	 -78.036414
17.500000	 -78.036354
17.550000	 -78.036304
17.600000	 -78.036264
17.650000	 -78.036234
17.700000	 -78.036214
17.750000	 -78.036203
17.800000	 -78.036203
17.850000	 -78.036212
17.900000	 -78.036230
17.950000	 -78.036257
18.000000	 -78.036294
18.050000	 -78.036340
18.100000	 -78.036394
18.150000	 -78.036457
18.200000	 -78.036528
18.250000	 -78.036608
18.300000	 -78.036697
18.350000	 -78.036793
18.400000	 -78.036898
18.450000	 -78.037010
18.500000	 -78.037130
18.550000	 -78.037258
18.600000	 -78.037393
18.650000	 -78.037536
18.700000	 -78.037687
18.750000	 -78.037844
18.800000	 -78.038009
18.850000	 -78.038180
18.900000	 -78.038358
18.950000	 -78.038544
19.000000	 -78.038735
19.050000	 -78.038934
19.100000	 -78.039139
19.150000	 -78.039350
19.200000	 -78.039568
19.250000	 -78.039791
19.300000	 -78.040021
19.350000	 -78.040257
19.400000	 -78.040498
19.450000	 -78.040745
19.500000	 -78.040998
19.550000	 -78.041257
19.600000	 -78.041521
19.650000	 -78.041790
19.700000	 -78.042065
19.750000	 -78.042345
19.800000	 -78.042630
19.850000	 -78.042921
19.900000	 -78.043216
19.950000	 -78.043516
20.000000	 -78.043821
20.050000	 -78.044131
20.100000	 -78.044445
20.150000	 -78.044764
20.200000	 -78.045087
20.250000	 -78.045415
20.300000	 -78.045748
20.350000	 -78.046084
20.400000	 -78.046425
20.450000	 -78.046770
20.500000	 -78.047119
20.550000	 -78.047472
20.600000	 -78.047829
20.650000	 -78.048189
20.700000	 -78.048554
20.750000	 -78.048922
20.800000	 -78.049294
20.850000	 -78.049670
20.900000	 -78.050049
20.950000	 -78.050432
21.000000	 -78.050818
21.050000	 -78.051207
21.100000	 -78.051600
21.150000	 -78.051996
21.200000	 -78.052396
21.250000	 -78.052798
21.300000	 -78.053204
21.350000	 -78.053612
21.400000	 -78.054024
21.450000	 -78.054439
21.500000	 -78.054856
21.550000	 -78.055276
21.600000	 -78.055700
21.650000	 -78.056125
21.700000	 -78.056554
21.750000	 -78.056985
21.800000	 -78.057419
21.850000	 -78.057855
21.900000	 -78.058294
21.950000	 -78.058736
22.000000	 -78.059180
22.050000	 -78.059626
22.100000	 -78.060074
22.150000	 -78.060525
22.200000	 -78.060978
22.250000	 -78.061434
22.300000	 -78.061891
22.350000	 -78.062351
22.400000	 -78.062813
22.450000	 -78.063277
22.500000	 -78.063743
22.550000	 -78.064211
22.600000	 -78.064680
22.650000	 -78.065152
22.700000	 -78.065626
22.750000	 -78.066102
22.800000	 -78.066579
22.850000	 -78.067058
22.900000	 -78.067539
22.950000	 -78.068022
23.000000	 -78.068507
23.050000	 -78.068993
23.100000	 -78.069481
23.150000	 -78.069970
23.200000	 -78.070461
23.250000	 -78.070954
23.300000	 -78.071448
23.350000	 -78.071944
23.400000	 -78.072441
23.450000	 -78.072939
23.500000	 -78.073439
23.550000	 -78.073941
23.600000	 -78.074443
23.650000	 -78.074948
23.700000	 -78.075453
23.750000	 -78.075960
23.800000	 -78.076468
23.850000	 -78.076977
23.900000	 -78.077488
23.950000	 -78.078000
24.000000	 -78.078513
24.050000	 -78.079027
24.100000	 -78.079542
24.150000	 -78.080059
24.200000	 -78.080576
24.250000	 -78.081095
24.300000	 -78.081614
24.350000	 -78.082135
24.400000	 -78.082657
24.450000	 -78.083180
24.500000	 -78.083704
24.550000	 -78.084228
24.600000	 -78.084754
24.650000	 -78.085281
24.700000	 -78.085809
24.750000	 -78.086337
24.800000	 -78.086867
24.850000	 -78.087397
24.900000	 -78.087928
24.950000	 -78.088460
25.000000	 -78.088993
25.050000	 -78.089527
25.100000	 -78.090061
25.150000	 -78.090596
25.200000	 -78.091132
25.250000	 -78.091669
25.300000	 -78.092207
25.350000	 -78.092745
25.400000	 -78.093285
25.450000	 -78.093825
25.500000	 -78.094366
25.550000	 -78.094907
25.600000	 -78.095450
25.650000	 -78.095993
25.700000	 -78.096537
25.750000	 -78.097081
25.800000	 -78.097627
25.850000	 -78.098173
25.900000	 -78.098720
25.950000	 -78.099267
26.000000	 -78.099815
26.050000	 -78.100364
26.100000	 -78.100914
26.150000	 -78.101464
26.200000	 -78.102014
26.250000	 -78.102566
26.300000	 -78.103118
26.350000	 -78.103670
26.400000	 -78.104223
26.450000	 -78.104776
26.500000	 -78.105330
26.550000	 -78.105885
26.600000	 -78.106440
26.650000	 -78.106995
26.700000	 -78.107551
26.750000	 -78.108107
26.800000	 -78.108664
26.850000	 -78.109221
26.900000	 -78.109779
26.950000	 -78.110337
27.000000	 -78.110895
27.050000	 -78.111454
27.100000	 -78.112013
27.150000	 -78.112573
27.200000	 -78.113133
27.250000	 -78.113693
27.300000	 -78.114253
27.350000	 -78.114814
27.400000	 -78.115375
27.450000	 -78.115937
27.500000	 -78.116499
27.550000	 -78.117061
27.600000	 -78.117623
27.650000	 -78.118186
27.700000	 -78.118749
27.750000	 -78.119312
27.800000	 -78.119875
27.850000	 -78.120439
27.900000	 -78.121003
27.950000	 -78.121567
28.000000	 -78.122132
28.050000	 -78.122696
28.100000	 -78.123261
28.150000	 -78.123826
28.200000	 -78.124391
28.250000	 -78.124957
28.300000	 -78.125522
28.350000	 -78.126088
28.400000	 -78.126654
28.450000	 -78.127220
28.500000	 -78.127787
28.550000	 -78.128353
28.600000	 -78.128920
28.650000	 -78.129487
28.700000	 -78.130054
28.750000	 -78.130621
28.800000	 -78.131188
28.850000	 -78.131755
28.900000	 -78.132323
28.950000	 -78.132891
29.000000	 -78.133458
29.050000	 -78.134026
29.100000	 -78.134594
29.150000	 -78.135162
29.200000	 -78.135730
29.250000	 -78.136299
29.300000	 -78.136867
29.350000	 -78.137436
29.400000	 -78.138004
29.450000	 -78.138573
29.500000	 -78.139141
29.550000	 -78.139710
29.600000	 -78.140279
29.650000	 -78.140848
29.700000	 -78.141417
29.750000	 -78.141986
29.800000	 -78.142555
29.850000	 -78.143124
29.900000	 -78.143694
29.950000	 -78.144263
30.000000	 -78.144832
30.050000	 -78.145402
30.100000	 -78.145971
30.150000	 -78.146540
30.200000	 -78.147110
30.250000	 -78.147679
30.300000	 -78.148249
30.350000	 -78.148818
30.400000	 -78.149388
30.450000	 -78.149958
30.500000	 -78.150527
30.550000	 -78.151097
30.600000	 -78.151666
30.650000	 -78.152236
30.700000	 -78.152806
30.750000	 -78.153375
30.800000	 -78.153945
30.850000	 -78.154514
30.900000	 -78.155084
30.950000	 -78.155653
31.000000	 -78.156223
31.050000	 -78.156792
31.100000	 -78.157362
31.150000	 -78.157931
31.200000	 -78.158501
31.250000	 -78.159070
31.300000	 -78.159640
31.350000	 -78.160209
31.400000	 -78.160778
31.450000	 -78.161348
31.500000	 -78.161917
31.550000	 -78.162486
31.600000	 -78.163055
31.650000	 -78.163624
31.700000	 -78.164193
31.750000	 -78.164762
31.800000	 -78.165331
31.850000	 -78.165900
31.900000	 -78.166469
31.950000	 -78.167038
32.000000	 -78.167606
32.050000	 -78.168175
32.100000	 -78.168743
32.150000	 -78.169312
32.200000	 -78.169880
32.250000	 -78.170448
32.300000	 -78.171017
32.350000	 -78.171585
32.400000	 -78.172153
32.450000	 -78.172721
32.500000	 -78.173289
32.550000	 -78.173856
32.600000	 -78.174424
32.650000	 -78.174991
32.700000	 -78.175559
32.750000	 -78.176126
32.800000	 -78.176694
32.850000	 -78.177261
32.900000	 -78.177828
32.950000	 -78.178395
33.000000	 -78.178961
33.050000	 -78.179528
33.100000	 -78.180095
33.150000	 -78.180661
33.200000	 -78.181228
33.250000	 -78.181794
33.300000	 -78.182360
33.350000	 -78.182926
33.400000	 -78.183492
33.450000	 -78.184057
33.500000	 -78.184623
33.550000	 -78.185188
33.600000	 -78.185753
33.650000	 -78.186319
33.700000	 -78.186884
33.750000	 -78.187448
33.800000	 -78.188013
33.850000	 -78.188578
33.900000	 -78.189142
33.950000	 -78.189706
34.000000	 -78.190270
34.050000	 -78.190834
34.100000	 -78.191398
34.150000	 -78.191962
34.200000	 -78.192525
34.250000	 -78.193088
34.300000	 -78.193651
34.350000	 -78.194214
34.400000	 -78.194777
34.450000	 -78.195340
34.500000	 -78.195902
34.550000	 -78.196464
34.600000	 -78.197026
34.650000	 -78.197588
34.700000	 -78.198150
34.750000	 -78.198711
34.800000	 -78.199272
34.850000	 -78.199833
34.900000	 -78.200394
34.950000	 -78.200955
35.000000	 -78.201516
35.050000	 -78.202076
35.100000	 -78.202636
35.150000	 -78.203196
35.200000	 -78.203756
35.250000	 -78.204315
35.300000	 -78.204874
35.350000	 -78.205433
35.400000	 -78.205992
35.450000	 -78.206551
35.500000	 -78.207109
35.550000	 -78.207668
35.600000	 -78.208226
35.650000	 -78.208783
35.700000	 -78.209341
35.750000	 -78.209898
35.800000	 -78.210455
35.850000	 -78.211012
35.900000	 -78.211569
35.950000	 -78.212125
36.000000	 -78.212681
36.050000	 -78.213237
36.100000	 -78.213793
36.150000	 -78.214348
36.200000	 -78.214904
36.250000	 -78.215458
36.300000	 -78.216013
36.350000	 -78.216568
36.400000	 -78.217122
36.450000	 -78.217676
36.500000	 -78.218229
36.550000	 -78.218783
36.600000	 -78.219336
36.650000	 -78.219889
36.700000	 -78.220442
36.750000	 -78.220994
36.800000	 -78.221546
36.850000	 -78.222098
36.900000	 -78.222650
36.950000	 -78.223201
37.000000	 -78.223752
37.050000	 -78.224303
37.100000	 -78.224853
37.150000	 -78.225403
37.200000	 -78.225953
37.250000	 -78.226503
37.300000	 -78.227052
37.350000	 -78.227602
37.400000	 -78.228150
37.450000	 -78.228699
37.500000	 -78.229247
37.550000	 -78.229795
37.600000	 -78.230343
37.650000	 -78.230890
37.700000	 -78.231437
37.750000	 -78.231984
37.800000	 -78.232530
37.850000	 -78.233076
37.900000	 -78.233622
37.950000	 -78.234168
38.000000	 -78.234713
38.050000	 -78.235258
38.100000	 -78.235802
38.150000	 -78.236347
38.200000	 -78.236891
38.250000	 -78.237434
38.300000	 -78.237978
38.350000	 -78.238521
38.400000	 -78.239063
38.450000	 -78.239606
38.500000	 -78.240148
38.550000	 -78.240689
38.600000	 -78.241231
38.650000	 -78.241772
38.700000	 -78.242312
38.750000	 -78.242853
38.800000	 -78.243393
38.850000	 -78.243933
38.900000	 -78.244472
38.950000	 -78.245011
39.000000	 -78.245550
39.050000	 -78.246088
39.100000	 -78.246626
39.150000	 -78.247164
39.200000	 -78.247701
39.250000	 -78.248238
39.300000	 -78.248774
39.350000	 -78.249311
39.400000	 -78.249847
39.450000	 -78.250382
39.500000	 -78.250917
39.550000	 -78.251452
39.600000	 -78.251986
39.650000	 -78.252521
39.700000	 -78.253054
39.750000	 -78.253588
39.800000	 -78.254121
39.850000	 -78.254653
39.900000	 -78.255185
39.950000	 -78.255717
40.000000	 -78.256249
40.050000	 -78.256780
40.100000	 -78.257311
40.150000	 -78.257841
40.200000	 -78.258371
40.250000	 -78.258901
40.300000	 -78.259430
40.350000	 -78.259959
40.400000	 -78.260487
40.450000	 -78.261015
40.500000	 -78.261543
40.550000	 -78.262070
40.600000	 -78.262597
40.650000	 -78.263123
40.700000	 -78.263649
40.750000	 -78.264175
40.800000	 -78.264700
40.850000	 -78.265225
40.900000	 -78.265750
40.950000	 -78.266274
41.000000	 -78.266798
41.050000	 -78.267321
41.100000	 -78.267844
41.150000	 -78.268366
41.200000	 -78.268888
41.250000	 -78.269410
41.300000	 -78.269931
41.350000	 -78.270452
41.400000	 -78.270972
41.450000	 -78.271492
41.500000	 -78.272012
41.550000	 -78.272531
41.600000	 -78.273049
41.650000	 -78.273568
41.700000	 -78.274086
41.750000	 -78.274603
41.800000	 -78.275120
41.850000	 -78.275637
41.900000	 -78.276153
41.950000	 -78.276668
42.000000	 -78.277184
42.050000	 -78.277698
42.100000	 -78.278213
42.150000	 -78.278727
42.200000	 -78.279240
42.250000	 -78.279753
42.300000	 -78.280266
42.350000	 -78.280778
42.400000	 -78.281290
42.450000	 -78.281801
42.500000	 -78.282312
42.550000	 -78.282823
42.600000	 -78.283332
42.650000	 -78.283842
42.700000	 -78.284351
42.750000	 -78.284860
42.800000	 -78.285368
42.850000	 -78.285875
42.900000	 -78.286383
42.950000	 -78.286889
43.000000	 -78.287396
43.050000	 -78.287902
43.100000	 -78.288407
43.150000	 -78.288912
43.200000	 -78.289416
43.250000	 -78.289920
43.300000	 -78.290424
43.350000	 -78.290927
43.400000	 -78.291429
43.450000	 -78.291932
43.500000	 -78.292433
43.550000	 -78.292934
43.600000	 -78.293435
43.650000	 -78.293935
43.700000	 -78.294435
43.750000	 -78.294934
43.800000	 -78.295433
43.850000	 -78.295931
43.900000	 -78.296429
43.950000	 -78.296926
44.000000	 -78.297423
44.050000	 -78.297920
44.100000	 -78.298415
44.150000	 -78.298911
44.200000	 -78.299406
44.250000	 -78.299900
44.300000	 -78.300394
44.350000	 -78.300887
44.400000	 -78.301380
44.450000	 -78.301873
44.500000	 -78.302365
44.550000	 -78.302856
44.600000	 -78.303347
44.650000	 -78.303837
44.700000	 -78.304327
44.750000	 -78.304817
44.800000	 -78.305306
44.850000	 -78.305794
44.900000	 -78.306282
44.950000	 -78.306769
45.000000	 -78.307256
45.050000	 -78.307743
45.100000	 -78.308229
45.150000	 -78.308714
45.200000	 -78.309199
45.250000	 -78.309683
45.300000	 -78.310167
45.350000	 -78.310650
45.400000	 -78.311133
45.450000	 -78.311615
45.500000	 -78.312097
45.550000	 -78.312578
45.600000	 -78.313059
45.650000	 -78.313539
45.700000	 -78.314019
45.750000	 -78.314498
45.800000	 -78.314977
45.850000	 -78.315455
45.900000	 -78.315932
45.950000	 -78.316409
46.000000	 -78.316886
46.050000	 -78.317362
46.100000	 -78.317837
46.150000	 -78.318312
46.200000	 -78.318787
46.250000	 -78.319261
46.300000	 -78.319734
46.350000	 -78.320207
46.400000	 -78.320679
46.450000	 -78.321151
46.500000	 -78.321622
46.550000	 -78.322093
46.600000	 -78.322563
46.650000	 -78.323032
46.700000	 -78.323501
46.750000	 -78.323970
46.800000	 -78.324438
46.850000	 -78.324905
46.900000	 -78.325372
46.950000	 -78.325839
47.000000	 -78.326304
47.050000	 -78.326770
47.100000	 -78.327234
47.150000	 -78.327698
47.200000	 -78.328162
47.250000	 -78.328625
47.300000	 -78.329088
47.350000	 -78.329549
47.400000	 -78.330011
47.450000	 -78.330472
47.500000	 -78.330932
47.550000	 -78.331392
47.600000	 -78.331851
47.650000	 -78.332309
47.700000	 -78.332768
47.750000	 -78.333225
47.800000	 -78.333682
47.850000	 -78.334138
47.900000	 -78.334594
47.950000	 -78.335049
48.000000	 -78.335504
48.050000	 -78.335958
48.100000	 -78.336412
48.150000	 -78.336865
48.200000	 -78.337317
48.250000	 -78.337769
48.300000	 -78.338220
48.350000	 -78.338671
48.400000	 -78.339121
48.450000	 -78.339571
48.500000	 -78.340020
48.550000	 -78.340468
48.600000	 -78.340916
48.650000	 -78.341364
48.700000	 -78.341810
48.750000	 -78.342257
48.800000	 -78.342702
48.850000	 -78.343147
48.900000	 -78.343592
48.950000	 -78.344036
49.000000	 -78.344479
49.050000	 -78.344922
49.100000	 -78.345364
49.150000	 -78.345805
49.200000	 -78.346246
49.250000	 -78.346687
49.300000	 -78.347127
49.350000	 -78.347566
49.400000	 -78.348004
49.450000	 -78.348443
49.500000	 -78.348880
49.550000	 -78.349317
49.600000	 -78.349753
49.650000	 -78.350189
49.700000	 -78.350624
49.750000	 -78.351059
49.800000	 -78.351493
49.850000	 -78.351926
49.900000	 -78.352359
49.950000	 -78.352791
50.000000	 -78.353223
50.050000	 -78.353654
50.100000	 -78.354084
50.150000	 -78.354514
50.200000	 -78.354944
50.250000	 -78.355372
50.300000	 -78.355800
50.350000	 -78.356228
50.400000	 -78.356655
50.450000	 -78.357081
50.500000	 -78.357507
50.550000	 -78.357932
50.600000	 -78.358357
50.650000	 -78.358781
50.700000	 -78.359204
50.750000	 -78.359627
50.800000	 -78.360049
50.850000	 -78.360470
50.900000	 -78.360891
50.950000	 -78.361312
51.000000	 -78.361732
51.050000	 -78.362151
51.100000	 -78.362569
51.150000	 -78.362987
51.200000	 -78.363405
51.250000	 -78.363821
51.300000	 -78.364238
51.350000	 -78.364653
51.400000	 -78.365068
51.450000	 -78.365482
51.500000	 -78.365896
51.550000	 -78.366309
51.600000	 -78.366722
51.650000	 -78.367134
51.700000	 -78.367545
51.750000	 -78.367956
51.800000	 -78.368366
51.850000	 -78.368775
51.900000	 -78.369184
51.950000	 -78.369593
52.000000	 -78.370000
52.050000	 -78.370408
52.100000	 -78.370814
52.150000	 -78.371220
52.200000	 -78.371625
52.250000	 -78.372030
52.300000	 -78.372434
52.350000	 -78.372837
52.400000	 -78.373240
52.450000	 -78.373642
52.500000	 -78.374044
52.550000	 -78.374445
52.600000	 -78.374845
52.650000	 -78.375245
52.700000	 -78.375644
52.750000	 -78.376043
52.800000	 -78.376441
52.850000	 -78.376838
52.900000	 -78.377235
52.950000	 -78.377631
53.000000	 -78.378026
53.050000	 -78.378421
53.100000	 -78.378815
53.150000	 -78.379209
53.200000	 -78.379602
53.250000	 -78.379994
53.300000	 -78.380386
53.350000	 -78.380777
53.400000	 -78.381168
53.450000	 -78.381558
53.500000	 -78.381947
53.550000	 -78.382336
53.600000	 -78.382724
53.650000	 -78.383111
53.700000	 -78.383498
53.750000	 -78.383884
53.800000	 -78.384270
53.850000	 -78.384655
53.900000	 -78.385039
53.950000	 -78.385423
54.000000	 -78.385806
54.050000	 -78.386189
54.100000	 -78.386571
54.150000	 -78.386952
54.200000	 -78.387332
54.250000	 -78.387712
54.300000	 -78.388092
54.350000	 -78.388471
54.400000	 -78.388849
54.450000	 -78.389226
54.500000	 -78.389603
54.550000	 -78.389980
54.600000	 -78.390355
54.650000	 -78.390730
54.700000	 -78.391105
54.750000	 -78.391478
54.800000	 -78.391852
54.850000	 -78.392224
54.900000	 -78.392596
54.950000	 -78.392967
55.000000	 -78.393338
55.050000	 -78.393708
55.100000	 -78.394078
55.150000	 -78.394446
55.200000	 -78.394815
55.250000	 -78.395182
55.300000	 -78.395549
55.350000	 -78.395915
55.400000	 -78.396281
55.450000	 -78.396646
55.500000	 -78.397011
55.550000	 -78.397374
55.600000	 -78.397738
55.650000	 -78.398100
55.700000	 -78.398462
55.750000	 -78.398823
55.800000	 -78.399184
55.850000	 -78.399544
55.900000	 -78.399904
55.950000	 -78.400262
56.000000	 -78.400621
56.050000	 -78.400978
56.100000	 -78.401335
56.150000	 -78.401691
56.200000	 -78.402047
56.250000	 -78.402402
56.300000	 -78.402756
56.350000	 -78.403110
56.400000	 -78.403463
56.450000	 -78.403816
56.500000	 -78.404168
56.550000	 -78.404519
56.600000	 -78.404870
56.650000	 -78.405220
56.700000	 -78.405569
56.750000	 -78.405918
56.800000	 -78.406266
56.850000	 -78.406614
56.900000	 -78.406961
56.950000	 -78.407307
57.000000	 -78.407653
57.050000	 -78.407998
57.100000	 -78.408342
57.150000	 -78.408686
57.200000	 -78.409029
57.250000	 -78.409371
57.300000	 -78.409713
57.350000	 -78.410055
57.400000	 -78.410395
57.450000	 -78.410735
57.500000	 -78.411075
57.550000	 -78.411413
57.600000	 -78.411751
57.650000	 -78.412089
57.700000	 -78.412426
57.750000	 -78.412762
57.800000	 -78.413098
57.850000	 -78.413433
57.900000	 -78.413767
57.950000	 -78.414101
58.000000	 -78.414434
58.050000	 -78.414766
58.100000	 -78.415098
58.150000	 -78.415429
58.200000	 -78.415760
58.250000	 -78.416090
58.300000	 -78.416419
58.350000	 -78.416748
58.400000	 -78.417076
58.450000	 -78.417404
58.500000	 -78.417731
58.550000	 -78.418057
58.600000	 -78.418382
58.650000	 -78.418707
58.700000	 -78.419032
58.750000	 -78.419355
58.800000	 -78.419678
58.850000	 -78.420001
58.900000	 -78.420323
58.950000	 -78.420644
59.000000	 -78.420965
59.050000	 -78.421284
59.100000	 -78.421604
59.150000	 -78.421923
59.200000	 -78.422241
59.250000	 -78.422558
59.300000	 -78.422875
59.350000	 -78.423191
59.400000	 -78.423507
59.450000	 -78.423822
59.500000	 -78.424136
59.550000	 -78.424450
59.600000	 -78.424763
59.650000	 -78.425075
59.700000	 -78.425387
59.750000	 -78.425698
59.800000	 -78.426009
59.850000	 -78.426319
59.900000	 -78.426628
59.950000	 -78.426937
60.000000	 -78.427245
60.050000	 -78.427553
60.100000	 -78.427860
60.150000	 -78.428166
60.200000	 -78.428471
60.250000	 -78.428776
60.300000	 -78.429081
60.350000	 -78.429385
60.400000	 -78.429688
60.450000	 -78.429990
60.500000	 -78.430292
60.550000	 -78.430593
60.600000	 -78.430894
60.650000	 -78.431194
60.700000	 -78.431493
60.750000	 -78.431792
60.800000	 -78.432090
60.850000	 -78.432388
60.900000	 -78.432685
60.950000	 -78.432981
61.000000	 -78.433277
61.050000	 -78.433572
61.100000	 -78.433867
61.150000	 -78.434160
61.200000	 -78.434454
61.250000	 -78.434746
61.300000	 -78.435038
61.350000	 -78.435330
61.400000	 -78.435620
61.450000	 -78.435910
61.500000	 -78.436200
61.550000	 -78.436489
61.600000	 -78.436777
61.650000	 -78.437065
61.700000	 -78.437352
61.750000	 -78.437638
61.800000	 -78.437924
61.850000	 -78.438209
61.900000	 -78.438494
61.950000	 -78.438778
62.000000	 -78.439061
62.050000	 -78.439344
62.100000	 -78.439626
62.150000	 -78.439908
62.200000	 -78.440189
62.250000	 -78.440469
62.300000	 -78.440749
62.350000	 -78.441028
62.400000	 -78.441306
62.450000	 -78.441584
62.500000	 -78.441861
62.550000	 -78.442138
62.600000	 -78.442414
62.650000	 -78.442690
62.700000	 -78.442964
62.750000	 -78.443239
62.800000	 -78.443512
62.850000	 -78.443785
62.900000	 -78.444057
62.950000	 -78.444329
63.000000	 -78.444600
63.050000	 -78.444871
63.100000	 -78.445141
63.150000	 -78.445410
63.200000	 -78.445679
63.250000	 -78.445947
63.300000	 -78.446215
63.350000	 -78.446481
63.400000	 -78.446748
63.450000	 -78.447013
63.500000	 -78.447279
63.550000	 -78.447543
63.600000	 -78.447807
63.650000	 -78.448070
63.700000	 -78.448333
63.750000	 -78.448595
63.800000	 -78.448856
63.850000	 -78.449117
63.900000	 -78.449378
63.950000	 -78.449637
64.000000	 -78.449896
64.050000	 -78.450155
64.100000	 -78.450413
64.150000	 -78.450670
64.200000	 -78.450927
64.250000	 -78.451183
64.300000	 -78.451438
64.350000	 -78.451693
64.400000	 -78.451947
64.450000	 -78.452201
64.500000	 -78.452454
64.550000	 -78.452706
64.600000	 -78.452958
64.650000	 -78.453210
64.700000	 -78.453460
64.750000	 -78.453710
64.800000	 -78.453960
64.850000	 -78.454209
64.900000	 -78.454457
64.950000	 -78.454705
65.000000	 -78.454952
65.050000	 -78.455198
65.100000	 -78.455444
65.150000	 -78.455690
65.200000	 -78.455934
65.250000	 -78.456179
65.300000	 -78.456422
65.350000	 -78.456665
65.400000	 -78.456908
65.450000	 -78.457149
65.500000	 -78.457391
65.550000	 -78.457631
65.600000	 -78.457871
65.650000	 -78.458111
65.700000	 -78.458349
65.750000	 -78.458588
65.800000	 -78.458825
65.850000	 -78.459062
65.900000	 -78.459299
65.950000	 -78.459535
66.000000	 -78.459770
66.050000	 -78.460005
66.100000	 -78.460239
66.150000	 -78.460473
66.200000	 -78.460706
66.250000	 -78.460938
66.300000	 -78.461170
66.350000	 -78.461401
66.400000	 -78.461632
66.450000	 -78.461862
66.500000	 -78.462091
66.550000	 -78.462320
66.600000	 -78.462549
66.650000	 -78.462776
66.700000	 -78.463004
66.750000	 -78.463230
66.800000	 -78.463456
66.850000	 -78.463682
66.900000	 -78.463907
66.950000	 -78.464131
67.000000	 -78.464355
67.050000	 -78.464578
67.100000	 -78.464800
67.150000	 -78.465022
67.200000	 -78.465244
67.250000	 -78.465464
67.300000	 -78.465685
67.350000	 -78.465904
67.400000	 -78.466124
67.450000	 -78.466342
67.500000	 -78.466560
67.550000	 -78.466778
67.600000	 -78.466994
67.650000	 -78.467211
67.700000	 -78.467426
67.750000	 -78.467641
67.800000	 -78.467856
67.850000	 -78.468070
67.900000	 -78.468283
67.950000	 -78.468496
68.000000	 -78.468709
68.050000	 -78.468920
68.100000	 -78.469131
68.150000	 -78.469342
68.200000	 -78.469552
68.250000	 -78.469762
68.300000	 -78.469970
68.350000	 -78.470179
68.400000	 -78.470387
68.450000	 -78.470594
68.500000	 -78.470800
68.550000	 -78.471007
68.600000	 -78.471212
68.650000	 -78.471417
68.700000	 -78.471621
68.750000	 -78.471825
68.800000	 -78.472029
68.850000	 -78.472231
68.900000	 -78.472434
68.950000	 -78.472635
69.000000	 -78.472836
69.050000	 -78.473037
69.100000	 -78.473237
69.150000	 -78.473436
69.200000	 -78.473635
69.250000	 -78.473833
69.300000	 -78.474031
69.350000	 -78.474228
69.400000	 -78.474425
69.450000	 -78.474621
69.500000	 -78.474817
69.550000	 -78.475012
69.600000	 -78.475206
69.650000	 -78.475400
69.700000	 -78.475593
69.750000	 -78.475786
69.800000	 -78.475978
69.850000	 -78.476170
69.900000	 -78.476361
69.950000	 -78.476552
70.000000	 -78.476742
70.050000	 -78.476931
70.100000	 -78.477120
70.150000	 -78.477309
70.200000	 -78.477497
70.250000	 -78.477684
70.300000	 -78.477871
70.350000	 -78.478057
70.400000	 -78.478243
70.450000	 -78.478428
70.500000	 -78.478613
70.550000	 -78.478797
70.600000	 -78.478980
70.650000	 -78.479163
70.700000	 -78.479346
70.750000	 -78.479528
70.800000	 -78.479709
70.850000	 -78.479890
70.900000	 -78.480070
70.950000	 -78.480250
71.000000	 -78.480429
71.050000	 -78.480608
71.100000	 -78.480786
71.150000	 -78.480964
71.200000	 -78.481141
71.250000	 -78.481318
71.300000	 -78.481494
71.350000	 -78.481669
71.400000	 -78.481845
71.450000	 -78.482019
71.500000	 -78.482193
71.550000	 -78.482366
71.600000	 -78.482539
71.650000	 -78.482712
71.700000	 -78.482884
71.750000	 -78.483055
71.800000	 -78.483226
71.850000	 -78.483396
71.900000	 -78.483566
71.950000	 -78.483735
72.000000	 -78.483904
72.050000	 -78.484072
72.100000	 -78.484240
72.150000	 -78.484407
72.200000	 -78.484574
72.250000	 -78.484740
72.300000	 -78.484905
72.350000	 -78.485070
72.400000	 -78.485235
72.450000	 -78.485399
72.500000	 -78.485563
72.550000	 -78.485726
72.600000	 -78.485888
72.650000	 -78.486050
72.700000	 -78.486212
72.750000	 -78.486373
72.800000	 -78.486533
72.850000	 -78.486693
72.900000	 -78.486852
72.950000	 -78.487011
73.000000	 -78.487170
73.050000	 -78.487328
73.100000	 -78.487485
73.150000	 -78.487642
73.200000	 -78.487798
73.250000	 -78.487954
73.300000	 -78.488110
73.350000	 -78.488265
73.400000	 -78.488419
73.450000	 -78.488573
73.500000	 -78.488726
73.550000	 -78.488879
73.600000	 -78.489031
73.650000	 -78.489183
73.700000	 -78.489334
73.750000	 -78.489485
73.800000	 -78.489636
73.850000	 -78.489786
73.900000	 -78.489935
73.950000	 -78.490084
74.000000	 -78.490232
74.050000	 -78.490380
74.100000	 -78.490527
74.150000	 -78.490674
74.200000	 -78.490821
74.250000	 -78.490966
74.300000	 -78.491112
74.350000	 -78.491257
74.400000	 -78.491401
74.450000	 -78.491545
74.500000	 -78.491689
74.550000	 -78.491831
74.600000	 -78.491974
74.650000	 -78.492116
74.700000	 -78.492257
74.750000	 -78.492398
74.800000	 -78.492539
74.850000	 -78.492679
74.900000	 -78.492818
74.950000	 -78.492957
75.000000	 -78.493096
75.050000	 -78.493234
75.100000	 -78.493372
75.150000	 -78.493509
75.200000	 -78.493645
75.250000	 -78.493781
75.300000	 -78.493917
75.350000	 -78.494052
75.400000	 -78.494187
75.450000	 -78.494321
75.500000	 -78.494455
75.550000	 -78.494588
75.600000	 -78.494721
75.650000	 -78.494853
75.700000	 -78.494985
75.750000	 -78.495117
75.800000	 -78.495247
75.850000	 -78.495378
75.900000	 -78.495508
75.950000	 -78.495637
76.000000	 -78.495766
76.050000	 -78.495895
76.100000	 -78.496023
76.150000	 -78.496151
76.200000	 -78.496278
76.250000	 -78.496404
76.300000	 -78.496531
76.350000	 -78.496656
76.400000	 -78.496782
76.450000	 -78.496906
76.500000	 -78.497031
76.550000	 -78.497155
76.600000	 -78.497278
76.650000	 -78.497401
76.700000	 -78.497523
76.750000	 -78.497645
76.800000	 -78.497767
76.850000	 -78.497888
76.900000	 -78.498009
76.950000	 -78.498129
77.000000	 -78.498249
77.050000	 -78.498368
77.100000	 -78.498487
77.150000	 -78.498605
77.200000	 -78.498723
77.250000	 -78.498840
77.300000	 -78.498957
77.350000	 -78.499074
77.400000	 -78.499190
77.450000	 -78.499306
77.500000	 -78.499421
77.550000	 -78.499536
77.600000	 -78.499650
77.650000	 -78.499764
77.700000	 -78.499877
77.750000	 -78.499990
77.800000	 -78.500103
77.850000	 -78.500215
77.900000	 -78.500326
77.950000	 -78.500438
78.000000	 -78.500548
78.050000	 -78.500659
78.100000	 -78.500768
78.150000	 -78.500878
78.200000	 -78.500987
78.250000	 -78.501095
78.300000	 -78.501203
78.350000	 -78.501311
78.400000	 -78.501418
78.450000	 -78.501525
78.500000	 -78.501631
78.550000	 -78.501737
78.600000	 -78.501843
78.650000	 -78.501948
78.700000	 -78.502052
78.750000	 -78.502156
78.800000	 -78.502260
78.850000	 -78.502363
78.900000	 -78.502466
78.950000	 -78.502568
79.000000	 -78.502670
79.050000	 -78.502772
79.100000	 -78.502873
79.150000	 -78.502974
79.200000	 -78.503074
79.250000	 -78.503174
79.300000	 -78.503273
79.350000	 -78.503372
79.400000	 -78.503471
79.450000	 -78.503569
79.500000	 -78.503667
79.550000	 -78.503764
79.600000	 -78.503861
79.650000	 -78.503957
79.700000	 -78.504053
79.750000	 -78.504149
79.800000	 -78.504244
79.850000	 -78.504339
79.900000	 -78.504433
79.950000	 -78.504527
80.000000	 -78.504621
80.050000	 -78.504714
80.100000	 -78.504807
80.150000	 -78.504899
80.200000	 -78.504991
80.250000	 -78.505082
80.300000	 -78.505173
80.350000	 -78.505264
80.400000	 -78.505354
80.450000	 -78.505444
80.500000	 -78.505533
80.550000	 -78.505622
80.600000	 -78.505711
80.650000	 -78.505799
80.700000	 -78.505887
80.750000	 -78.505974
80.800000	 -78.506061
80.850000	 -78.506148
80.900000	 -78.506234
80.950000	 -78.506319
81.000000	 -78.506405
81.050000	 -78.506490
81.100000	 -78.506574
81.150000	 -78.506658
81.200000	 -78.506742
81.250000	 -78.506825
81.300000	 -78.506908
81.350000	 -78.506991
81.400000	 -78.507073
81.450000	 -78.507155
81.500000	 -78.507236
81.550000	 -78.507317
81.600000	 -78.507398
81.650000	 -78.507478
81.700000	 -78.507558
81.750000	 -78.507637
81.800000	 -78.507716
81.850000	 -78.507795
81.900000	 -78.507873
81.950000	 -78.507951
82.000000	 -78.508028
82.050000	 -78.508105
82.100000	 -78.508182
82.150000	 -78.508258
82.200000	 -78.508334
82.250000	 -78.508409
82.300000	 -78.508484
82.350000	 -78.508559
82.400000	 -78.508633
82.450000	 -78.508707
82.500000	 -78.508781
82.550000	 -78.508854
82.600000	 -78.508927
82.650000	 -78.508999
82.700000	 -78.509071
82.750000	 -78.509143
82.800000	 -78.509214
82.850000	 -78.509285
82.900000	 -78.509356
82.950000	 -78.509426
83.000000	 -78.509496
83.050000	 -78.509565
83.100000	 -78.509634
83.150000	 -78.509703
83.200000	 -78.509771
83.250000	 -78.509839
83.300000	 -78.509907
83.350000	 -78.509974
83.400000	 -78.510041
83.450000	 -78.510107
83.500000	 -78.510173
83.550000	 -78.510239
83.600000	 -78.510304
83.650000	 -78.510369
83.700000	 -78.510434
83.750000	 -78.510498
83.800000	 -78.510562
83.850000	 -78.510626
83.900000	 -78.510689
83.950000	 -78.510752
84.000000	 -78.510814
84.050000	 -78.510876
84.100000	 -78.510938
84.150000	 -78.510999
84.200000	 -78.511060
84.250000	 -78.511121
84.300000	 -78.511181
84.350000	 -78.511241
84.400000	 -78.511301
84.450000	 -78.511360
84.500000	 -78.511419
84.550000	 -78.511477
84.600000	 -78.511535
84.650000	 -78.511593
84.700000	 -78.511651
84.750000	 -78.511708
84.800000	 -78.511764
84.850000	 -78.511821
84.900000	 -78.511877
84.950000	 -78.511933
85.000000	 -78.511988
85.050000	 -78.512043
85.100000	 -78.512098
85.150000	 -78.512152
85.200000	 -78.512206
85.250000	 -78.512260
85.300000	 -78.512313
85.350000	 -78.512366
85.400000	 -78.512418
85.450000	 -78.512471
85.500000	 -78.512523
85.550000	 -78.512574
85.600000	 -78.512625
85.650000	 -78.512676
85.700000	 -78.512727
85.750000	 -78.512777
85.800000	 -78.512827
85.850000	 -78.512877
85.900000	 -78.512926
85.950000	 -78.512975
86.000000	 -78.513023
86.050000	 -78.513072
86.100000	 -78.513119
86.150000	 -78.513167
86.200000	 -78.513214
86.250000	 -78.513261
86.300000	 -78.513308
86.350000	 -78.513354
86.400000	 -78.513400
86.450000	 -78.513445
86.500000	 -78.513491
86.550000	 -78.513536
86.600000	 -78.513580
86.650000	 -78.513624
86.700000	 -78.513668
86.750000	 -78.513712
86.800000	 -78.513755
86.850000	 -78.513798
86.900000	 -78.513841
86.950000	 -78.513883
87.000000	 -78.513925
87.050000	 -78.513967
87.100000	 -78.514008
87.150000	 -78.514050
87.200000	 -78.514090
87.250000	 -78.514131
87.300000	 -78.514171
87.350000	 -78.514211
87.400000	 -78.514250
87.450000	 -78.514289
87.500000	 -78.514328
87.550000	 -78.514367
87.600000	 -78.514405
87.650000	 -78.514443
87.700000	 -78.514480
87.750000	 -78.514518
87.800000	 -78.514555
87.850000	 -78.514591
87.900000	 -78.514628
87.950000	 -78.514664
88.000000	 -78.514700
88.050000	 -78.514735
88.100000	 -78.514770
88.150000	 -78.514805
88.200000	 -78.514840
88.250000	 -78.514874
88.300000	 -78.514908
88.350000	 -78.514942
88.400000	 -78.514975
88.450000	 -78.515008
88.500000	 -78.515041
88.550000	 -78.515073
88.600000	 -78.515105
88.650000	 -78.515137
88.700000	 -78.515169
88.750000	 -78.515200
88.800000	 -78.515231
88.850000	 -78.515261
88.900000	 -78.515292
88.950000	 -78.515322
89.000000	 -78.515352
89.050000	 -78.515381
89.100000	 -78.515410
89.150000	 -78.515439
89.200000	 -78.515468
89.250000	 -78.515496
89.300000	 -78.515524
89.350000	 -78.515552
89.400000	 -78.515579
89.450000	 -78.515607
89.500000	 -78.515633
89.550000	 -78.515660
89.600000	 -78.515686
89.650000	 -78.515712
89.700000	 -78.515738
89.750000	 -78.515764
89.800000	 -78.515789
89.850000	 -78.515814
89.900000	 -78.515838
89.950000	 -78.515863
90.000000	 -78.515887
90.050000	 -78.515910
90.100000	 -78.515934
90.150000	 -78.515957
90.200000	 -78.515980
90.250000	 -78.516003
90.300000	 -78.516025
90.350000	 -78.516047
90.400000	 -78.516069
90.450000	 -78.516091
90.500000	 -78.516112
90.550000	 -78.516133
90.600000	 -78.516154
90.650000	 -78.516174
90.700000	 -78.516194
90.750000	 -78.516214
90.800000	 -78.516234
90.850000	 -78.516253
90.900000	 -78.516272
90.950000	 -78.516291
91.000000	 -78.516310
91.050000	 -78.516328
91.100000	 -78.516346
91.150000	 -78.516364
91.200000	 -78.516381
91.250000	 -78.516399
91.300000	 -78.516416
91.350000	 -78.516432
91.400000	 -78.516449
91.450000	 -78.516465
91.500000	 -78.516481
91.550000	 -78.516497
91.600000	 -78.516512
91.650000	 -78.516527
91.700000	 -78.516542
91.750000	 -78.516557
91.800000	 -78.516571
91.850000	 -78.516586
91.900000	 -78.516599
91.950000	 -78.516613
92.000000	 -78.516626
92.050000	 -78.516640
92.100000	 -78.516652
92.150000	 -78.516665
92.200000	 -78.516677
92.250000	 -78.516690
92.300000	 -78.516701
92.350000	 -78.516713
92.400000	 -78.516724
92.450000	 -78.516736
92.500000	 -78.516746
92.550000	 -78.516757
92.600000	 -78.516767
92.650000	 -78.516778
92.700000	 -78.516787
92.750000	 -78.516797
92.800000	 -78.516807
92.850000	 -78.516816
92.900000	 -78.516825
92.950000	 -78.516833
93.000000	 -78.516842
93.050000	 -78.516850
93.100000	 -78.516858
93.150000	 -78.516866
93.200000	 -78.516873
93.250000	 -78.516880
93.300000	 -78.516887
93.350000	 -78.516894
93.400000	 -78.516901
93.450000	 -78.516907
93.500000	 -78.516913
93.550000	 -78.516919
93.600000	 -78.516924
93.650000	 -78.516930
93.700000	 -78.516935
93.750000	 -78.516940
93.800000	 -78.516944
93.850000	 -78.516949
93.900000	 -78.516953
93.950000	 -78.516957
94.000000	 -78.516961
94.050000	 -78.516964
94.100000	 -78.516967
94.150000	 -78.516970
94.200000	 -78.516973
94.250000	 -78.516976
94.300000	 -78.516978
94.350000	 -78.516980
94.400000	 -78.516982
94.450000	 -78.516984
94.500000	 -78.516985
94.550000	 -78.516987
94.600000	 -78.516988
94.650000	 -78.516989
94.700000	 -78.516989
94.750000	 -78.516990
94.800000	 -78.516990
94.850000	 -78.516990
94.900000	 -78.516989
94.950000	 -78.516989
95.000000	 -78.516988
95.050000	 -78.516987
95.100000	 -78.516986
95.150000	 -78.516985
95.200000	 -78.516983
95.250000	 -78.516981
95.300000	 -78.516979
95.350000	 -78.516977
95.400000	 -78.516975
95.450000	 -78.516972
95.500000	 -78.516969
95.550000	 -78.516966
95.600000	 -78.516963
95.650000	 -78.516959
95.700000	 -78.516956
95.750000	 -78.516952
95.800000	 -78.516948
95.850000	 -78.516943
95.900000	 -78.516939
95.950000	 -78.516934
96.000000	 -78.516929
96.050000	 -78.516924
96.100000	 -78.516919
96.150000	 -78.516913
96.200000	 -78.516907
96.250000	 -78.516901
96.300000	 -78.516895
96.350000	 -78.516889
96.400000	 -78.516882
96.450000	 -78.516876
96.500000	 -78.516869
96.550000	 -78.516861
96.600000	 -78.516854
96.650000	 -78.516847
96.700000	 -78.516839
96.750000	 -78.516831
96.800000	 -78.516823
96.850000	 -78.516814
96.900000	 -78.516806
96.950000	 -78.516797
97.000000	 -78.516788
97.050000	 -78.516779
97.100000	 -78.516770
97.150000	 -78.516760
97.200000	 -78.516751
97.250000	 -78.516741
97.300000	 -78.516731
97.350000	 -78.516721
97.400000	 -78.516710
97.450000	 -78.516700
97.500000	 -78.516689
97.550000	 -78.516678
97.600000	 -78.516667
97.650000	 -78.516655
97.700000	 -78.516644
97.750000	 -78.516632
97.800000	 -78.516620
97.850000	 -78.516608
97.900000	 -78.516596
97.950000	 -78.516583
98.000000	 -78.516570
98.050000	 -78.516558
98.100000	 -78.516545
98.150000	 -78.516531
98.200000	 -78.516518
98.250000	 -78.516504
98.300000	 -78.516491
98.350000	 -78.516477
98.400000	 -78.516463
98.450000	 -78.516448
98.500000	 -78.516434
98.550000	 -78.516419
98.600000	 -78.516405
98.650000	 -78.516390
98.700000	 -78.516374
98.750000	 -78.516359
98.800000	 -78.516344
98.850000	 -78.516328
98.900000	 -78.516312
98.950000	 -78.516296
99.000000	 -78.516280
99.050000	 -78.516264
99.100000	 -78.516247
99.150000	 -78.516230
99.200000	 -78.516214
99.250000	 -78.516197
99.300000	 -78.516179
99.350000	 -78.516162
99.400000	 -78.516145
99.450000	 -78.516127
99.500000	 -78.516109
99.550000	 -78.516091
99.600000	 -78.516073
99.650000	 -78.516054
99.700000	 -78.516036
99.750000	 -78.516017
99.800000	 -78.515998
99.850000	 -78.515979
99.900000	 -78.515960
99.950000	 -78.515941
100.000000	 -78.515921
